agent: texplore
env: asterix
Feature Selection: 2
Environment is episodic.
set statesPerDim to 0 for all dim
feature 0 has range 30
feature 1 has range 30
reward range: 1020
Parallel ETUCT tracking real state values
Planner using history size: 0
Start model learning thread
start parallel uct planning search thread
Created MultClass 0 with nModels: 5
Created C4.5 decision tree 0 with == and > splits
Created C4.5 decision tree 6 with == and > splits
Created C4.5 decision tree 12 with == and > splits
Created C4.5 decision tree 18 with == and > splits
Created C4.5 decision tree 24 with == and > splits
Created MultClass 2 with nModels: 5
Created C4.5 decision tree 2 with == and > splits
Created C4.5 decision tree 8 with == and > splits
Created C4.5 decision tree 14 with == and > splits
Created C4.5 decision tree 20 with == and > splits
Created C4.5 decision tree 26 with == and > splits
Created MultClass 3 with nModels: 5
Created C4.5 decision tree 3 with == and > splits
Created C4.5 decision tree 9 with == and > splits
Created C4.5 decision tree 15 with == and > splits
Created C4.5 decision tree 21 with == and > splits
Created C4.5 decision tree 27 with == and > splits
Created MultClass 1 with nModels: 5
Created C4.5 decision tree 1 with == and > splits
Created C4.5 decision tree 7 with == and > splits
Created C4.5 decision tree 13 with == and > splits
Created C4.5 decision tree 19 with == and > splits
Created C4.5 decision tree 25 with == and > splits
-995
-994
-977
-996
-943
-995
-991
-994
-994
-996
-994
-995
-994
-995
-996
-994
-994
-994
-995
-996
-995
-995
-995
-995
-996
-996
-986
-987
-977
-995
-987
-959
-933
-996
-962
-987
-989
-932
-956
-995
-988
-997
-995
-997
-995
-975
-989
-988
-989
-989
-986
-972
-994
-990
-996
-990
-990
-990
-963
-959
-987
-992
-995
-918
-995
-995
-995
-995
-995
-995
-995
-995
-995
-995
-995
-995
-947
-995
-989
-995
-992
-995
-989
-995
-986
-989
-983
-971
-989
-989
-993
-989
-989
-989
-993
-890
-959
-997
-991
-973
-985
-991
-989
-997
-985
-991
-985
-991
-966
-990
201
201
-985
-985
-971
-874
-988
-970
-956
-984
-995
-958
-986
-970
-986
-958
-982
-996
-931
-970
-996
-976
-861
-996
-819
-987
201
201
-834
201
-932
-946
-932
-904
-988
201
-946
-991
-932
-932
-932
-835
-862
-991
-976
-991
-990
-991
-990
-991
-990
-991
-976
-991
-992
-991
-990
-991
-990
-991
-990
-991
-990
201
201
-889
-945
-907
-889
-945
-973
201
-994
-983
-932
-994
201
-808
-992
-982
201
-993
201
-976
-994
-994
-996
201
-891
201
-981
201
-842
-968
-996
-996
-996
-996
201
-992
-988
-988
-993
-988
-875
-848
-988
-960
-988
-960
-864
201
201
-995
-994
-991
-987
-890
-991
201
-991
-991
-991
-991
-991
-991
-991
-991
-991
-991
-991
-991
-991
-991
-991
-991
-991
-991
-991
-991
-918
201
201
201
-886
201
-903
201
201
201
-837
-863
-977
-977
-977
-977
-977
-977
-977
-977
-977
-977
-809
-987
-942
201
201
201
201
-993
-993
201
-993
-993
-993
-993
-993
-994
-993
-993
-993
-993
-993
-993
-993
-878
-962
-935
-907
-935
-864
201
201
201
201
201
201
201
201
201
201
201
201
201
201
-847
-986
201
201
201
201
201
201
-806
-905
-900
-994
-806
201
201
-937
201
-966
-994
201
-994
201
-994
-994
-994
201
201
201
-841
-978
-995
201
-995
-852
-995
-995
201
-971
-943
201
201
201
201
201
-806
-978
-971
201
201
-985
-985
201
-996
-985
-943
-985
-995
-971
-954
-954
-996
-996
-982
-995
-995
-971
201
201
201
201
201
-983
201
201
-807
-919
-918
201
-919
-919
-919
-919
201
-919
-919
-919
201
201
201
201
201
-806
201
-834
201
-918
201
201
-985
-862
-890
-890
-862
-890
201
201
201
-904
-876
-932
-932
-904
-932
-932
-904
-932
-932
-932
-988
-932
-904
-932
201
-904
201
-876
201
201
201
201
201
-849
-983
-955
-989
-983
-975
-989
-989
-989
-989
-989
-989
-983
-989
-983
-989
-989
-989
-989
-989
-989
-989
-989
-989
-989
-989
-989
-989
-989
-989
-989
-989
-989
-989
-989
-989
-989
-989
-989
-989
-989
-989
-989
-989
-989
-989
-989
-989
-989
-989
-989
-989
-989
-989
-989
-989
-989
-989
-989
-989
-989
-989
-989
-989
-989
-989
-989
-989
-989
-989
-989
-989
-989
-989
-989
-989
-989
-989
-983
-989
-989
-989
-989
-989
-989
-989
-989
-989
-989
-989
-989
-989
-989
-989
-989
-989
-989
-989
-989
-989
-989
-989
-989
-989
-989
-989
-989
-989
-989
-989
-989
-989
-989
-989
-989
-989
-989
-989
-989
-989
-989
-989
-989
-989
-989
-989
-989
-989
-989
-989
-989
-989
-989
-989
-989
-989
-989
-989
-989
-961
201
-983
-969
-983
-983
-969
-983
201
-969
-983
-983
-983
-975
-983
-983
-983
-989
-989
-989
-989
-989
-989
-989
-983
-989
-989
-989
-989
-989
-989
-989
-989
-989
-989
-989
-983
-983
-983
-983
-983
-989
-989
-983
-983
-983
-983
-983
-989
-989
-989
-989
-989
-989
-989
-989
-989
-989
-989
-989
-989
-989
-989
-989
-989
-989
-989
-989
-983
-989
-989
-989
-989
-989
-983
-983
-983
-989
-983
-989
-983
-989
-989
-989
-989
-989
-989
-989
-989
-989
-989
-989
-885
-955
-969
-969
-941
201
-941
-913
-969
-969
-969
-941
-913
-969
-941
-969
201
-969
-927
-969
-969
-969
-969
-969
-969
-969
-983
-969
-969
-969
-969
201
-913
201
201
201
201
201
201
201
-835
-994
201
201
201
-868
-994
-994
-994
-980
-994
201
201
201
-915
-969
-955
-957
201
-943
-969
201
201
-803
-991
-991
-991
-983
-991
-983
-941
-983
-983
-969
-915
-983
-985
-983
-985
-983
-985
-969
-985
-983
-863
201
201
201
201
201
201
201
201
201
-981
201
-827
201
-883
201
201
-967
-981
201
-981
-914
201
-970
-970
-984
-942
-984
-984
-816
-984
-984
-984
-984
-984
201
-984
-984
-970
-984
-984
-984
-984
-984
-984
-970
-984
-984
-984
-984
-984
-984
-984
201
-984
-984
-970
-984
-984
-984
-984
-984
201
201
201
201
201
201
201
201
201
201
201
201
201
201
-947
201
-919
201
-919
201
201
201
201
201
201
201
201
201
201
-917
-836
201
201
201
201
201
201
201
201
201
201
201
201
201
201
-984
-970
201
201
-914
-970
-956
-956
-984
-984
-956
-914
-984
-984
-984
-928
-844
-984
-858
201
-942
-956
-984
-942
-984
-984
-970
-984
-984
-984
201
201
-834
-802
-974
201
-970
201
201
-970
201
201
-919
201
-921
-977
-963
-865
-977
-977
-977
-963
-977
-977
-977
-977
-977
-977
-977
-977
-977
-977
-977
-977
-977
-977
-977
-977
-977
-977
-977
-977
-977
-977
-977
-977
-977
-977
-977
-977
-977
-977
-977
-977
-977
-920
-978
201
-992
201
-964
201
-992
201
201
-992
201
-964
201
201
201
201
201
201
201
201
-891
-961
-975
-969
-989
-983
201
201
-941
-983
-983
-969
-975
-975
-983
-807
201
201
201
201
201
201
201
201
201
201
