agent: texplore
env: asterix
Feature Selection: 2
Environment is episodic.
set statesPerDim to 0 for all dim
feature 0 has range 30
feature 1 has range 30
reward range: 1020
Parallel ETUCT tracking real state values
Planner using history size: 0
Start model learning thread
start parallel uct planning search thread
Created MultClass 0 with nModels: 5
Created C4.5 decision tree 0 with == and > splits
Created C4.5 decision tree 6 with == and > splits
Created C4.5 decision tree 12 with == and > splits
Created C4.5 decision tree 18 with == and > splits
Created C4.5 decision tree 24 with == and > splits
Created MultClass 2 with nModels: 5
Created C4.5 decision tree 2 with == and > splits
Created C4.5 decision tree 8 with == and > splits
Created C4.5 decision tree 14 with == and > splits
Created C4.5 decision tree 20 with == and > splits
Created C4.5 decision tree 26 with == and > splits
Created MultClass 3 with nModels: 5
Created C4.5 decision tree 3 with == and > splits
Created C4.5 decision tree 9 with == and > splits
Created C4.5 decision tree 15 with == and > splits
Created C4.5 decision tree 21 with == and > splits
Created C4.5 decision tree 27 with == and > splits
Created MultClass 1 with nModels: 5
Created C4.5 decision tree 1 with == and > splits
Created C4.5 decision tree 7 with == and > splits
Created C4.5 decision tree 13 with == and > splits
Created C4.5 decision tree 19 with == and > splits
Created C4.5 decision tree 25 with == and > splits
-996
-993
-990
-996
-995
-997
-997
-997
-996
-994
-994
-994
-995
-994
-992
-994
-995
-992
-995
-991
-987
-987
-997
-997
-997
-997
-997
-988
-988
-989
-996
-997
-990
-990
-989
-989
-995
-988
-994
-989
-989
-994
-988
-988
-994
-994
-994
-996
-996
-987
-994
-995
-995
-995
-995
-994
-988
-991
-988
-986
-991
-991
-995
-981
-971
-992
-989
-970
-984
-988
-989
-987
-988
-987
-987
-913
-996
-995
-995
-991
-956
-995
-962
-991
-981
-947
-954
-960
-970
-946
-976
-807
-996
-962
-962
-920
-940
-982
-995
-892
-920
201
-983
-979
-992
-965
-983
-994
201
-923
-967
201
201
-981
-926
-989
-989
-949
-949
-872
-950
-992
201
-876
-988
-988
-960
-983
-954
-982
-982
-882
-994
-994
-965
-993
-992
-984
-981
-984
-984
201
-962
-995
-894
-943
-985
-985
-856
-921
201
201
201
201
201
201
201
-837
201
201
-836
-866
-884
201
-988
201
201
201
201
201
201
-956
-988
-988
-988
-918
-929
-985
-985
-985
-985
-985
-985
-996
-968
-996
-996
-996
-996
-996
-996
-996
-982
-937
-993
201
201
-995
201
-968
-865
-921
-888
-986
-932
201
201
201
201
201
201
201
-988
-927
-994
-983
-983
201
-929
-869
-953
-993
-956
-984
-984
-984
201
-995
-995
-992
-992
-992
-992
-992
-896
-964
-978
201
201
-860
-972
-806
-918
-995
-943
-994
-979
-985
-965
-824
-992
-994
-994
-994
-994
-994
-994
-994
-994
-994
-994
-994
-994
-994
-994
-994
-994
-994
-994
-994
-992
-970
-981
-970
201
-827
-965
-965
201
201
201
-982
-992
201
201
201
-848
-932
-960
-988
-988
-991
-909
201
201
201
-975
201
201
201
201
201
201
201
201
201
201
-994
-802
201
201
-992
201
201
201
-988
-988
-960
-978
-988
201
201
201
201
201
201
-912
-996
-982
-996
-996
-996
-913
-810
-992
-992
-992
-992
-992
-992
-994
201
201
201
201
-990
201
-909
-991
-978
-991
-990
201
-984
-956
-984
-984
-970
-984
-984
-984
-984
201
201
201
201
201
201
201
201
201
201
201
201
201
201
201
-869
-967
-981
-981
201
-995
-953
201
-890
-931
201
201
201
201
201
201
-811
-907
-922
-922
-978
-977
201
201
201
201
-890
201
201
-890
201
-933
-989
-989
-961
-989
-947
-947
-973
201
201
201
201
201
201
201
-862
201
201
201
201
201
201
201
201
201
201
201
201
201
201
201
201
201
201
201
201
201
201
201
201
201
201
201
201
201
201
201
201
201
201
201
201
201
201
201
201
201
201
201
201
201
201
201
201
201
201
201
201
201
201
201
201
201
201
201
201
201
201
201
201
201
201
201
201
201
201
201
201
201
201
201
201
201
201
201
201
201
201
201
201
201
201
201
201
201
201
201
201
201
201
201
201
201
201
201
201
201
201
201
201
201
201
201
201
201
201
201
201
201
201
201
201
201
201
201
201
201
201
201
201
201
201
201
201
201
201
201
201
201
201
201
201
201
201
201
201
201
201
201
201
201
201
-834
-946
-946
-834
-974
-974
-974
-974
-974
201
201
201
201
201
201
201
201
201
201
-975
201
201
201
-978
201
-950
201
201
-995
-995
-995
-995
-995
-995
-995
-995
-995
-995
-995
-995
-995
-995
-995
-995
-995
-995
-995
-995
-995
-995
-995
-995
-995
-995
-995
-995
-995
-995
-995
-995
-995
-995
-995
-995
-995
-995
-995
-995
-995
-995
-995
-995
-995
-995
-995
-995
-995
-995
-995
-995
-995
-995
-995
-995
-995
-995
-995
-995
-995
-995
-995
-995
-995
-995
-995
-995
-995
-995
-995
-995
-995
-992
201
201
201
201
201
201
201
201
201
201
201
201
201
201
201
201
201
-927
201
201
201
201
-996
201
-996
201
-996
201
201
201
201
201
201
201
201
201
201
201
201
-862
201
201
201
201
201
201
201
201
201
201
201
201
201
201
201
201
201
201
201
201
-975
201
201
201
201
201
201
201
201
-905
201
201
201
201
201
201
201
201
201
201
201
201
201
201
201
201
201
201
201
201
201
201
201
201
201
201
201
201
201
201
201
201
201
201
201
201
-978
201
201
201
201
201
201
201
201
201
201
201
-989
201
201
201
201
201
-989
201
-985
201
201
201
201
201
201
-915
-943
-834
-990
-834
-990
-976
-990
201
201
-890
-990
-990
-990
-990
-990
-990
-990
-990
-990
-990
-990
201
201
-989
201
-989
201
-989
201
-989
201
-990
-989
201
201
201
201
201
201
201
201
201
201
201
201
201
201
-990
-995
-995
-995
-995
-995
-995
201
-990
-995
-995
-995
-995
-995
-995
-995
-995
-990
-995
-990
-995
-995
-962
-995
-995
-995
-990
-995
-990
-995
201
201
201
201
-864
-920
201
-990
-990
-990
-990
201
201
201
201
201
201
201
201
201
201
201
201
201
201
201
-992
201
201
201
201
201
201
201
201
201
201
201
201
201
201
201
201
201
201
201
201
201
201
201
201
201
201
201
201
-989
201
-975
201
201
-947
201
-975
201
201
201
201
201
201
201
201
201
201
201
-808
-990
-990
-948
-975
-990
-885
-976
-990
-850
-990
-990
-948
-990
-990
-990
-990
-990
-990
-962
-990
-990
-990
-990
-990
-990
-990
-990
-990
-990
-990
-990
-990
-990
-990
-990
-990
-990
-990
-990
-990
-990
-990
