agent: texplore
env: asterix
Feature Selection: 2
Environment is episodic.
set statesPerDim to 0 for all dim
feature 0 has range 30
feature 1 has range 30
reward range: 1020
Parallel ETUCT tracking real state values
Planner using history size: 0
Start model learning thread
start parallel uct planning search thread
Created MultClass 0 with nModels: 5
Created C4.5 decision tree 0 with == and > splits
Created C4.5 decision tree 6 with == and > splits
Created C4.5 decision tree 12 with == and > splits
Created C4.5 decision tree 18 with == and > splits
Created C4.5 decision tree 24 with == and > splits
Created MultClass 2 with nModels: 5
Created C4.5 decision tree 2 with == and > splits
Created C4.5 decision tree 8 with == and > splits
Created C4.5 decision tree 14 with == and > splits
Created C4.5 decision tree 20 with == and > splits
Created C4.5 decision tree 26 with == and > splits
Created MultClass 3 with nModels: 5
Created C4.5 decision tree 3 with == and > splits
Created C4.5 decision tree 9 with == and > splits
Created C4.5 decision tree 15 with == and > splits
-996
Created C4.5 decision tree 21 with == and > splits
Created C4.5 decision tree 27 with == and > splits
Created MultClass 1 with nModels: 5
Created C4.5 decision tree 1 with == and > splits
Created C4.5 decision tree 7 with == and > splits
Created C4.5 decision tree 13 with == and > splits
Created C4.5 decision tree 19 with == and > splits
Created C4.5 decision tree 25 with == and > splits
-995
-994
-991
-994
-996
-994
-995
-994
-995
-997
-996
-983
-996
-994
-996
-995
-994
-994
-994
-994
-994
-994
-995
-991
-991
-995
-991
-994
-994
-979
-994
-959
-917
-992
-995
-995
-991
-946
-961
-918
-964
-990
-990
-990
-992
-990
-992
-988
-990
-987
-990
-987
-996
-990
-992
-971
-994
-988
-989
-993
-989
-994
-989
-973
-993
-980
-970
-973
-991
-962
-991
-991
-996
-945
-991
-982
-989
-889
-976
-973
-930
-987
-959
-993
-993
-990
-990
-977
-991
-981
-991
-991
-994
-981
-981
-981
-953
-990
-872
-985
-976
-957
-989
-985
-985
-976
-985
-974
-976
-955
-996
-989
-918
-996
-989
-981
-990
-997
-985
-997
-971
-983
-984
-988
-991
-969
-964
-969
-983
-969
-992
-997
-992
-947
-959
-992
-992
-947
-945
-986
-943
-946
-890
-961
-975
-992
-974
-893
-948
-974
-974
-974
-917
-941
-987
-847
-861
-979
-945
-973
-995
-987
-993
-995
-988
-974
-834
-958
-995
-990
-919
201
-996
201
201
-988
-987
201
-991
-946
-988
-804
-994
-986
-972
-973
-972
-974
-988
-986
-972
-988
-986
-986
-988
-918
-931
-959
-959
-860
-989
-985
-972
-994
-989
-994
-994
-994
-994
-994
-994
-994
-994
-969
-994
-994
-994
-994
-986
-986
-994
-994
-994
-994
-994
-921
-904
-971
-955
-837
-984
-990
-971
-984
-934
-984
-956
-984
-987
-984
-984
-984
-984
-987
-984
-987
-984
-941
-994
-995
-952
-995
-995
-995
-995
-995
-995
-995
-995
-995
-995
-994
-995
-995
-995
-995
-995
-995
-995
-995
-995
-995
-995
-995
-995
-995
-995
-995
-995
-995
-995
-995
-995
-995
-995
-995
-995
-995
-995
-995
-995
-995
-995
-995
-995
-995
-995
-995
-995
-995
-995
-995
-941
-972
-986
-972
-972
-984
-977
-983
-983
-961
-972
-983
-969
-958
-983
-976
-994
-990
-995
-983
-882
-973
-947
-892
-954
-990
-903
-978
-996
-954
-959
-978
-996
-978
-996
-996
-996
-996
-996
-996
-996
-996
-996
-996
-996
-996
-950
-996
-996
-996
-996
-996
-996
-996
-996
-996
-996
-996
-996
-996
-996
-996
-996
-996
-996
-996
-996
-996
-996
-992
-904
-987
-987
-987
-987
-959
-885
-973
-973
-973
-947
-809
-971
-987
-973
-984
-984
-872
-973
-956
-974
-974
-896
-960
-974
-959
-960
-960
-952
-960
-975
-951
-952
-947
201
-847
-875
-938
-994
-994
-980
-994
-994
-994
-994
-994
-994
-994
-994
-994
-994
-994
-994
-994
-994
-994
-994
-994
-994
-994
-994
-994
-994
-994
-994
-994
-994
-994
-994
-994
-994
-994
-994
-994
-994
-994
-994
-924
-994
-994
-994
-994
-994
-994
-994
-994
-994
-994
-994
-994
-994
-994
-994
-994
-994
-980
-994
-994
-994
-994
-994
-994
-994
-994
-994
-994
-994
-994
-994
-994
-994
-994
-994
-994
-994
-994
-994
-994
-994
-994
-994
-994
-994
-994
-994
-994
-994
-994
-994
-994
-994
-994
-994
-994
-994
-994
-994
-994
-994
-994
-994
-994
-994
-994
-994
-994
-994
-994
-994
-994
-994
-994
-994
-994
-994
-994
-994
-994
-994
-994
-994
-994
-994
-994
-994
-994
-994
-994
-994
-994
-994
-902
-986
-986
-986
-996
201
-972
-986
-917
-967
201
-995
-995
-995
-981
-995
-974
-995
201
-981
-995
-995
-995
-995
-988
-995
-981
-995
-995
-995
-981
-843
-843
-889
-994
-994
-994
-994
-994
-994
-994
-994
-955
201
-907
-994
-870
-994
-994
-994
-994
-994
-994
-994
-994
-994
201
201
-994
-994
-994
-994
-994
-994
-994
-963
-991
-881
-935
-937
-937
-937
-937
-937
-937
-937
-937
-934
-962
-878
-962
-934
-962
-962
-962
-934
-962
-962
-934
-934
-962
-962
-869
201
-984
-984
-984
-984
-984
-984
-984
-844
-970
-914
-984
-984
-984
-984
-984
-984
-984
-984
-984
-975
-963
-949
-954
-982
-982
-982
-954
-963
-954
-982
-982
-954
-982
-954
-954
-954
-963
-977
-954
-954
-954
-954
-991
-991
-991
-991
201
201
201
201
-806
-836
-939
-864
-836
-981
-939
-892
-919
-925
-822
-976
201
-919
-990
-920
-920
-920
-920
-920
-950
-920
-976
201
201
201
-863
201
201
-965
-994
-965
201
-993
-993
-993
-993
-993
-993
-993
-923
-993
201
-993
-881
-965
-993
-993
-993
-993
201
-993
-825
-941
-965
-913
-951
-969
-982
-982
-954
-965
-969
-982
-982
-984
-984
-942
-969
-839
-913
-982
-982
-982
-982
-982
-982
-984
-984
-984
-984
-982
-982
-984
-984
-984
-956
-830
201
-984
-872
-858
201
-990
201
201
-914
201
201
-984
-970
-975
-951
201
201
-970
-951
201
-970
-927
201
-971
-971
-971
-971
-985
-985
-985
-985
-975
-985
-971
-985
-971
-975
-971
-984
-861
-971
-985
-985
-985
-971
-947
-985
-971
-971
-971
-971
-985
-971
-971
-971
-971
-956
-971
-975
-971
-943
-971
-971
-971
-971
-971
201
201
201
201
201
201
201
201
201
-835
-891
201
201
201
201
201
201
201
201
201
201
201
201
201
201
201
201
201
-947
-904
-932
201
-932
-960
-960
-932
-900
-987
-974
-987
-959
-987
-987
-987
-987
-987
-987
-987
-987
-987
-987
-987
-987
-987
-987
-987
-987
-987
-987
-987
-987
-987
-987
-987
-987
-987
-987
-987
-987
-987
-987
-987
-987
-987
-987
-987
-988
-987
-987
-987
-987
-987
-987
-987
-987
-987
-987
-987
-987
-987
-987
-987
-987
-987
-987
-987
-987
-987
-987
-987
-987
-987
-987
-987
-987
-987
-987
-987
-987
-987
-987
-987
-987
-987
-987
-987
-987
-987
-987
-987
-987
-987
-987
-987
-987
-987
-987
-987
-987
-987
-987
-987
-987
-987
-987
-987
-987
-987
-987
-987
-987
-987
-987
-987
-987
-987
-987
-987
-987
-987
-987
-987
-987
-987
-987
-987
-987
-987
