agent: texplore
env: asterix
Feature Selection: 2
Environment is episodic.
set statesPerDim to 0 for all dim
feature 0 has range 30
feature 1 has range 30
reward range: 1020
Parallel ETUCT tracking real state values
Planner using history size: 0
Start model learning thread
start parallel uct planning search thread
Created MultClass 0 with nModels: 5
Created C4.5 decision tree 0 with == and > splits
Created C4.5 decision tree 6 with == and > splits
Created C4.5 decision tree 12 with == and > splits
Created C4.5 decision tree 18 with == and > splits
Created C4.5 decision tree 24 with == and > splits
Created MultClass 2 with nModels: 5
Created C4.5 decision tree 2 with == and > splits
Created C4.5 decision tree 8 with == and > splits
Created C4.5 decision tree 14 with == and > splits
Created C4.5 decision tree 20 with == and > splits
Created C4.5 decision tree 26 with == and > splits
Created MultClass 3 with nModels: 5
Created C4.5 decision tree 3 with == and > splits
Created C4.5 decision tree 9 with == and > splits
Created C4.5 decision tree 15 with == and > splits
Created C4.5 decision tree 21 with == and > splits
Created C4.5 decision tree 27 with == and > splits
Created MultClass 1 with nModels: 5
Created C4.5 decision tree 1 with == and > splits
Created C4.5 decision tree 7 with == and > splits
Created C4.5 decision tree 13 with == and > splits
Created C4.5 decision tree 19 with == and > splits
Created C4.5 decision tree 25 with == and > splits
-994
-994
-981
-995
-995
-987
-973
-994
-994
-994
-994
-994
-994
-995
-996
-996
-997
-997
-996
-996
-994
-995
-996
-978
-996
-989
-994
-982
-994
-995
-996
-996
-995
-984
-974
-990
-990
-996
-983
-990
-978
-959
-988
-987
-994
-991
-990
-991
-990
-991
-991
-991
-987
-991
-949
-983
-959
-958
-992
-986
-995
-983
-996
-983
-997
-997
-997
-927
-988
-988
-988
-988
-988
-858
-993
-974
-916
-986
-873
-991
-991
-912
-877
-961
-975
-961
-989
-992
-878
201
201
-992
201
-921
-976
-948
-990
-990
-990
-945
-959
-842
-996
-996
-993
-979
-928
-970
-988
-984
-984
-984
-889
-922
-979
-950
-978
-978
-993
-918
-966
-907
-965
-983
-983
-983
-955
-992
-992
-994
-997
-975
-994
-997
-994
-974
-994
-989
-994
-989
-994
-988
-984
-886
-995
-991
-995
-995
-995
-995
-913
-972
-947
-972
-993
-989
-984
-989
-984
-989
-989
-984
-989
-989
-989
-989
-989
-989
-990
-995
-995
-995
-990
-967
-959
-995
-961
-959
-959
-931
-995
-847
-973
-981
-987
-889
-997
-973
-992
-889
201
-959
-996
-975
-975
-877
-933
-991
-876
-983
-988
-988
-988
-988
-988
201
-932
-994
-945
-840
-994
-933
-994
-994
-896
-994
-994
-994
-994
-994
-994
-994
-947
-964
-996
-968
-950
-985
-947
-994
-918
-962
-988
-906
-987
-988
-962
-987
-931
-994
-959
-994
-987
-994
-994
-994
-994
-994
-994
-994
-994
-994
-994
-994
-994
-994
-994
-994
-994
-994
-994
-994
-994
-994
-994
-994
-994
-994
-994
-994
-994
-982
-975
-875
-985
-929
-959
-989
201
-984
201
-970
201
-815
-833
-995
-918
-911
201
-987
-819
-861
-959
-928
-833
-945
-945
201
-835
-989
-989
-989
-989
-989
-989
-989
-989
-989
-989
-989
-989
-989
-989
-989
-989
-989
-989
-989
-989
-989
-989
-989
-989
-989
-989
-989
-989
-989
-989
-989
-984
-959
-931
-987
-987
-984
201
-987
-933
-982
-990
201
201
-814
-897
-995
-995
-995
-995
-995
-995
-995
-995
-995
-982
-986
-925
-988
-995
-972
-995
201
-992
-889
201
-994
-994
-959
-994
-994
-991
201
-994
-994
-994
-994
-994
-994
-994
-994
-994
-994
-994
-994
-994
-994
-994
-994
-994
-994
-994
-994
-994
-994
-994
-994
-994
-994
-867
-951
-951
-951
-923
-951
-951
-951
201
201
201
-985
-943
-845
-986
-976
-862
-951
-943
-965
-976
-979
-976
-965
-976
-965
-976
-937
-993
-993
-993
-976
-993
-976
-993
-976
-993
-976
-993
-976
-993
-993
-993
201
201
201
-844
-984
-970
-984
-984
201
-984
-956
-870
-927
201
-815
201
201
-974
-988
-993
-994
-994
201
-885
-994
-983
-983
-983
-983
-983
-983
-983
-983
-994
-983
-983
-994
-983
-983
-983
-983
-994
-994
-983
-983
-985
-975
-983
-983
-983
-994
-983
-983
-994
-983
-983
-983
-983
-983
-983
-983
-983
-983
-983
-983
-983
-983
-983
-983
-988
-989
-983
-983
-991
-977
-983
-983
-983
-983
-983
-983
-983
-983
-983
-983
-983
-983
-983
-983
-983
-983
-983
-983
-983
-983
-983
-983
-983
-983
-983
-983
-983
-983
-983
-983
-983
-983
-983
-983
-983
-983
-983
-983
-966
-994
-924
-994
-994
-994
-994
-994
-994
-882
-994
-994
-994
-994
-994
-994
-994
-994
-994
-994
-994
-994
-994
-994
-994
-994
-994
-994
-994
-994
-994
-994
-994
-994
-994
-994
-994
-994
-994
-994
-994
-994
-994
-994
-994
-994
-994
-994
-994
-994
-994
-994
-994
-994
-994
-994
-994
-994
-994
-994
-994
-994
-994
-994
-994
-994
-994
-994
-994
-994
-994
-994
-994
-994
-994
-994
-994
-994
-994
-994
-994
-994
-807
201
-833
-947
201
201
201
201
201
-932
-862
-970
-807
-974
-974
-841
-985
-981
201
-995
-981
-995
-995
-995
-995
-995
-981
-995
-995
-897
-967
-995
-995
-995
-995
-995
-981
-981
-995
-995
-995
-995
-981
-827
-967
-995
-995
-995
-995
-995
-995
-995
-995
-995
-995
-967
-995
-995
-995
-995
-995
-925
-847
-917
-945
-987
-987
-985
201
201
201
-995
-903
-995
-995
-995
-995
-995
-995
-995
-995
-995
-995
-995
-995
-995
-995
-995
-995
-995
-995
-995
-995
-995
-995
-995
-995
-995
-995
-995
-995
-995
-995
-995
-995
-995
-995
-995
-995
-995
-995
-995
-995
-995
-995
-995
-995
-995
-995
-995
-995
-995
-995
-995
-995
-995
-995
-995
-995
-995
-995
-995
-995
-995
-995
-995
-995
-995
-995
-995
-995
-995
-995
-995
-995
-995
-995
-995
-995
-995
-995
-995
-995
-995
-995
-995
-995
-995
-995
-995
-995
-995
-995
-995
-995
-995
-995
-995
-995
-995
-995
-995
-995
-995
-995
-995
-995
-995
-995
-995
-995
-995
-995
-995
-995
-995
-995
-995
-995
-995
-995
-995
-995
-995
-995
-995
-995
-995
-995
-995
-995
-995
-995
-995
-995
-995
-995
-995
-995
-995
-995
-995
-995
-995
-995
-995
-995
-995
-995
-995
-978
-911
-995
-995
-995
-974
-995
-995
-995
-995
-995
-995
-995
-995
-995
-995
-995
-976
-995
-995
-995
-995
-995
-995
-995
-995
-995
-995
-995
-995
-995
-995
-995
-995
-995
-995
-995
-995
-995
-995
-995
-995
-995
-995
-995
-995
-995
-995
-995
-995
-995
-995
-995
-995
-995
-995
-995
-995
-995
-995
-995
-995
-995
-995
-995
-995
-995
-995
-995
-995
-995
-995
-995
-995
-995
-995
-995
-995
-995
-995
-995
-995
-995
-995
-995
-995
-995
-995
-995
-995
-995
-995
-995
-995
-995
-995
-995
-995
-995
-995
-995
-995
-995
-995
-995
-995
-995
-995
-995
-995
-995
-995
-995
-995
-995
-995
-995
-995
-995
-995
201
-870
201
-981
-982
-981
-953
201
-953
-953
-836
201
201
201
201
201
-976
-953
-983
-983
-983
-942
-829
-928
