agent: texplore
env: asterix
Feature Selection: 2
Environment is episodic.
set statesPerDim to 0 for all dim
feature 0 has range 30
feature 1 has range 30
reward range: 1020
Parallel ETUCT tracking real state values
Planner using history size: 0
Start model learning thread
start parallel uct planning search thread
Created MultClass 0 with nModels: 5
Created C4.5 decision tree 0 with == and > splits
Created C4.5 decision tree 6 with == and > splits
Created C4.5 decision tree 12 with == and > splits
Created C4.5 decision tree 18 with == and > splits
Created C4.5 decision tree 24 with == and > splits
Created MultClass 2 with nModels: 5
Created C4.5 decision tree 2 with == and > splits
Created C4.5 decision tree 8 with == and > splits
Created C4.5 decision tree 14 with == and > splits
Created C4.5 decision tree 20 with == and > splits
Created C4.5 decision tree 26 with == and > splits
Created MultClass 3 with nModels: 5
Created C4.5 decision tree 3 with == and > splits
Created C4.5 decision tree 9 with == and > splits
Created C4.5 decision tree 15 with == and > splits
Created C4.5 decision tree 21 with == and > splits
Created C4.5 decision tree 27 with == and > splits
Created MultClass 1 with nModels: 5
Created C4.5 decision tree 1 with == and > splits
Created C4.5 decision tree 7 with == and > splits
Created C4.5 decision tree 13 with == and > splits
Created C4.5 decision tree 19 with == and > splits
Created C4.5 decision tree 25 with == and > splits
-995
-992
-995
-980
-995
-995
-995
-995
-997
-997
-996
-997
-997
-996
-996
-997
-989
-992
-917
-928
-994
-996
-973
-996
-989
-990
-997
-991
-996
-996
-996
-997
-996
-997
-996
-997
-996
-958
-983
-983
-976
-992
-990
-995
-990
-995
-995
-996
-976
-974
-985
-977
-981
-976
-995
-944
-977
-994
-889
-973
-987
-973
-987
-987
-992
-959
-994
-979
-996
-917
-974
-960
-960
-971
-985
-971
-955
-894
-996
-947
-981
-993
-950
-995
-995
-947
-994
-975
-994
-941
-996
-941
-983
-991
-996
-926
-965
-980
-990
-952
-994
-993
-989
-993
-889
-995
-995
-995
-995
-995
-995
-995
-995
-995
-995
-995
-969
-973
-973
-989
-945
-848
-984
-987
-987
-960
-987
-903
-834
-993
-988
-994
-984
-994
-982
-994
-993
-994
-994
-994
-993
-974
-988
-960
-988
-974
-988
-988
-994
-996
-996
-996
-996
-996
-996
-996
-996
-996
-996
-996
-996
-996
-996
-996
-996
-996
-996
-996
-996
-996
-996
-996
-996
-996
-984
-983
-983
-983
-988
-986
-983
-988
-974
-995
-960
-995
-988
-988
-974
-988
-988
-816
-974
-984
-985
-984
-985
-946
-984
-984
-973
-974
-994
-918
-948
-988
-973
-973
-993
-854
-994
-978
-994
-993
-965
-993
-867
-994
-994
-994
-994
-994
-994
-994
-994
-994
-994
-994
-994
-994
-994
-994
-994
-994
-994
-994
-994
-994
-994
-994
-994
-994
-994
-994
-994
-883
-949
-974
-852
-936
-996
-992
-978
-856
-996
-996
-996
-996
-992
-994
-996
-947
-942
-989
-989
-989
-989
-947
-989
-977
-988
-995
-995
-960
-995
-995
-995
-995
-981
-974
-995
-995
-995
-995
-995
-995
-988
-995
-995
-995
-995
-995
-995
-995
-995
-995
-968
-976
-993
-996
-990
-990
-976
-976
-948
-990
-976
-976
-977
-993
-996
-920
-870
-978
-982
-921
-991
-991
-991
-991
-991
-991
-991
-991
-991
-991
-991
-991
-991
-991
-991
-991
-991
-991
-991
-991
-991
-991
-991
-977
-977
-973
-935
-963
-977
-963
-963
-963
-907
201
-911
-977
-953
-990
-941
-977
-990
-857
-951
-884
-936
201
201
-866
-978
-994
-938
-852
-857
-936
-978
-992
-977
-971
-985
-975
-985
-985
-970
-985
-985
-992
-978
-978
-978
-978
-987
-978
-912
-992
-977
-992
-991
-992
-884
-992
-991
-992
-992
-991
-992
-991
-992
-992
-851
-963
-994
-966
-994
-994
-994
-994
-994
-994
-994
-994
-994
-994
-994
-994
-994
-994
-955
-983
-983
-907
-994
-994
-994
-994
-994
-994
-994
-994
-927
-984
-983
-914
-983
-983
-983
-983
-917
-997
-983
-983
-983
-983
-963
-983
-959
201
201
-881
-917
-993
-979
-973
-990
-993
-993
-993
-987
-993
-987
-993
-977
-993
-987
-993
-993
-987
-983
-993
-847
-993
201
-984
-970
-984
-928
-886
-984
-984
-984
-984
-984
-984
-984
-984
-977
-970
201
-977
-994
-977
201
-987
-994
201
-977
-882
-949
-921
-840
-949
-952
-975
-980
-994
-980
-971
-971
-946
-862
-975
-975
-942
-947
-989
201
-983
-919
-933
-933
-821
-933
-905
-877
-933
-961
-961
-961
-888
201
201
-997
201
201
-917
201
-945
201
-945
-845
-982
-990
-987
201
-891
-987
-987
-987
-911
-987
-985
-985
-987
-987
-987
-987
-947
201
201
-946
-974
-974
-989
-901
-977
-974
-946
-946
-862
-946
-974
-890
-946
-974
-875
-987
-987
-987
-987
-987
-987
-987
-987
-987
-987
-987
-987
-987
-987
-987
-987
-987
-987
-987
-988
-987
-987
-987
-987
-987
-987
-987
-987
-987
-987
-987
-988
-987
-987
-987
-987
-987
-987
-987
-987
-987
-987
-987
-987
-987
-987
-987
-987
-988
-987
-987
-988
-987
-987
-987
-987
-987
-987
-987
-987
-987
-987
-987
-987
-987
-987
-987
-987
-987
-987
-987
-987
-974
-988
-988
-987
-988
-988
-988
-988
-988
-988
-918
-988
-988
-988
-988
-988
-988
-988
-988
-988
-988
-988
-988
-988
-988
-988
-988
-988
-988
-988
-988
-988
-988
-988
-988
-988
-988
-988
-988
-988
-988
-988
-988
-988
-988
-988
-988
-988
-988
-988
-988
-988
-988
-988
-988
-988
-988
-988
-988
-988
-988
-988
-988
-988
-988
-988
-988
-988
-988
-988
-988
-988
-988
-988
-988
-988
-988
-988
-988
-988
-988
-988
-987
-987
-987
-987
-987
-987
-987
-987
-987
-987
-987
-987
-987
-987
-987
-987
-987
-987
-987
-987
-987
-987
-987
-987
-987
-987
-987
-987
-987
-987
-987
-987
-987
-987
-987
-987
-987
-987
-987
-987
-987
-987
-987
-987
-987
-987
-987
-987
-987
-987
-987
-987
-987
-987
-987
-987
-987
-987
-987
-987
-987
-987
-987
-987
-987
-987
-987
-987
-987
-987
-987
-987
-987
-987
-987
-987
-987
-987
-987
-987
-987
-987
-987
-987
-987
-987
201
-960
201
201
201
201
201
-959
201
201
201
201
201
-817
-985
201
201
-985
-985
-985
-929
-985
-985
-985
-985
-873
-929
-985
-985
-985
-957
-985
-985
-985
-985
-985
-985
-985
-985
-985
-985
-985
-985
-985
-985
-971
-957
-985
-985
-985
-985
-985
-985
-985
-986
-986
-986
-986
-986
-986
-986
-986
-986
-986
-986
-986
-986
-986
-986
-986
-986
-986
-986
-986
-986
-986
-986
-986
-986
-986
-986
-986
-986
-986
-986
-986
-986
-986
-986
-986
-986
-986
-986
-986
-986
-986
-986
-986
-986
-986
-986
-986
-986
-986
-986
-986
-986
-986
-986
-986
-986
-986
-986
-986
-986
-986
-986
-986
-986
-986
-986
-986
-986
-986
-986
-986
-986
-986
-986
-986
-986
-986
-986
-986
-986
-986
-986
-986
-986
-986
-986
-986
-973
-972
-972
-972
-944
-972
-973
-972
-972
-972
-972
-972
-972
-972
-972
-972
-972
-972
-972
-972
-972
-972
-972
-972
-972
-972
-972
-972
-972
-972
-972
-972
-972
-972
-972
-972
-972
-972
