agent: texplore
env: asterix
Feature Selection: 2
Environment is episodic.
set statesPerDim to 0 for all dim
feature 0 has range 30
feature 1 has range 30
reward range: 1020
Parallel ETUCT tracking real state values
Planner using history size: 0
Start model learning thread
start parallel uct planning search thread
Created MultClass 0 with nModels: 5
Created C4.5 decision tree 0 with == and > splits
Created C4.5 decision tree 6 with == and > splits
Created C4.5 decision tree 12 with == and > splits
Created C4.5 decision tree 18 with == and > splits
Created C4.5 decision tree 24 with == and > splits
Created MultClass 2 with nModels: 5
Created C4.5 decision tree 2 with == and > splits
Created C4.5 decision tree 8 with == and > splits
Created C4.5 decision tree 14 with == and > splits
Created C4.5 decision tree 20 with == and > splits
Created C4.5 decision tree 26 with == and > splits
Created MultClass 3 with nModels: 5
Created C4.5 decision tree 3 with == and > splits
Created C4.5 decision tree 9 with == and > splits
Created C4.5 decision tree 15 with == and > splits
Created C4.5 decision tree 21 with == and > splits
Created C4.5 decision tree 27 with == and > splits
Created MultClass 1 with nModels: 5
Created C4.5 decision tree 1 with == and > splits
Created C4.5 decision tree 7 with == and > splits
Created C4.5 decision tree 13 with == and > splits
Created C4.5 decision tree 19 with == and > splits
Created C4.5 decision tree 25 with == and > splits
-994
-994
-994
-990
-995
-994
-996
-991
-996
-997
-997
-997
-997
-992
-995
-995
-992
-995
-995
-986
-995
-994
-992
-995
-991
-995
-993
-996
-992
-992
-983
-994
-992
-993
-994
-994
-990
-994
-994
-957
-982
-972
-996
-996
-996
-996
-996
-996
-996
-993
-996
-997
-996
-996
-997
-993
-997
-987
-992
-987
-990
-992
-990
-990
-983
-986
-973
-991
-991
-946
-989
-989
-977
-994
-996
-991
-996
-990
-996
-993
-991
-991
-973
-959
-890
-970
-984
-968
-992
-994
-992
201
201
-995
-861
-995
-994
-991
-994
-970
-994
-994
-994
-994
-994
-988
-994
-994
-994
-994
-994
-994
-994
-994
-994
-931
-992
-987
-994
-991
-918
-995
-995
-995
-995
-988
-995
-914
-992
-918
-994
-996
-965
-994
-996
-994
-980
-994
-960
-994
-991
-994
-973
-995
-995
-995
-995
-995
-995
-995
-995
-995
-992
-919
-991
-995
-945
-992
-973
-973
201
201
-988
-959
-959
-959
-959
-974
-875
201
-995
-957
-988
-984
-988
-988
-988
-984
-984
-988
-988
-988
-988
-984
-988
-984
-988
-988
-988
-984
-988
-988
-829
-961
-990
-971
-932
-947
-975
-947
-961
-975
-947
-989
-995
-989
-989
-989
-989
-961
-906
-887
-990
-985
-990
-990
-990
-862
-990
-935
-935
-821
-849
201
201
-833
-994
-974
-991
-960
-988
-994
-988
-975
-992
-994
-919
-966
-975
-982
-983
-919
-891
-919
-920
-949
201
-977
-905
201
-977
-834
-997
-849
-993
-997
-919
201
-997
-975
-985
-987
-987
-987
-987
-987
-987
-987
-987
-987
-987
-987
-987
-987
-987
-987
-987
-973
-987
-987
-987
-987
-987
-987
-987
201
201
201
-970
-850
-951
-984
-971
-970
-984
-971
-971
201
201
-930
-875
-990
-972
-973
-959
-959
-973
-987
-872
-984
-886
-942
-805
-948
-962
-984
-976
-990
-976
-990
-990
-990
-990
-990
-990
-990
-990
-990
-990
-990
-990
-990
-990
-990
-990
-990
-990
201
201
-877
-976
-947
201
-961
-992
-989
-919
-919
-989
-947
201
-857
-983
-981
-981
-981
-994
-942
-964
-942
-981
-994
-984
-994
-984
-981
-981
-994
-984
-994
-984
201
201
201
-948
-977
201
-948
-948
-968
-948
-968
-808
-968
-976
-968
-976
-968
-976
-968
-976
-970
-926
-982
-982
-982
-982
-982
-982
-982
-926
-982
-982
-982
-982
-982
-982
-982
-982
-982
-982
-982
-982
-982
-982
-982
-982
201
201
201
-918
201
-985
-887
-977
-988
-983
-991
-971
-985
-971
-977
-945
-963
-887
-991
-849
-985
-963
-849
-933
-985
-991
-971
-991
-985
201
-994
-994
-994
-994
-994
201
-910
-994
-994
-994
-994
-994
-994
-994
-994
-994
-994
-994
-994
-994
-994
-994
-994
-994
-994
-994
-994
-994
-994
-994
-994
-994
-994
-994
-994
-994
-994
-994
-994
-994
-994
-993
-931
-959
-869
-903
-953
-925
-959
-959
-959
-931
-959
-934
201
-981
-933
-933
-979
-983
-990
-983
-990
-983
-961
-934
201
-990
-996
-996
-996
-996
-996
-996
-996
-996
-996
-996
-996
-996
-996
-996
-996
-996
-996
-926
-996
-996
-996
-996
-996
-996
-996
-996
-996
-996
-996
-996
-996
-996
-996
-996
-996
-996
-996
-996
-996
-996
-996
-996
-996
-996
-996
-996
-996
-996
-996
-996
-996
-996
-996
-996
-996
-996
-996
-996
-996
-996
-996
-996
-996
-996
-996
-996
-996
-996
-996
-996
-996
-996
-996
-996
-996
-996
-996
-996
-996
-996
-996
-996
-996
-996
-996
-996
-996
-996
-996
-996
-996
-996
-996
-996
-996
-996
-996
-996
-996
-996
-996
-996
-996
-996
-996
-996
-996
-996
-996
-996
-996
-996
-996
-996
-996
-996
-996
-996
-996
-996
-996
-996
-996
-996
-996
-996
-996
-996
-996
-996
-996
-996
201
201
201
201
-865
201
-977
-977
-977
-991
-977
-949
-973
-977
-977
-977
-977
-977
-977
201
201
-848
-876
201
-927
201
201
201
-904
201
-917
-973
-986
-944
-973
201
-889
-973
201
-973
-973
-973
-973
-973
-973
-889
-987
-987
-986
-917
-973
-945
-945
-917
201
-889
-973
-973
-973
201
-955
-959
-923
-973
-932
-973
-895
-969
-951
-979
-951
-945
-951
-973
-923
-973
-951
-973
201
-822
201
-976
-990
201
-990
-990
-990
-990
-990
-990
201
-990
-990
-990
-976
201
-958
201
-972
-874
201
201
201
201
201
-848
201
-876
201
201
201
-969
-984
-942
-979
201
-969
-979
-970
-979
-970
-979
-979
-979
-914
-951
-914
-970
-970
-970
-970
-970
-970
-970
-970
-970
-970
201
201
-848
201
-932
-876
-932
-904
201
-880
-862
-894
-904
-992
-992
-992
201
-950
-862
-992
-932
-992
-988
-992
-988
-945
-908
-988
-992
-988
-992
-988
-992
-988
-992
-876
-992
-974
-992
-946
-992
-988
-993
201
201
201
201
201
201
201
-987
201
-885
-969
-969
201
-969
-969
-969
-969
201
-857
-885
-941
-941
201
201
201
201
201
201
201
-955
-927
-990
201
201
201
-899
201
-815
-955
-818
201
-922
-974
-958
201
-974
-922
-922
-974
-974
201
201
201
-993
-993
-993
-979
-993
-993
-993
-993
-993
-979
-993
-993
-993
-993
201
-922
-979
-993
-993
-993
-993
-993
-993
-922
-922
-922
-979
-979
-979
-922
-922
-922
-922
-906
-921
201
-977
-977
-977
-977
-977
-977
-977
-977
-977
-977
-977
-977
-977
-977
-977
-977
-977
-977
-977
-977
-977
-977
-977
-977
-977
-977
-977
-977
-977
-977
-977
-977
-977
-977
-977
-977
-977
-977
-977
-977
-977
-977
-977
-977
-917
201
201
201
-837
-977
-977
-977
-977
-977
-949
-977
-977
-977
-949
-977
-977
-977
-977
-977
-977
-977
-977
-977
-977
-973
-987
-936
-973
-973
-930
-959
-978
-973
-959
-964
-987
-973
-992
-987
