agent: texplore
env: asterix
Feature Selection: 2
Environment is episodic.
set statesPerDim to 0 for all dim
feature 0 has range 30
feature 1 has range 30
reward range: 1020
Parallel ETUCT tracking real state values
Planner using history size: 0
Start model learning thread
start parallel uct planning search thread
Created MultClass 0 with nModels: 5
Created C4.5 decision tree 0 with == and > splits
Created C4.5 decision tree 6 with == and > splits
Created C4.5 decision tree 12 with == and > splits
Created C4.5 decision tree 18 with == and > splits
Created C4.5 decision tree 24 with == and > splits
Created MultClass 2 with nModels: 5
Created C4.5 decision tree 2 with == and > splits
Created C4.5 decision tree 8 with == and > splits
Created C4.5 decision tree 14 with == and > splits
Created C4.5 decision tree 20 with == and > splits
Created C4.5 decision tree 26 with == and > splits
Created MultClass 3 with nModels: 5
Created C4.5 decision tree 3 with == and > splits
Created C4.5 decision tree 9 with == and > splits
Created C4.5 decision tree 15 with == and > splits
Created C4.5 decision tree 21 with == and > splits
Created C4.5 decision tree 27 with == and > splits
Created MultClass 1 with nModels: 5
Created C4.5 decision tree 1 with == and > splits
Created C4.5 decision tree 7 with == and > splits
Created C4.5 decision tree 13 with == and > splits
Created C4.5 decision tree 19 with == and > splits
Created C4.5 decision tree 25 with == and > splits
-994
-996
-995
-996
-995
-995
-995
-995
-997
-996
-994
-990
-994
-995
-994
-994
-995
-995
-995
-992
-995
-978
-994
-996
-994
-994
-980
-996
-996
-996
-979
-977
-996
-993
-991
-997
-995
-997
-997
-997
-997
-996
-996
-996
-996
-996
-991
-992
-996
-996
-982
-993
-993
-995
-993
-993
-993
-993
-992
-995
-985
-985
-995
-992
-995
-984
-973
-995
-994
-994
-994
-994
-994
-919
-994
-890
-989
-975
-990
-990
-990
-990
-990
-990
-990
-990
-991
-931
-971
-902
-986
-996
-986
-987
-996
-991
-973
-996
-932
-988
-988
-987
-988
-988
-988
-988
-988
-943
-974
-989
-989
-989
-989
-989
-989
-989
-989
-989
-989
-987
-973
-988
-973
-972
-996
-986
-994
-996
-970
201
-903
-973
-917
-919
-948
-864
-990
-900
-984
-984
-984
-984
-949
-994
-994
-994
-805
-982
-942
-942
-992
201
-834
201
-994
-994
-989
-829
-994
-947
201
-863
201
-945
201
201
201
201
201
201
201
201
201
201
201
201
201
-994
201
-979
-995
-995
-991
-995
-995
-995
-995
201
-995
-995
-995
-892
-992
-801
-983
-983
-983
-983
-983
-979
-983
-983
-983
-941
-969
-941
-983
-969
-983
-927
-983
-983
-971
-971
-984
-996
-984
-978
-984
-996
201
-992
-984
201
-988
-988
201
-984
201
-809
-959
-963
-991
-991
-991
-991
-987
-991
-991
-875
-987
-987
201
-805
-980
-992
-992
-992
-992
201
-992
-992
-992
-992
-967
-967
-995
-917
-954
-995
-982
-995
-995
201
-964
-988
201
201
201
-945
-995
201
201
-889
-917
-889
-973
201
201
201
-918
201
201
201
-887
201
-992
201
-992
-992
-992
-992
-992
-990
201
201
-989
201
201
201
-916
-944
-996
-861
-888
201
201
201
201
201
201
201
-975
-947
201
201
-993
-990
-993
-993
-993
-990
-993
-990
-993
201
-990
-993
-993
-993
-990
201
-993
201
-993
-993
-993
-993
-993
201
-984
201
201
201
201
-989
201
201
201
201
201
-982
-982
-982
-982
-982
-982
-982
-982
-982
-982
-982
-982
-982
-982
-982
-982
-982
-982
-982
-982
-982
-982
-982
-982
-982
-982
-982
-982
-982
-982
-982
-982
-982
-982
-982
-982
-982
-982
-982
-982
-982
-982
-982
-981
-993
-993
201
-993
-993
-993
201
-993
-993
-993
-993
-993
-993
-993
-993
-993
201
-994
-994
-994
-938
-966
-909
-882
-910
-994
-937
-994
-950
201
-994
201
-994
-994
-994
-994
-994
-994
-994
-994
-994
-977
-980
-994
-994
-994
-994
-994
-994
-994
-994
-994
-994
-994
-994
-994
-994
-994
-994
-994
-994
-994
201
201
201
201
201
201
201
-806
201
-862
201
-974
-936
-936
-936
-936
-953
-891
-964
-936
-964
-964
-964
-964
-964
-964
-964
-964
-964
-964
-964
-964
-964
-978
-965
-923
-993
201
-993
-993
-839
201
-909
-993
-993
201
201
201
201
201
201
201
201
201
-989
-983
201
201
-992
-983
-989
-981
-981
201
201
201
201
-815
201
201
201
201
201
201
-964
-950
201
-962
-976
-990
-964
201
201
201
201
201
201
-983
-983
-983
-983
201
201
201
201
201
201
201
-991
-991
201
201
201
201
-950
201
201
-800
-982
201
201
201
-990
-996
-996
-962
-996
-996
-996
-996
-996
-996
201
-977
201
-977
-991
-991
-991
-991
-977
-991
-991
-991
-991
-991
-991
-991
-991
-991
-991
-991
-991
-991
-991
-991
-991
-991
-991
-991
-991
-991
-991
-991
-991
-991
-991
-991
-991
-991
-991
-991
-991
-991
-991
-991
-991
-991
-991
-991
-991
-991
-991
-991
-991
-991
-991
-991
-991
-991
-991
-991
-991
-991
-861
-983
-991
-991
-991
-991
201
201
-861
-991
-991
-991
-991
-991
-991
-991
-991
-991
-991
-991
-991
-991
-991
-991
-991
-991
-991
-991
-991
-991
-991
-991
-991
-991
-977
201
-977
-941
201
-977
201
-977
201
201
201
201
201
201
-942
201
201
201
201
201
-990
-907
-982
-963
-955
-963
-963
-990
-963
-927
-907
-899
-963
-963
-976
-991
-991
201
-991
-980
-991
-980
-980
-991
-980
-991
-980
-991
-991
-991
-991
-991
-991
-991
-991
-991
-991
-980
-991
-991
-980
-980
-980
-980
-980
-980
-991
-991
-980
-980
-980
-980
-980
-980
-980
-980
-980
-991
-991
-991
-991
-980
-991
-991
-991
-991
201
201
201
201
-978
-823
201
201
-935
-963
201
-907
-991
201
-991
-991
-991
-991
-991
-991
-963
-977
-991
-991
-991
-991
-991
-991
-991
-991
-991
-963
-991
-991
-991
-991
-991
-991
-977
-977
-991
-991
-991
-991
-991
-991
-991
-991
-977
201
201
-991
201
-991
201
-987
-985
-987
-987
-959
-987
-987
-987
-987
-987
-987
-987
-987
-987
-987
-987
-987
-987
-987
-987
-987
-987
-987
-987
-987
-987
-987
-987
-987
-987
-987
-987
-987
-987
-987
-987
-987
-987
-987
-987
-987
-987
-987
-987
-987
-987
-987
-987
-987
-987
-987
-987
-987
-987
-987
-987
-987
-987
-987
-990
-990
-987
-990
-973
-990
-985
-976
-976
-990
-990
-976
-976
-990
-958
-987
-990
-990
-986
-990
-962
-976
-962
-962
-976
-990
-976
-972
-990
-962
-976
-990
-990
-990
-976
-976
-972
-990
-962
-985
-986
-986
-986
-986
-990
-976
-971
-902
-935
-907
-986
-907
-935
-935
-935
-935
201
201
-960
-988
-988
-988
-990
-990
-990
201
-988
-990
-988
-990
-988
-988
-990
-988
-988
-988
-988
-988
-988
-990
-990
-988
-988
-988
-990
-988
-988
-988
-990
-988
-988
-988
-990
-988
-988
-988
-988
-988
-988
-988
-988
-988
-988
-988
-988
-988
-988
-988
-988
-988
-988
-988
-988
-988
-988
-988
-988
-988
-986
-986
-986
-986
-986
-986
-986
