agent: texplore
env: asterix
Feature Selection: 2
Environment is episodic.
set statesPerDim to 0 for all dim
feature 0 has range 30
feature 1 has range 30
reward range: 1020
Parallel ETUCT tracking real state values
Planner using history size: 0
Start model learning thread
start parallel uct planning search thread
Created MultClass 0 with nModels: 5
Created C4.5 decision tree 0 with == and > splits
Created C4.5 decision tree 6 with == and > splits
Created C4.5 decision tree 12 with == and > splits
Created C4.5 decision tree 18 with == and > splits
Created C4.5 decision tree 24 with == and > splits
Created MultClass 2 with nModels: 5
Created C4.5 decision tree 2 with == and > splits
Created C4.5 decision tree 8 with == and > splits
Created C4.5 decision tree 14 with == and > splits
Created C4.5 decision tree 20 with == and > splits
Created C4.5 decision tree 26 with == and > splits
Created MultClass 3 with nModels: 5
Created C4.5 decision tree 3 with == and > splits
Created C4.5 decision tree 9 with == and > splits
Created C4.5 decision tree 15 with == and > splits
Created C4.5 decision tree 21 with == and > splits
Created C4.5 decision tree 27 with == and > splits
Created MultClass 1 with nModels: 5
Created C4.5 decision tree 1 with == and > splits
Created C4.5 decision tree 7 with == and > splits
Created C4.5 decision tree 13 with == and > splits
Created C4.5 decision tree 19 with == and > splits
-995
Created C4.5 decision tree 25 with == and > splits
-995
-994
-995
-995
-991
-994
-994
-978
-994
-973
-994
-997
-996
-990
-975
-992
-991
-974
-997
-992
-997
-995
-984
-990
-993
-995
-956
-844
-991
-991
-991
-987
-991
-975
-989
-989
-974
-902
-986
-989
-989
-996
-989
-959
-989
-993
-992
-948
-959
-988
-985
-987
-997
-839
-993
-992
-993
-993
-995
-995
-993
-993
-993
-994
-993
-962
-876
-994
-991
-960
-994
-897
-996
-996
-996
-992
-978
-967
-996
-992
-992
-990
-990
-990
-990
-990
-990
-949
-960
-954
-889
-993
-996
-993
-993
-996
-991
-993
-931
-969
-955
-996
-995
-995
-995
-984
-953
-995
-995
-995
-995
-995
-995
-995
-995
-995
-995
-995
-995
-995
-995
-995
-945
-984
-945
-994
-994
-994
-889
-989
-913
-994
-969
-969
-994
-996
-942
-982
-982
-839
-994
-951
-979
-979
-979
-979
-981
-947
-919
-976
-990
-990
-989
-928
-980
-978
-994
-980
-994
-918
-994
-988
-994
-980
-994
-864
-943
-995
-985
-981
-995
-981
-995
-995
-869
-993
-996
-996
-948
-994
-994
-994
-994
-994
-994
-994
-994
-994
-994
-994
-994
-994
-994
-959
-824
-972
-982
-992
-989
-875
-978
-983
-901
-985
-971
-985
-982
-957
-987
-985
-987
-987
-995
-971
-985
-982
-985
-835
-975
-996
-919
-912
-995
-968
-973
-975
-832
-994
-920
-966
-964
-992
-986
-983
-984
-979
-974
-975
-973
-984
-984
-965
-997
-997
-997
-962
-991
-907
-991
-991
-991
-991
-991
-991
-991
-996
-991
-991
-991
-991
-991
-987
201
-978
-978
-955
-992
-992
-847
-992
-992
-992
-992
-992
-969
-941
-972
-921
-990
-990
-988
-988
-990
-990
-985
-973
-983
-992
-986
-922
-922
-969
-967
-982
-988
-973
-995
-880
-992
-988
-964
-995
-992
-995
-943
-982
-995
-995
-959
-985
-983
-969
-983
-983
-983
-969
-983
-983
-983
-996
-968
-982
-982
-982
-982
-982
-982
-982
-982
-982
-982
-982
-982
-919
-988
-988
201
-914
-955
-891
-904
-988
201
201
-987
-996
-996
-996
-987
-996
-805
-989
-973
-959
-891
-987
-973
-987
-987
-987
-987
-987
-987
201
201
-878
-985
-990
-985
-990
-985
-990
-929
-878
-988
-901
-901
-805
-973
-946
-945
-893
201
-845
-933
-961
-961
-961
-961
-961
-961
-961
-961
-905
-921
-933
-933
-933
-933
201
-931
201
-997
-997
-960
201
-855
-990
-990
-990
-990
-995
-990
-995
-990
-990
-990
-976
-990
-990
-990
-927
-987
-974
-974
-987
-987
-973
-987
-987
-959
-987
-987
-987
-987
-987
-987
-987
-987
-987
-987
-946
-974
-974
-974
-974
-973
-918
-978
-978
-950
-978
-992
-978
-978
-978
-978
-978
-992
-988
-978
-978
-978
-978
-992
-992
-867
201
-976
201
201
-993
-993
-993
-993
-993
-993
-993
-993
-993
-993
-993
-993
-993
-993
-993
-993
-993
-993
-993
-993
-993
-993
-993
-993
-993
-993
-993
-993
-993
-993
-993
-993
-993
-993
-993
-993
-993
-993
-993
-993
-993
-993
-993
-993
-993
-993
-993
-993
-993
-993
-993
-993
-993
-993
-993
-993
-993
-993
-993
-993
-993
-993
-993
-993
-993
-993
-993
-993
-993
-996
-862
201
201
201
-917
-945
-973
-973
-973
-973
-973
-945
-945
-945
-913
-973
-973
-945
-984
-970
-924
-984
-976
-990
-984
-984
-984
-984
-990
-990
-990
-990
-994
-984
-984
-984
-970
-984
-984
-984
-984
-984
-970
-984
-984
-984
-984
-984
-984
-984
-976
-984
-984
-956
-984
-984
-984
-973
-990
-984
-986
-972
-986
-958
-987
-894
-970
-972
-958
-986
-984
-970
-930
-986
-956
-984
-972
-984
-902
-973
-986
-916
-968
-986
-984
-984
-972
-902
201
-935
-827
-849
-984
201
-905
-961
-961
-961
-961
-982
-961
-961
201
201
-894
201
-992
201
-992
-817
-943
-985
-971
-943
-971
-971
-957
-943
-943
-970
-887
-943
201
-914
-915
-919
-985
201
-807
201
201
-802
-971
-985
-985
-985
-985
-985
-985
-985
-985
-985
-985
-985
-985
-985
-985
-985
-985
-985
-985
-985
-985
-985
-985
-985
-985
-985
-985
-985
-985
-985
-995
-985
-985
-985
-985
-985
-985
-985
-995
-985
-985
-985
-985
-985
-985
-985
-985
-985
-985
-985
-985
-985
-985
-985
-985
-985
-985
-985
-985
-985
201
201
201
201
201
-979
-807
-911
-969
-969
-953
-981
-985
201
201
201
-889
-945
-914
-973
201
-833
-973
201
-945
-917
201
201
-849
-938
-905
-966
201
-933
-980
201
-821
-952
-906
-990
-976
-976
-990
-990
-990
-976
-990
-990
-990
-990
-990
-990
-990
-990
-990
-990
-990
-990
-990
-990
-990
-990
-990
-990
-990
-990
-990
-990
-990
-990
-990
-990
-990
-990
-990
-990
-990
-990
-990
-990
-990
-990
-990
-990
-990
-990
-990
-990
-990
-990
-990
-990
-990
-990
-990
-990
-990
-990
-990
-990
-990
-990
-990
-990
-990
-990
-990
-990
-990
-990
-990
-990
-990
-990
-990
-990
-990
-990
-990
-990
-990
-990
-990
-990
-990
-990
-990
-990
-990
-990
-990
-990
-990
-990
-990
-990
-990
-990
-990
-990
-990
-990
-990
-990
-990
-990
-990
-990
-990
-990
-825
-861
-973
-889
-917
-973
-987
-973
-973
-973
-973
-973
-973
-973
-973
-973
-973
-973
-973
-973
-945
-973
-945
-973
-973
-917
-973
-973
-973
-960
-988
-876
-988
-988
-988
-988
-960
-876
-988
-988
-988
-988
-988
-988
-988
-988
-988
-988
-988
201
-988
-988
-988
-988
-988
-820
-960
-904
-919
-988
-842
-934
-975
-975
-932
-962
-947
-975
-863
-962
-975
-934
-919
-863
-919
-919
-919
-919
-835
-897
-926
-982
-954
-982
-982
-982
-982
-982
-982
-982
-982
-982
-982
-982
-982
-982
-982
-982
-982
-982
-982
-982
-982
-982
-982
-982
-982
-982
-982
-982
-982
-982
-982
-982
-982
-982
