agent: texplore
env: asterix
Feature Selection: 2
Environment is episodic.
set statesPerDim to 0 for all dim
feature 0 has range 30
feature 1 has range 30
reward range: 1020
Parallel ETUCT tracking real state values
Planner using history size: 0
start parallel uct planning search threadStart model learning thread

Created MultClass 0 with nModels: 5
Created C4.5 decision tree 0 with == and > splits
Created C4.5 decision tree 6 with == and > splits
Created C4.5 decision tree 12 with == and > splits
Created C4.5 decision tree 18 with == and > splits
Created C4.5 decision tree 24 with == and > splits
Created MultClass 2 with nModels: 5
Created C4.5 decision tree 2 with == and > splits
Created C4.5 decision tree 8 with == and > splits
Created C4.5 decision tree 14 with == and > splits
Created C4.5 decision tree 20 with == and > splits
Created C4.5 decision tree 26 with == and > splits
Created MultClass 3 with nModels: 5
Created C4.5 decision tree 3 with == and > splits
Created C4.5 decision tree 9 with == and > splits
Created C4.5 decision tree 15 with == and > splits
Created C4.5 decision tree 21 with == and > splits
Created C4.5 decision tree 27 with == and > splits
Created MultClass 1 with nModels: 5
Created C4.5 decision tree 1 with == and > splits
Created C4.5 decision tree 7 with == and > splits
Created C4.5 decision tree 13 with == and > splits
Created C4.5 decision tree 19 with == and > splits
Created C4.5 decision tree 25 with == and > splits
-994
-996
-994
-997
-994
-993
-993
-994
-997
-996
-997
-997
-990
-994
-945
-995
-995
-996
-994
-995
-995
-995
-995
-995
-995
-983
-995
-995
-995
-993
-996
-996
-994
-996
-997
-997
-997
-997
-995
-997
-984
-996
-996
-996
-976
-990
-993
-993
-991
-988
-991
-991
-985
-989
-988
-987
-992
-992
-992
-992
-992
-992
-994
-995
-994
-987
-987
-903
-991
-990
-995
-991
-973
-985
-994
-991
-991
-991
-991
-991
-991
-946
-991
-983
-932
-989
-989
-989
-984
-975
-991
-996
-989
-996
-989
-996
-996
-995
-961
-996
-989
-971
-994
201
-883
-994
-994
-994
-994
-994
-994
-994
-994
-994
-994
-994
-994
-994
-994
-994
-994
-917
-995
-948
201
-919
-992
-878
-990
-990
-889
-976
201
201
-992
-993
201
-971
-957
-954
-982
-985
-957
-996
-983
-917
-989
-994
-917
201
201
-890
-995
-993
201
-979
201
-996
-996
-992
201
-931
201
-976
201
201
201
-996
-862
201
201
201
201
-990
201
-976
201
-970
-942
201
-992
-992
-992
-992
-992
-992
-992
-992
-992
-992
-992
-992
-992
-992
-992
-992
201
201
-973
-986
201
-988
-992
-972
-992
-985
-905
-985
-985
-958
-988
-991
-984
-971
-963
-988
-984
-974
-970
-988
-963
-970
-962
-905
-994
-994
-989
201
-994
-990
-994
-989
-994
-989
-994
-975
-994
-984
-994
-989
-994
-989
-995
-994
-976
-983
-980
-962
-983
-984
-982
-996
-996
-996
-996
-996
-996
-996
-996
-996
-996
-996
-996
-996
-996
-996
-996
-996
-996
-996
-996
-996
-996
-996
-996
-996
-996
-996
-996
-996
-996
-996
-996
-996
-996
-996
-996
-996
-996
-996
-996
-996
-996
-996
-996
-996
-996
-996
-996
-996
-996
-996
-996
-996
-996
-996
-996
-996
-996
-996
-996
-996
-974
-956
-970
-970
-956
-970
-981
-970
-984
-974
-984
-984
-984
-984
-984
-981
-992
-984
-984
201
201
-807
-989
-975
201
-983
-989
-983
-958
-989
-985
-975
-944
-969
-972
-973
-975
-969
-985
-975
-946
-974
-974
-973
-971
-945
-958
-971
-971
-985
-985
-971
-985
-971
-985
-985
-971
-988
-985
-971
-985
-985
-985
-985
-985
-985
-985
-985
-985
-985
-971
-971
-985
-985
-985
-870
-986
201
201
-945
-905
-993
-989
-961
-989
-975
-989
-993
-965
-993
-947
-973
-989
-993
-970
-970
-975
-975
-961
-975
-975
-993
-989
-989
-993
-989
-989
-975
-989
-987
-969
-983
-983
-983
-983
-983
-983
-969
-941
-983
-983
-983
-983
-983
-983
-983
-983
-983
-983
-983
-983
-983
-983
-983
-983
-983
-983
-983
-983
-983
-969
-995
-955
-983
-983
-995
-899
-995
-969
-928
-969
-983
-995
-983
-932
-995
-941
-876
-995
-954
-967
-922
-995
-922
-995
-995
-950
-995
-995
-978
-967
-995
-967
-978
-950
-950
-950
-995
-967
-950
-995
-950
-995
-992
201
201
201
-985
-971
-989
-985
201
201
201
201
201
201
-960
201
201
201
-892
-990
-982
-989
-940
-989
201
-892
-990
-947
-982
201
-995
-995
-995
-995
-989
-981
-995
-995
-976
-995
-995
-995
-995
-995
-995
-995
-995
-995
-995
-995
-995
-995
-995
-995
-995
-995
-995
-995
201
-995
-995
-995
-995
-995
-995
-995
-995
-995
-995
-995
-995
-995
-995
-995
-995
-995
-995
-995
-995
-995
-995
-995
-995
-995
-995
-995
-995
-995
-995
-995
-995
-995
-995
-995
-995
-995
-995
-995
-995
-995
-995
-995
-995
-995
-995
-995
-995
-995
-995
-995
-995
-995
-995
-995
-995
-995
-995
-995
-995
-995
-995
-995
-995
-995
-995
-995
-995
-995
-995
-995
-995
-995
-995
-995
-995
-995
-995
-995
-995
-995
-995
-995
-995
-995
-995
-995
-995
-995
-995
-995
-995
-995
-995
-995
-995
-995
-995
-995
-995
-995
-995
-995
-995
-953
-995
-995
-995
-995
-995
-995
-897
-995
-995
-995
-995
-995
-995
-995
-995
-995
-995
-983
-995
-995
-995
-995
-995
-995
-995
-995
-995
-995
-995
-995
-995
-995
-995
-995
-995
-995
-995
-995
-995
-995
-995
-995
-995
-995
-995
-995
-995
-995
-995
-995
-995
-995
-995
-995
-995
-995
-995
-995
-995
-995
-995
-995
-995
-995
-995
-995
-995
-995
-995
-995
-995
-995
-995
-995
-995
-995
-995
-995
-995
-995
-995
-995
-995
-995
-995
-995
-995
-995
-995
-995
-995
-995
-995
-995
-995
-995
-995
-995
-995
-995
-995
-995
-995
-995
-995
-995
-995
-995
-995
-995
-995
-995
-995
-995
-995
-995
-995
-995
-995
-995
-995
-995
-995
-995
-995
-995
-995
-995
-995
-995
-995
-995
-995
-995
-995
-995
-995
-995
-995
-995
-995
-995
-995
-995
-995
-995
-995
-995
-995
-995
-995
-995
-995
-995
-995
-995
-945
-984
-956
-984
-984
-995
-945
-969
-983
-984
-917
-995
-995
-984
-983
-983
-984
-995
-983
-984
-983
-983
-984
-995
-995
-984
-983
-984
-983
-984
-844
-984
-984
-984
-983
-984
-984
-984
-927
-984
-984
-983
-984
-984
-984
-984
-984
-984
-984
-856
-996
-992
-996
-982
-992
-982
-982
-982
-992
-996
-969
-996
-996
-982
-996
-996
-996
-814
-996
-996
-996
-880
-996
-996
-996
-992
-996
-996
-992
-964
-996
-992
-996
-992
-996
-992
-996
-992
-992
-996
-992
-996
-992
-996
-992
-996
-992
-972
-996
-992
-992
-992
-992
-996
-992
-996
-969
-996
-941
-996
-982
-968
-982
-995
-953
-995
-995
-995
-897
-995
-995
-995
-961
-995
-975
-995
-995
-995
-995
-995
-995
-995
-995
-995
-995
-995
-995
-995
-995
-995
-995
-995
-995
-995
-995
-995
-995
-995
-995
-995
-995
-995
-995
-995
-995
-995
-995
-995
-995
-995
-995
-995
-995
-995
-995
-995
-995
-995
-995
-995
-995
-995
-995
-995
-995
-995
-995
-995
-995
-995
-995
-995
-995
-995
-995
