agent: texplore
env: asterix
Feature Selection: 2
Environment is episodic.
set statesPerDim to 0 for all dim
feature 0 has range 30
feature 1 has range 30
reward range: 1020
Parallel ETUCT tracking real state values
Planner using history size: 0
start parallel uct planning search thread
Start model learning thread
Created MultClass 0 with nModels: 5
Created C4.5 decision tree 0 with == and > splits
Created C4.5 decision tree 6 with == and > splits
Created C4.5 decision tree 12 with == and > splits
Created C4.5 decision tree 18 with == and > splits
Created C4.5 decision tree 24 with == and > splits
Created MultClass 2 with nModels: 5
Created C4.5 decision tree 2 with == and > splits
Created C4.5 decision tree 8 with == and > splits
Created C4.5 decision tree 14 with == and > splits
Created C4.5 decision tree 20 with == and > splits
Created C4.5 decision tree 26 with == and > splits
Created MultClass 3 with nModels: 5
Created C4.5 decision tree 3 with == and > splits
Created C4.5 decision tree 9 with == and > splits
Created C4.5 decision tree 15 with == and > splits
Created C4.5 decision tree 21 with == and > splits
Created C4.5 decision tree 27 with == and > splits
Created MultClass 1 with nModels: 5
Created C4.5 decision tree 1 with == and > splits
Created C4.5 decision tree 7 with == and > splits
Created C4.5 decision tree 13 with == and > splits
Created C4.5 decision tree 19 with == and > splits
Created C4.5 decision tree 25 with == and > splits
-994
-996
-994
-995
-980
-996
-994
-995
-994
-994
-997
-997
-997
-989
-995
-997
-997
-997
-997
-997
-997
-995
-997
-997
-997
-979
-994
-996
-994
-994
-996
-997
-995
-993
-996
-997
-995
-997
-995
-996
-995
-995
-995
-995
-994
-996
-995
-995
-994
-995
-995
-996
-996
-995
-995
-996
-995
-995
-993
-993
-992
-992
-993
-994
-992
-994
-992
-992
-994
-994
-994
-994
-994
-994
-991
-996
-995
-990
-994
-992
-995
-978
-994
-994
-990
-994
-989
-994
-996
-995
-995
-995
-995
-983
-991
-968
-995
-931
-993
-990
-993
-993
-989
-945
-988
-995
-987
-987
-987
-986
-987
-987
-986
-986
-986
-988
-988
-988
-960
-959
-994
-973
-973
-987
-987
-993
-959
201
-833
-957
-971
-943
-943
-971
-890
-993
-991
-988
-991
-984
-991
-991
-991
-991
-988
-991
-991
-917
-991
-991
201
-889
-984
-945
-947
-919
201
-994
-994
201
-889
-945
-917
-973
-973
-973
-917
-973
-992
201
-833
201
201
-805
201
-992
201
201
-926
-905
-982
-990
-996
-996
-933
-990
-996
-926
201
-993
-993
-978
-844
-979
-914
-984
-984
-956
-984
-984
201
-905
-992
-989
-989
-992
-989
-947
-992
-989
-989
-992
-989
-989
-992
-955
-989
-983
-989
-989
-989
-947
-989
-989
-992
-989
-992
-989
-991
-989
-989
-849
-989
-877
-961
-989
-989
-989
-975
-975
-963
-991
-975
-975
-991
-975
-947
-935
-991
-991
-991
-991
-906
-990
-976
-990
-990
-990
-990
-990
-990
-990
-990
-990
-990
-990
-990
-990
-990
-990
-990
-990
-990
-990
-990
-990
201
201
-836
201
-956
-992
-992
-928
-984
-984
-992
-984
-834
-946
-993
-979
-993
-981
-983
-946
201
-977
201
-977
-918
-989
-975
-989
-996
-996
-989
-996
-989
-996
-996
-989
-989
-996
-993
-996
-989
-989
-989
-996
-975
-996
-989
-996
-989
-989
-996
-996
-989
-989
-989
-877
-991
-989
201
-991
-989
-991
-991
-984
-989
-843
-983
-857
201
-991
-929
-927
-913
-973
-991
-971
-985
-975
201
-989
-989
-989
-989
-971
-917
-996
-961
-989
-957
-989
-989
-875
-903
-987
-903
-973
-931
-973
-987
-806
201
201
201
201
201
-931
-987
-987
-987
-987
201
-945
201
201
201
201
-805
-861
-889
-973
-889
-833
-992
-889
-992
-992
-992
-992
-992
-992
-992
-889
-992
-992
-992
-992
-992
-992
-992
-992
-992
-992
-917
-992
-992
-992
-992
-992
-992
201
201
201
-996
201
201
201
201
201
-994
-982
201
201
201
-980
201
201
201
-971
201
-936
-936
-936
-964
-964
-936
-936
-964
-964
-936
-936
-936
-978
201
-976
-997
-977
-997
-977
-997
-920
-997
-991
-997
-920
-997
-976
-997
-948
-997
-955
-983
-983
-969
-983
-969
-983
-969
-922
-977
-983
-995
201
201
-997
-978
-978
-978
-997
-978
-997
-984
-984
-984
-978
-997
-984
201
-997
-984
-974
-984
-977
-977
-963
-991
201
-991
-991
-977
-991
-991
-991
-991
-991
-991
-977
-991
-991
-991
-977
-991
-991
-991
-991
-991
-991
-991
-991
-991
-991
-991
-991
-991
-991
-991
-991
-991
-991
-991
-991
-991
-991
-991
-977
-991
-991
-991
-991
-991
-991
-991
-991
-991
-991
-991
-991
-991
-991
-991
-991
-991
-991
-991
-991
-991
-991
-991
-991
-991
-991
-991
-991
-955
-955
201
-880
-936
-936
-936
201
201
-936
-815
-917
-941
201
-885
201
201
-862
-995
-995
-995
-995
201
-995
-995
-995
-995
-995
-995
-995
-995
-995
-995
-995
-995
-995
-995
-995
-995
-995
-995
-995
-995
-995
-995
-995
-995
-995
-995
-995
-988
-974
-985
-995
-995
-995
-995
-995
-995
-995
-995
-995
-995
-995
-995
-995
-995
-995
-995
-995
-995
-995
-995
-995
-995
-995
-995
-995
-995
-995
-995
-995
-995
-995
-995
-995
-995
-995
-995
-995
-995
-995
-995
-995
-995
-995
-995
-995
-995
-995
-995
-995
-995
-995
201
-995
-995
-995
-995
-995
-995
-995
-995
-995
-995
-995
-995
-995
-995
-995
-995
-995
-995
-995
-995
-995
-995
-995
-995
-995
-995
-995
-995
-995
-995
-995
-995
-995
-995
-995
-995
-995
-995
-995
-995
-995
-995
-977
201
-996
-921
-996
-996
-996
-996
-996
-996
-996
-996
-996
-996
-996
-996
-996
-996
-977
-996
-996
-983
-996
-865
201
201
-996
-996
-996
-996
-996
-996
-996
-996
-996
-996
-996
-996
-996
-996
-996
-996
-996
-996
-996
-996
-996
-996
-996
-996
-996
-996
-996
-996
-996
-996
-996
-996
-996
-996
-996
-977
-996
-996
-996
-996
-996
-996
-996
-996
-996
-996
-996
-996
-977
-996
-996
-996
-996
-921
201
-989
-989
-989
-989
-989
-989
-989
-989
-989
-989
-919
-989
-989
-989
-947
-989
-989
-989
-989
-989
-989
-989
-989
201
-933
-989
-989
-989
-989
-989
-989
-989
-891
-989
-989
-989
-989
-989
-989
201
-989
-989
-977
-973
201
-945
-973
-973
-973
201
201
201
201
201
201
-983
-932
-932
-960
-960
-932
-932
-932
-932
-932
-932
-932
-932
-932
-932
-932
-932
-932
-932
-932
-932
-932
-959
-987
-987
-987
-987
-990
-990
-962
-987
-987
-987
-982
-990
-990
-990
-990
-990
-990
-990
-990
-987
-990
-990
-990
-990
-991
-991
-990
-955
-983
-991
-991
-991
-991
-991
-990
-990
-990
-983
-990
-983
-983
-983
-991
-990
-990
-991
-991
-991
-991
-990
-990
-991
-990
-990
-990
-990
-982
-983
201
201
201
-983
-983
-983
-983
-990
-990
-983
-990
-990
-990
-990
-990
-991
-990
-990
-991
-990
-990
-990
-990
-990
-990
-990
-958
-945
-916
201
-944
-902
201
201
201
201
201
201
-945
-915
-987
-987
-985
-973
201
-987
-973
-973
-973
-973
-945
-973
-973
-888
-986
-986
-972
-986
