agent: texplore
env: asterix
Feature Selection: 2
Environment is episodic.
set statesPerDim to 0 for all dim
feature 0 has range 30
feature 1 has range 30
reward range: 1020
Parallel ETUCT tracking real state values
Planner using history size: 0
Start model learning thread
start parallel uct planning search thread
Created MultClass 0 with nModels: 5
Created C4.5 decision tree 0 with == and > splits
Created C4.5 decision tree 6 with == and > splits
Created C4.5 decision tree 12 with == and > splits
Created C4.5 decision tree 18 with == and > splits
Created C4.5 decision tree 24 with == and > splits
Created MultClass 2 with nModels: 5
Created C4.5 decision tree 2 with == and > splits
Created C4.5 decision tree 8 with == and > splits
Created C4.5 decision tree 14 with == and > splits
Created C4.5 decision tree 20 with == and > splits
Created C4.5 decision tree 26 with == and > splits
Created MultClass 3 with nModels: 5
Created C4.5 decision tree 3 with == and > splits
Created C4.5 decision tree 9 with == and > splits
Created C4.5 decision tree 15 with == and > splits
Created C4.5 decision tree 21 with == and > splits
Created C4.5 decision tree 27 with == and > splits
Created MultClass 1 with nModels: 5
Created C4.5 decision tree 1 with == and > splits
Created C4.5 decision tree 7 with == and > splits
Created C4.5 decision tree 13 with == and > splits
Created C4.5 decision tree 19 with == and > splits
Created C4.5 decision tree 25 with == and > splits
-994
-992
-995
-994
-995
-995
-996
-994
-946
-996
-994
-996
-996
-996
-996
-996
-996
-996
-994
-995
-992
-994
-995
-996
-992
-995
-995
-994
-996
-994
-996
-996
-994
-995
-995
-996
-995
-984
-993
-993
-993
-992
-997
-993
-992
-997
-997
-997
-994
-994
-994
-994
-980
-994
-994
-994
-993
-994
-995
-995
-994
-992
-996
-995
-996
-996
-996
-996
-982
-996
-996
-995
-992
-992
-995
-978
-967
-994
-994
-996
-994
-994
-996
-994
-996
-995
-992
-992
-952
-994
-964
-995
-995
-964
-992
-993
-993
-953
-995
-995
-995
-995
-995
-994
-995
-992
-994
-983
-994
-977
-993
-977
-973
-977
-977
-997
-997
-994
-962
-982
-973
-990
-990
-990
-945
-975
-973
-972
-995
-994
-994
-995
-960
-992
-992
-992
-992
-960
-995
-988
-988
-994
-985
-995
-994
-985
-994
-932
-906
-990
-934
-990
-995
201
-920
-990
-990
-990
-990
-990
-990
-990
-890
-974
-934
-963
-951
-932
-850
-905
-975
-983
201
-977
-979
-962
201
-992
-992
201
-861
-917
201
-806
-918
-946
-946
-959
-987
-987
-993
-987
-987
-987
-987
-987
-987
-987
-970
-942
201
-942
-970
-970
-984
201
-973
-973
-970
-973
-991
-973
-973
-943
-975
-971
-971
-985
-971
-975
-995
-930
-994
-994
-994
-994
-994
-994
-994
-994
-994
-994
-984
-986
-994
-994
-994
-994
-842
-858
-991
-991
-905
-989
-975
-989
-989
-989
-914
-970
-914
-942
-970
-970
-816
-957
-956
-984
-928
-984
-984
-984
-971
-956
-984
-984
-985
-984
-985
-985
201
-866
201
-859
-964
-992
-940
201
-835
-976
-982
201
-992
201
201
201
-996
201
-996
201
201
-975
201
201
201
201
201
201
201
201
201
-992
-903
201
201
201
201
201
201
201
-992
201
201
-836
201
201
-962
-948
-976
-948
-976
-948
201
-996
-996
-996
-996
-996
-996
-996
-996
-996
-996
-996
-996
-996
-996
-996
-996
-996
-996
-996
-996
-996
-996
-996
-996
-996
-996
-996
-996
-996
-996
-996
-996
-996
-996
-996
-996
-996
-996
-996
-996
-996
-996
201
201
201
-990
-985
-913
-978
-913
201
201
-991
-846
-989
-986
-958
-986
-987
-986
-986
-987
-987
-986
-986
-987
-986
-986
-986
-986
-986
-986
-986
-986
-986
-986
-986
-986
-986
-986
-986
-986
-988
-987
-990
-973
-981
-981
-981
-981
-981
-981
-953
-987
-981
-981
-981
-981
-981
-981
-981
-973
-981
-953
-981
-981
-981
-981
-981
-981
-981
-960
-879
-960
-988
-986
-989
201
-958
-986
-958
-933
-987
-987
-991
-987
-987
-987
-988
-988
-988
-988
-988
-988
-988
-988
-988
-988
-988
-988
-988
-988
-988
-988
-988
-988
-988
-988
-988
-988
-988
-988
-988
-988
-988
-988
-988
-988
-988
-988
-988
-988
-988
-988
-988
-988
-988
-988
-988
-988
-960
-988
-974
-974
-960
-988
-815
-988
-988
-988
-988
-988
-988
-988
-988
-989
-988
-988
-988
-988
-988
-988
-988
-988
-988
-988
-989
-989
-988
-988
-989
-989
-989
-988
-988
-991
-988
-988
-990
-988
-969
-997
-988
-989
-988
-988
-988
-988
-989
-961
-988
-988
-989
-988
-988
-988
-989
-988
-989
-988
-988
-989
-988
-989
-988
-989
-988
-989
-988
-989
-988
-989
-988
-989
-988
-989
-988
-989
-988
-989
-988
-989
-988
-989
-988
-989
201
-990
-990
-990
-990
201
-990
-990
-990
-990
-990
-990
-990
-990
-990
-990
-990
-990
-990
-990
-990
-990
-990
-990
-990
-990
-990
-990
-990
-990
-990
-983
201
-945
201
201
-991
-875
-903
-987
-875
-959
-956
201
-959
-987
-987
-987
-959
-987
-959
-987
-987
-987
-987
-987
-987
-862
201
201
-890
-875
-987
-959
-959
-959
-834
-947
-890
201
-918
201
201
201
201
-991
201
201
-992
-992
-841
-992
-992
201
201
-992
-992
-992
-992
-992
-992
-983
-992
-992
-992
-992
-992
-992
-992
-983
-992
-992
-870
-891
201
-919
201
-919
-919
-919
-843
-891
201
-919
201
-863
201
-970
-984
-984
-947
-990
-990
-984
-984
-990
-990
-990
-843
-990
-990
-990
-990
-990
-990
-990
-990
-990
-976
-990
-990
-990
-990
-990
-990
-990
-990
-990
-990
-990
-990
-990
-990
-990
-990
-990
-990
-990
-990
-990
-990
-990
-990
-990
-990
-990
-990
-990
-990
-892
-990
-990
-990
-990
-990
-990
-990
-990
-990
-990
-990
-990
-990
-990
-990
-990
-990
-990
-990
-990
-990
-990
-990
-862
201
-861
-974
-945
-833
-973
201
-833
-851
201
-991
-963
-963
-963
201
-991
-963
-991
-991
-963
-963
-963
-935
-983
-991
201
201
-991
-983
-970
-970
-984
-984
-899
-930
-955
-986
-972
-986
-955
-986
-955
-955
-927
-955
-955
-955
-958
-986
-986
-986
-986
-955
-955
-955
-955
-972
-986
-986
-927
-955
-986
-928
-956
-967
-936
-956
201
-992
201
-992
-992
-992
-950
-908
201
-964
-816
-956
201
-942
-948
-976
-920
-948
-976
-976
201
-970
-970
-976
-976
-976
-976
-976
-976
-976
-970
-976
-970
-976
-976
-976
-976
-976
-976
-976
-976
-976
-976
-976
-976
-976
-989
201
-983
-989
-989
-989
-989
-989
-989
-989
-989
-975
201
-989
-989
-989
-989
-989
-989
-989
-989
-989
-989
-989
-989
-989
-976
-976
201
-989
-989
-989
-989
-989
-989
-989
-976
-989
-976
-976
-976
-974
-975
-983
201
201
201
201
-983
-989
-983
-983
-989
-989
-989
-988
-988
-989
-989
-988
-988
-989
-989
-989
-988
-989
-989
-989
-989
-989
-989
-989
201
201
-970
-984
-984
-984
-947
-984
-975
-984
-947
-984
-907
-879
-823
201
-984
-901
-957
-970
-928
-929
-901
-957
-957
-957
-929
-957
-929
-929
-929
-929
-929
-957
-957
-957
-929
-919
-990
-906
-942
201
