agent: texplore
env: asterix
Feature Selection: 2
Environment is episodic.
set statesPerDim to 0 for all dim
feature 0 has range 30
feature 1 has range 30
reward range: 1020
Parallel ETUCT tracking real state values
Planner using history size: 0
start parallel uct planning search thread
Start model learning thread
Created MultClass 0 with nModels: 5
Created C4.5 decision tree 0 with == and > splits
Created C4.5 decision tree 6 with == and > splits
Created C4.5 decision tree 12 with == and > splits
Created C4.5 decision tree 18 with == and > splits
Created C4.5 decision tree 24 with == and > splits
Created MultClass 2 with nModels: 5
Created C4.5 decision tree 2 with == and > splits
Created C4.5 decision tree 8 with == and > splits
Created C4.5 decision tree 14 with == and > splits
Created C4.5 decision tree 20 with == and > splits
Created C4.5 decision tree 26 with == and > splits
Created MultClass 3 with nModels: 5
Created C4.5 decision tree 3 with == and > splits
Created C4.5 decision tree 9 with == and > splits
Created C4.5 decision tree 15 with == and > splits
Created C4.5 decision tree 21 with == and > splits
Created C4.5 decision tree 27 with == and > splits
Created MultClass 1 with nModels: 5
Created C4.5 decision tree 1 with == and > splits
Created C4.5 decision tree 7 with == and > splits
Created C4.5 decision tree 13 with == and > splits
Created C4.5 decision tree 19 with == and > splits
Created C4.5 decision tree 25 with == and > splits
-992
-995
-995
-993
-995
-991
-994
-994
-996
-994
-995
-993
-992
-993
-995
-994
-996
-995
-996
-997
-997
-997
-994
-997
-996
-996
-996
-996
-995
-996
-992
-994
-996
-996
-972
-994
-994
-994
-972
-973
-989
-986
-986
-987
-987
-984
-989
-994
-996
-996
-992
-986
-996
-997
-996
-983
-989
-996
-996
-996
-991
-991
-996
-995
-972
-995
-931
-978
-970
-996
-988
-974
-875
-981
-979
-973
-966
-903
-990
-988
-987
-993
-993
-987
-993
-988
-995
-988
-834
-975
-975
-993
-995
-989
-975
-995
-989
-995
-960
-990
-990
-990
-990
-990
-990
-966
-994
-934
-995
-990
-990
-906
-989
-990
-990
-990
-990
-990
-990
-805
201
-983
201
-995
-995
-861
-893
-994
-977
-995
-984
-969
-993
-984
-984
-984
-984
-992
-919
-970
-983
-984
-979
-970
-984
-984
-984
-984
-843
-995
-995
-926
-979
-995
-995
-965
-995
-995
-981
-995
-995
-995
-956
-942
-995
-995
-995
-995
-995
-994
-994
-994
-966
-994
-994
-948
-980
-994
-994
-994
-994
-994
-893
-994
-985
-843
-994
-978
-931
-992
-931
-994
-945
-985
-935
-980
-991
-991
-959
-991
-991
-991
-991
-991
-991
-991
-968
-991
-974
-960
-991
-980
-952
201
-996
-996
-996
-991
-861
-801
-945
-835
-837
-980
-994
201
-982
-982
-926
-817
201
-994
-917
-880
-936
201
-936
-845
-937
-937
-949
-991
201
-906
-989
-971
-989
-989
-975
-989
-989
-989
-989
-990
-990
-990
-990
-975
-989
-989
-975
-990
-887
-971
-901
-957
-985
-841
201
-890
-937
-876
-951
-805
-937
-937
-937
-981
-976
-939
-890
-988
-991
-861
-968
-936
-936
-936
-936
-936
-936
-936
-936
-936
-936
-936
-936
-889
201
-973
-975
-833
201
-973
201
-995
-917
-805
201
-949
201
201
201
-969
-977
201
-989
201
201
201
201
-932
201
-850
-934
201
-990
201
201
-823
201
-959
-987
-959
-992
-992
-992
-992
-992
-959
-991
-963
-963
-991
-931
-911
-933
-905
-934
201
-962
201
-962
201
-974
-960
201
-944
201
-874
201
201
201
201
201
201
201
201
201
201
201
201
201
201
201
201
201
201
201
-984
201
201
201
201
201
-833
-847
201
201
-990
201
-991
-945
-973
-973
201
201
-990
-945
-973
-990
-987
-984
-973
-990
-990
-987
-990
-987
-987
-973
-945
-990
-973
201
-976
-973
-990
-973
-973
-987
-973
-987
-906
201
201
201
-987
-822
-934
-962
-934
-962
-962
-934
-959
-959
-959
-959
-987
-959
-987
-959
-987
-987
-987
-959
-987
-959
-987
-959
-987
-987
-987
-987
-987
-987
-987
-987
-987
-987
-987
-987
-987
-987
-987
-987
-987
-987
-987
-987
-987
-987
-987
-987
-987
-918
201
-973
-987
-959
-959
-987
-988
-959
-959
-931
-932
-960
-960
-959
-959
-960
-890
-988
-960
-959
-974
201
-974
-988
-974
-974
-960
-974
-974
-988
-960
-960
-960
-974
-974
-974
-974
-960
-960
-959
-959
-959
-959
201
201
-808
201
201
201
201
-961
-975
-961
201
-956
-989
-961
-975
-975
-975
-989
-975
-989
-989
-989
-989
-989
-989
-989
-989
-989
-989
-989
-989
-989
-989
-989
-989
-989
-989
-984
-989
-989
-989
-989
-989
-989
-989
-989
-989
-961
-989
-989
-989
-989
-975
-989
-989
-989
-975
-989
-989
-975
-989
-919
-975
-989
-989
-989
-989
-989
-989
-989
-989
-989
-989
-989
-989
-989
-989
-989
-989
-988
-994
-989
-897
-974
-985
-988
-988
-988
-988
-989
-968
-988
-988
-988
-988
-988
-982
-988
-988
-988
-988
-988
-988
-988
-988
-988
-988
-988
-982
-988
-988
-988
-988
-988
-988
-988
-988
-988
-988
-988
-988
-988
-988
-988
-988
-988
-988
-989
-982
-988
-989
-898
-989
-982
-989
-982
-989
-988
-988
-988
-988
-988
-988
-988
-988
-988
-988
-988
-988
-988
-988
-988
-988
-988
-988
-988
-988
-988
-988
-988
-988
-988
-988
-988
-988
-988
-988
-988
-988
-988
-988
-988
-988
-982
-988
-988
-988
-988
-988
-988
-988
-986
-916
-986
-972
-972
-972
-972
-972
-972
-986
-986
201
-972
201
201
-972
-972
-986
-972
-986
-972
-972
-972
-972
-972
-972
-972
-972
-972
-972
-986
-972
-972
-972
-986
-986
-986
-972
201
201
201
201
201
201
201
201
201
201
201
201
201
201
201
201
201
201
201
201
201
201
-958
-973
-973
-959
-973
-973
-973
201
201
-972
-973
-973
-973
-973
-973
-973
-973
-973
-973
-973
-973
-973
-973
-973
-973
-973
-987
-973
-973
-973
-973
-973
-973
-973
-987
-973
-973
-973
-974
-988
-974
201
201
-974
-974
-974
-974
-974
-988
201
201
201
-988
-974
-974
-974
-974
-974
-988
-988
-960
-988
-988
-974
-988
-932
-974
-982
-974
-974
-974
-974
-974
201
201
-982
-988
-988
-974
-982
-996
-988
-988
-974
-988
-988
-982
-988
-974
-982
-988
-982
-988
-988
-974
-982
-996
-982
-974
-974
-974
-974
-974
-974
-974
-974
-974
-982
-996
-996
-996
-996
-996
-996
-996
-996
-988
-988
-988
-988
-927
-997
-843
-997
-955
-955
-955
-955
-927
-997
-997
-997
-997
-997
-997
-997
-927
-955
-927
-955
-955
-955
-955
-955
-955
-955
-955
-955
-955
-955
-955
-927
-955
-955
-955
-955
-962
-976
-990
-990
-990
-976
-962
-990
-976
201
-990
-990
-990
-990
-990
-976
-990
-990
-990
-990
-990
-990
-990
-990
-990
-990
-990
-990
-990
-990
-990
-990
-990
-990
-976
-976
-990
-990
-990
-990
-990
-990
-990
-990
-990
-990
-990
-990
-990
-990
-990
-990
-990
-990
-990
-990
-990
-990
-990
-990
-990
-990
-990
-990
-990
-990
-990
-990
-990
-990
-990
-990
-990
-990
-990
-990
-990
-990
-990
-990
-990
-990
-990
