agent: texplore
env: asterix
Feature Selection: 2
Environment is episodic.
set statesPerDim to 0 for all dim
feature 0 has range 30
feature 1 has range 30
reward range: 1020
Parallel ETUCT tracking real state values
Planner using history size: 0
Start model learning threadstart parallel uct planning search thread

Created MultClass 0 with nModels: 5
Created C4.5 decision tree 0 with == and > splits
Created C4.5 decision tree 6 with == and > splits
Created C4.5 decision tree 12 with == and > splits
Created C4.5 decision tree 18 with == and > splits
Created C4.5 decision tree 24 with == and > splits
Created MultClass 2 with nModels: 5
Created C4.5 decision tree 2 with == and > splits
Created C4.5 decision tree 8 with == and > splits
Created C4.5 decision tree 14 with == and > splits
Created C4.5 decision tree 20 with == and > splits
Created C4.5 decision tree 26 with == and > splits
Created MultClass 3 with nModels: 5
Created C4.5 decision tree 3 with == and > splits
Created C4.5 decision tree 9 with == and > splits
Created C4.5 decision tree 15 with == and > splits
Created C4.5 decision tree 21 with == and > splits
Created C4.5 decision tree 27 with == and > splits
Created MultClass 1 with nModels: 5
Created C4.5 decision tree 1 with == and > splits
Created C4.5 decision tree 7 with == and > splits
Created C4.5 decision tree 13 with == and > splits
Created C4.5 decision tree 19 with == and > splits
Created C4.5 decision tree 25 with == and > splits
-996
-994
-993
-996
-993
-996
-995
-995
-990
-996
-997
-993
-996
-997
-997
-997
-993
-997
-986
-994
-995
-995
-995
-995
-994
-995
-996
-995
-994
-995
-995
-995
-995
-995
-995
-994
-993
-993
-993
-993
-993
-993
-993
-993
-980
-996
-996
-996
-996
-994
-994
-995
-980
-980
-992
-991
-991
-992
-992
-994
-992
-995
-992
-994
-981
-995
-995
-995
-994
-994
-995
-995
-995
-988
-995
-994
-981
-995
-974
-992
-980
-993
-993
-997
-997
-991
-974
-947
-989
-972
-960
-988
-849
-975
-991
-991
-991
-991
-991
-991
-991
-991
-930
-987
-988
-986
-987
-994
-988
-988
-988
-988
-988
-974
-889
-920
-976
-976
-935
-975
-991
-991
-947
-990
-892
-891
-996
-981
-992
201
-945
-985
-936
-992
-992
-893
-990
-990
-962
-921
-996
-908
-990
-984
-992
-978
-978
-992
-992
-992
-992
-992
-992
-983
-988
-955
-983
-975
-991
-985
-995
-943
-971
-995
-971
-953
-996
-995
-968
-995
-990
-995
-990
-990
-995
-990
-995
-982
-995
-996
-995
-870
-992
-963
-980
-989
-952
-994
-994
-992
-994
-992
-994
-994
-994
201
-921
-991
-929
-985
-960
-971
-988
-979
-985
-985
-985
-975
-994
-994
-994
-994
-994
-994
-966
-994
-994
-994
-994
-994
-989
-980
-994
-994
-994
-994
-984
-992
-994
-996
-984
-988
-984
-988
-996
-988
-996
-996
-988
-988
-996
-988
-996
-988
-996
-996
-981
-956
-983
-984
-927
-983
-974
-942
-969
-974
-969
-980
-994
-994
-978
-994
-913
-913
-843
-948
-927
-806
-914
-995
-985
-943
-985
-985
-985
-985
-985
-995
-971
-995
-985
-971
-995
201
-892
-808
201
-870
-989
-989
-996
-996
-996
-996
-996
-996
-996
-996
-996
-996
-996
-996
-996
-996
-996
-996
-996
-996
-996
-996
-996
-996
-996
-996
-996
-996
-996
-996
-996
-996
-996
-996
-996
-996
-996
-996
-996
-996
-996
-996
-996
-996
-996
-996
-996
-996
-996
-996
-996
-996
-996
-996
-989
-833
201
-961
201
-932
-955
-927
-934
-955
-983
-990
-990
201
-988
-991
-945
-889
-945
-945
-945
-945
-917
-945
201
-996
-983
-983
-917
-983
-983
-983
-869
-897
-981
-841
-981
-980
-970
-928
201
-942
-942
-927
-859
-977
-862
-890
201
201
-987
-892
-992
-808
-991
-976
201
-987
-808
-978
-864
-991
-978
-945
201
-927
201
-939
-967
201
-918
-976
201
-929
-977
-859
-985
-985
201
-962
201
201
201
-921
-977
201
201
-975
-847
-987
-987
201
-889
-983
-955
-955
-955
-955
-955
-927
-955
-955
-963
-963
201
-945
-991
-991
-989
-864
-864
-945
-991
-948
-961
-889
201
201
201
201
-903
-984
201
-984
201
-984
201
-984
-875
-968
201
-917
-959
-996
201
-982
-931
-875
-959
-996
-959
-931
-959
-864
-973
-959
-974
-864
-974
-973
-987
-987
-987
-987
-987
-987
-987
-987
-987
-987
-959
-962
-974
-990
-973
-988
-973
-987
-959
-990
-987
201
-904
-820
201
201
-876
-904
-988
-988
-834
-986
-972
201
-974
-988
-974
-957
-973
-973
-985
-971
-987
-974
201
-918
-847
-847
-805
-847
-931
-931
-931
-931
-931
201
201
201
201
201
201
-834
-974
-974
-974
-974
-974
-974
201
-924
-924
-952
-980
-980
-980
-938
-980
-980
-980
-910
-938
-924
201
201
-867
-931
-912
-987
-987
201
201
-987
-987
-987
-987
-987
-987
-987
-987
-987
-973
-987
-987
-987
-973
-973
-987
-987
-987
-987
-987
-884
-987
-987
-987
-987
-987
-973
-973
-987
-987
-987
-973
-987
-987
-960
-858
201
-970
-963
-823
-963
-928
201
-851
-963
-963
-963
201
201
-935
-992
-984
-911
-986
-986
-986
-986
-986
-986
-967
-986
-986
-986
-986
-986
-972
-856
-986
-986
-986
-986
-986
-986
-986
-986
-986
-972
-972
-986
-986
-986
-972
-972
-972
-972
-972
-986
-986
-972
-972
-986
-986
-986
-972
-972
-972
-986
-972
-972
-986
-972
-972
-986
-972
-972
-936
-972
-986
-986
-986
-986
-972
-972
-958
-986
-990
-959
-987
-987
-987
-987
-945
-987
-987
-987
-987
-959
-987
-987
-987
-987
-987
-987
-987
-987
-987
-987
-987
-987
-987
-987
-987
-987
-987
-987
-987
-987
-987
-987
-987
-987
-987
-987
-987
-987
-987
-987
-987
-987
-987
-987
-987
-987
-987
-987
-987
-987
-987
-987
-987
-987
-987
-987
-987
-987
-987
-987
-987
-987
-987
-987
-987
-987
-987
-987
-987
-987
-987
-987
-987
-987
-987
-987
-987
-987
-987
-987
-987
-987
-987
-987
-987
-987
-987
-987
-987
-987
-987
-987
-987
-987
-987
-987
-987
-987
-987
-987
-987
-987
-987
-987
-987
-987
-987
-987
201
-904
-984
-984
-970
-970
-970
-990
-984
-988
-988
201
-990
-960
-976
201
201
-833
-970
-976
-917
-971
-970
-990
-970
-970
-956
201
201
201
201
201
201
201
201
201
201
201
-931
-959
-934
-959
-931
201
-990
-990
-962
-962
-931
201
-959
-959
-931
-959
-885
-885
201
201
-969
-969
-889
201
201
201
201
-913
-969
201
-945
-941
201
201
201
201
201
201
201
201
201
201
201
201
201
201
-962
-962
-990
-990
-990
-990
-990
-990
-990
-990
-990
-990
-990
-990
-990
-990
-990
-990
-990
-990
-990
-990
-944
201
201
201
-972
201
201
201
201
201
201
201
201
201
201
-845
-887
-985
201
201
201
201
201
201
201
201
201
201
201
201
-923
201
-923
201
201
201
201
-867
201
-993
201
-993
201
-993
201
201
201
201
201
201
201
201
201
201
201
201
201
201
201
201
201
201
201
-917
201
-968
201
201
-945
201
201
201
201
-994
-994
-994
-994
-994
-994
-994
-994
-994
-924
-994
-994
-994
