agent: texplore
env: asterix
Feature Selection: 2
Environment is episodic.
set statesPerDim to 0 for all dim
feature 0 has range 30
feature 1 has range 30
reward range: 1020
Parallel ETUCT tracking real state values
Planner using history size: 0
Start model learning thread
start parallel uct planning search thread
Created MultClass 0 with nModels: 5
Created C4.5 decision tree 0 with == and > splits
Created C4.5 decision tree 6 with == and > splits
Created C4.5 decision tree 12 with == and > splits
Created C4.5 decision tree 18 with == and > splits
Created C4.5 decision tree 24 with == and > splits
Created MultClass 2 with nModels: 5
Created C4.5 decision tree 2 with == and > splits
Created C4.5 decision tree 8 with == and > splits
Created C4.5 decision tree 14 with == and > splits
Created C4.5 decision tree 20 with == and > splits
Created C4.5 decision tree 26 with == and > splits
Created MultClass 3 with nModels: 5
Created C4.5 decision tree 3 with == and > splits
Created C4.5 decision tree 9 with == and > splits
Created C4.5 decision tree 15 with == and > splits
Created C4.5 decision tree 21 with == and > splits
Created C4.5 decision tree 27 with == and > splits
Created MultClass 1 with nModels: 5
Created C4.5 decision tree 1 with == and > splits
Created C4.5 decision tree 7 with == and > splits
Created C4.5 decision tree 13 with == and > splits
Created C4.5 decision tree 19 with == and > splits
Created C4.5 decision tree 25 with == and > splits
-996
-994
-992
-995
-994
-990
-993
-995
-994
-997
-988
-991
-997
-994
-994
-994
-980
-994
-994
-994
-994
-994
-994
-995
-994
-980
-994
-992
-992
-992
-992
-992
-993
-990
-995
-995
-994
-994
-994
-994
-994
-994
-994
-994
-994
-991
-993
-990
-990
-990
-982
-996
-996
-996
-996
-996
-993
-997
-995
-995
-989
-994
-989
-996
-989
-996
-989
-995
-995
-996
-989
-984
-977
-981
-991
-981
-995
-992
-991
-991
-991
-991
-984
-990
-990
-993
-995
-989
-996
-996
-996
-996
-996
-996
-996
-996
-996
-996
-996
-996
-996
-996
-996
-996
-996
-995
-954
-996
-996
-996
-996
-996
-996
-996
-992
-976
-968
-992
-955
-922
-953
-991
-980
-991
-970
-991
-993
-976
-995
-995
-995
-995
-934
-981
-984
-992
-994
-994
-984
-967
-983
-995
-995
-995
-995
-995
-995
-995
-995
-995
-995
-995
-977
-997
-997
-997
-997
-997
-997
-997
-983
-974
-982
-968
-992
-976
-992
-968
-976
-962
-990
-970
-990
-984
-989
-984
-989
-990
-991
-990
-983
-962
-990
-980
-990
-906
-962
-990
-976
-962
-992
-955
-982
-833
-972
-958
-972
-972
-959
-959
-959
-989
-989
-975
-989
-991
-995
-989
-989
-961
-975
-995
-941
-969
-976
-891
-973
-973
-973
-885
-893
-991
-991
-991
-991
-991
-991
-991
-991
-972
-988
-991
-991
-988
-986
-986
-986
-986
-985
-988
-987
-987
-987
-988
-988
-988
-988
-988
-988
-931
-985
-985
-985
-985
-985
-950
-984
-984
-984
-984
-984
-984
-963
-974
-991
-988
-996
-987
-987
-987
-988
-996
-983
-988
-916
-972
-987
-987
-945
-969
-941
-972
-972
-944
-908
-983
-928
-943
-943
-985
-985
-985
-985
-944
-900
201
-866
-875
-973
-969
-960
201
201
201
201
-936
201
-951
-963
-898
-848
-977
-977
-977
-898
-842
-994
-928
-996
-996
-904
-899
-984
-984
201
-919
-961
-969
-919
-941
-907
-918
-974
-946
-974
-974
-974
201
201
-864
-945
201
201
201
201
201
201
201
-945
201
201
-990
201
-990
-887
-948
-943
201
201
201
201
-933
201
201
201
201
201
201
201
201
201
201
-996
201
201
201
201
201
201
-920
201
201
201
201
201
201
201
201
201
201
201
201
201
201
201
201
201
-990
201
-979
-950
201
-979
201
201
201
201
-993
-977
201
201
201
201
201
-977
201
201
201
-948
201
201
-904
201
201
201
201
201
201
201
201
201
201
201
201
201
201
201
201
201
201
201
201
201
-949
201
201
201
201
201
201
-982
-982
201
-982
201
-982
-820
201
-960
201
201
201
201
201
201
-948
201
201
201
201
201
201
201
201
201
201
-862
201
-974
-848
201
-834
-862
201
-821
-989
-989
-989
-975
-989
-989
-989
-989
-989
-989
-989
-989
-989
-989
-975
-989
-989
-989
-989
-989
-989
-989
-989
-989
-989
-989
-975
-989
-989
-975
-989
-989
-989
-989
-989
-989
-989
-989
-989
-989
-975
-989
-989
-989
-989
-989
-989
-989
-989
-989
-989
-989
-989
-989
-989
-989
-989
-989
-989
-989
-989
-989
-989
-989
-989
-989
-989
-989
-989
-989
-989
-989
-989
-989
-989
-989
-989
-989
-989
-975
-975
-989
-989
-989
-989
-989
-989
-989
-989
-989
-989
-989
-989
-989
-989
-989
-989
-989
-989
-989
-989
-989
-989
-989
-989
-989
-989
-989
-989
-989
-989
-989
-989
-989
-989
-989
-989
-989
-989
-989
-989
-989
-989
-989
-989
-989
-989
-989
-989
-989
-989
-989
-989
-989
-989
-989
-989
-989
-989
-989
-989
-989
-989
-989
-989
-989
-989
-989
-989
-989
-989
-989
-989
-989
-989
-989
-989
-989
-989
-989
-989
-989
-989
-989
-989
-989
-989
-989
-989
-989
-989
-989
-989
-989
201
201
201
201
201
-848
201
201
201
201
201
-932
-932
-960
-820
-960
-932
-960
-932
-932
-960
-960
-960
-960
-960
-960
-960
-960
-960
-960
-960
-960
-961
201
201
201
201
201
201
201
-973
201
201
201
201
201
201
201
201
201
201
201
201
201
201
201
201
201
-973
201
201
201
201
-973
201
201
201
201
201
-973
201
201
-973
-889
-946
-802
201
-976
-802
201
201
201
201
201
201
201
201
201
201
201
201
201
201
201
-836
-990
-990
-990
-990
-990
-990
-990
-948
-990
-990
-990
-990
-990
-990
-990
-990
-990
-990
-990
-990
-990
-990
-990
-990
-990
-990
-990
-990
-990
-990
-990
-990
-990
-990
-990
-990
-990
-990
-990
-990
-990
-990
-990
-990
-990
-990
-990
-990
-990
-990
-990
-990
-990
-990
-990
-990
-990
201
201
201
201
201
201
201
-991
201
201
201
201
201
201
201
-973
201
-925
201
201
201
201
201
201
-973
-917
201
201
201
201
201
201
201
201
-961
201
201
201
201
201
201
201
201
201
201
201
201
201
201
201
201
201
201
201
201
-983
201
201
201
201
-967
201
201
201
201
201
201
201
201
201
201
201
201
201
201
201
201
201
201
201
201
201
201
201
201
201
201
201
-973
201
201
201
201
201
201
201
201
201
201
201
-973
201
201
201
201
201
201
201
-889
-973
201
-973
-973
201
201
201
201
201
201
201
-945
201
-989
201
201
-990
201
201
-990
201
-988
201
201
201
201
201
201
201
-918
201
201
201
201
201
201
201
201
-987
-989
201
-987
-988
201
-988
201
-973
-987
201
-989
201
-988
201
-989
201
-987
-988
201
201
-987
-987
201
-987
-987
-987
-987
-987
-987
201
-987
-987
-987
-987
-987
-987
-987
-987
-987
-987
-987
