agent: texplore
env: asterix
Feature Selection: 2
Environment is episodic.
set statesPerDim to 0 for all dim
feature 0 has range 30
feature 1 has range 30
reward range: 1020
Parallel ETUCT tracking real state values
Planner using history size: 0
start parallel uct planning search thread
Start model learning thread
Created MultClass 0 with nModels: 5
Created C4.5 decision tree 0 with == and > splits
Created C4.5 decision tree 6 with == and > splits
Created C4.5 decision tree 12 with == and > splits
Created C4.5 decision tree 18 with == and > splits
Created C4.5 decision tree 24 with == and > splits
Created MultClass 2 with nModels: 5
Created C4.5 decision tree 2 with == and > splits
Created C4.5 decision tree 8 with == and > splits
Created C4.5 decision tree 14 with == and > splits
Created C4.5 decision tree 20 with == and > splits
Created C4.5 decision tree 26 with == and > splits
Created MultClass 3 with nModels: 5
Created C4.5 decision tree 3 with == and > splits
Created C4.5 decision tree 9 with == and > splits
Created C4.5 decision tree 15 with == and > splits
Created C4.5 decision tree 21 with == and > splits
Created C4.5 decision tree 27 with == and > splits
Created MultClass 1 with nModels: 5
Created C4.5 decision tree 1 with == and > splits
Created C4.5 decision tree 7 with == and > splits
Created C4.5 decision tree 13 with == and > splits
Created C4.5 decision tree 19 with == and > splits
Created C4.5 decision tree 25 with == and > splits
-994
-994
-992
-991
-990
-991
-993
-995
-985
-994
-984
-996
-992
-996
-993
-995
-992
-995
-992
-982
-996
-994
-994
-994
-996
-994
-995
-995
-994
-993
-996
-984
-993
-997
-994
-993
-994
-993
-994
-995
-995
-995
-995
-995
-995
-992
-992
-992
-992
-992
-932
-997
-997
-997
-997
-997
-997
-997
-997
-997
-997
-997
-997
-988
-988
-985
-988
-993
-993
-993
-993
-993
-993
-993
-996
-889
-994
-994
-988
-996
-994
-994
-946
-986
-987
-961
-975
-891
-992
-993
-990
-993
-992
-992
-994
-961
-959
-905
-944
-982
-996
-975
-996
-996
-996
-996
-996
-996
-996
-996
-934
-995
-971
-994
-994
201
-903
-990
-948
-876
-906
-992
-995
-995
-995
-981
-992
-848
-995
-996
-996
-996
-995
-996
-996
-996
-996
-836
-941
-995
-969
-995
-995
-927
-977
-961
-961
-931
-959
-995
-973
-995
-833
-918
-994
-975
-947
-994
-994
-926
-977
-935
-941
-992
-991
-983
-992
-978
-992
-992
-992
201
-935
-977
-991
-991
-995
-991
-995
-963
-991
-991
-991
-991
-991
-949
-991
-991
-991
-991
201
-969
-941
-941
-992
-969
-983
-983
-987
-969
-983
-983
-975
201
-922
-908
-971
-992
-983
-992
-992
-992
-992
-992
-992
-992
-992
-992
-992
-992
-925
-992
-992
-992
-992
-992
-992
-992
-992
-842
-954
201
-949
-997
-913
-997
-997
-997
-997
-991
-997
-997
-997
201
-996
-996
-974
-946
201
-982
-996
-843
-983
-899
-970
-928
-903
201
201
201
-805
-973
-987
201
201
201
-991
-946
-946
-974
-946
-946
-847
-925
201
-877
-994
-849
-994
-919
-989
-974
-946
-988
-988
-988
-988
-988
-974
-988
-988
-988
-988
-988
-988
-988
-988
-988
-988
-988
-988
-988
-988
-988
-988
-988
-895
201
-947
-879
-921
-893
-893
-977
-977
-919
-991
-893
-977
-977
201
-977
201
201
201
201
201
201
-991
201
201
201
201
201
-931
-882
201
-981
-992
-992
-991
-992
201
-992
-992
-992
-992
-992
-819
-819
-847
201
201
-889
201
-929
-985
-985
-985
-985
-985
-985
-985
-985
-985
-985
-985
-985
-971
-985
-985
-985
-985
-985
-985
-985
-985
-985
-985
-985
-985
-985
-985
-985
-985
-985
-985
-985
-985
-985
-985
-985
-985
-944
-958
-944
-916
-986
-986
-986
-986
-986
-986
-986
-958
-986
-972
-958
-972
-986
-986
-972
-972
-986
-986
-986
-972
-986
-944
201
-863
201
-837
201
201
201
201
-844
-978
-956
-992
-978
-956
-984
-992
-963
-978
-956
-950
-956
-956
-956
-894
-900
-956
-872
-984
-928
201
201
201
201
-991
-991
-991
201
201
201
-991
-991
-991
-949
-990
201
-991
-991
-991
-991
-991
-991
-991
-991
-991
-991
-991
-991
-991
-982
-976
201
-991
-968
-906
-990
-991
-879
-963
-990
-991
-991
201
-990
-991
-991
201
-991
-991
-991
201
-990
-990
-990
-990
-990
-990
-990
-990
-990
-990
-990
-990
-990
-990
-990
-990
-990
-990
-990
-990
-990
-990
-991
-809
-954
201
-991
201
-991
201
201
-991
-851
-990
-991
-893
-991
-991
-991
-991
-991
-991
-865
-991
-991
-991
-991
-991
-991
-991
-991
-991
-931
-991
-991
-991
-991
-991
-991
-991
-991
-991
-991
-991
-991
-991
-991
-991
-991
-991
-991
-991
-991
-991
-991
-991
-991
-991
-991
-991
-991
-991
-991
201
-991
-991
-991
-991
-991
-991
-991
-991
-991
-892
-836
-932
201
201
201
-836
-920
-958
-990
-894
-875
201
-806
-922
201
201
-941
-983
-973
-983
-983
-983
-977
-983
-983
-983
-983
-983
-983
-983
-987
-983
-807
-941
-983
-983
-983
-983
-983
-983
-983
-983
-983
-983
-927
-983
-983
-983
-983
-983
-983
-983
-983
-983
-969
-983
-983
-983
-983
-983
201
-871
-969
-983
-971
-955
-971
201
201
201
201
201
-918
-887
-921
-942
-903
201
201
201
-959
-959
201
-959
201
-819
-959
-844
-890
-970
-958
-862
-970
-984
-946
-984
-984
-988
-989
-862
-984
-984
-956
-984
-984
-890
-984
-984
-984
-984
-984
-984
-946
-988
-988
-848
-988
-834
-956
-984
-984
-984
-984
-984
-984
-876
-988
-988
-957
-988
-917
-974
-988
-974
-945
-988
-987
-988
-988
-988
-987
-974
-988
-988
-987
-988
-988
-987
-988
-988
-988
-988
-988
-988
-988
-988
-988
-988
-988
-988
-988
-988
-988
-988
-988
-988
-988
-988
-988
-988
-988
-988
-988
-988
-988
-988
-988
-988
-988
-988
-988
-988
-988
-988
-988
-988
-988
-988
-988
-988
-988
-988
-988
-988
-988
-988
-988
-988
-988
-988
-988
-988
-988
-988
-988
-988
-988
-974
-988
-988
-988
-988
-988
-988
-988
-988
-988
-988
-988
-988
-988
-988
-988
-988
-988
-988
-988
-988
-988
-988
-988
-988
-988
-988
-988
-988
-988
-988
-988
-988
-988
-988
-988
-988
-988
-988
-988
-988
-988
-988
-988
-988
-988
-974
-820
-988
-989
-974
-988
-988
-988
-988
-988
-988
-988
-988
-988
-988
-988
-988
-988
-988
-988
-988
-988
-988
-988
-988
-988
-988
-988
-988
-988
-988
-988
-988
-988
-988
-988
-988
-988
-988
-988
-988
-988
-988
-988
-988
-988
-988
-988
-988
-988
-988
-988
-988
-988
-988
-988
-988
-988
-988
-988
-988
-988
-988
-988
-988
-988
-988
-988
-988
-988
-988
-988
-988
-988
-988
-988
-988
-988
-988
-988
-988
-988
-988
-988
-988
-988
-988
-988
-988
-988
-988
-988
-988
-988
-988
-988
-988
-988
-988
-988
-988
-988
-988
-988
-988
-988
-988
-988
-988
-988
-988
-988
-988
-988
-988
-988
-988
-988
-988
-988
201
-988
201
201
201
201
201
201
201
201
201
201
201
201
201
201
201
-878
-970
-984
-984
-984
-984
-984
-984
-984
-984
-984
-984
-984
-984
-984
-984
-984
