agent: texplore
env: asterix
Feature Selection: 2
Environment is episodic.
set statesPerDim to 0 for all dim
feature 0 has range 30
feature 1 has range 30
reward range: 1020
Parallel ETUCT tracking real state values
Planner using history size: 0
Start model learning thread
start parallel uct planning search thread
Created MultClass 0 with nModels: 5
Created C4.5 decision tree 0 with == and > splits
Created C4.5 decision tree 6 with == and > splits
Created C4.5 decision tree 12 with == and > splits
Created C4.5 decision tree 18 with == and > splits
Created C4.5 decision tree 24 with == and > splits
Created MultClass 2 with nModels: 5
Created C4.5 decision tree 2 with == and > splits
Created C4.5 decision tree 8 with == and > splits
Created C4.5 decision tree 14 with == and > splits
Created C4.5 decision tree 20 with == and > splits
Created C4.5 decision tree 26 with == and > splits
Created MultClass 3 with nModels: 5
Created C4.5 decision tree 3 with == and > splits
Created C4.5 decision tree 9 with == and > splits
-996
Created C4.5 decision tree 15 with == and > splits
Created C4.5 decision tree 21 with == and > splits
Created C4.5 decision tree 27 with == and > splits
Created MultClass 1 with nModels: 5
Created C4.5 decision tree 1 with == and > splits
Created C4.5 decision tree 7 with == and > splits
Created C4.5 decision tree 13 with == and > splits
Created C4.5 decision tree 19 with == and > splits
Created C4.5 decision tree 25 with == and > splits
-993
-995
-996
-993
-994
-994
-980
-987
-994
-963
-995
-996
-996
-995
-995
-995
-996
-985
-985
-992
-931
-978
-992
-997
-984
-976
-997
-997
-997
-977
-997
201
-994
-962
-990
-919
-996
-975
-997
-994
-993
-960
-992
-861
-992
-994
-995
-995
-990
-992
-994
-962
-994
-994
-994
-994
-991
-997
-993
-997
-983
-997
-983
-990
-990
-956
-996
-996
-996
-996
-996
-996
-993
-984
-994
-987
-994
-995
-996
-994
-971
-991
-960
-958
-986
-996
-996
-992
-992
-996
-996
-992
-995
-992
-992
-962
-992
-992
-992
-992
-990
-925
-995
-995
-992
-959
-985
-985
-984
-988
-993
-993
-983
-987
-989
-987
-988
-988
-997
-997
-960
-994
-993
-994
-994
-994
-994
-993
-905
-994
-995
-980
-959
-995
-992
-984
-992
-973
-992
-988
-947
-975
-961
-989
-975
-947
-989
-954
-954
-953
-995
-984
-989
-928
-989
-978
-961
-995
-958
-989
-989
-972
-989
-989
-989
-834
-994
-994
-995
-995
-917
-995
-995
-990
-994
-995
-916
-990
-954
-889
-962
-976
-990
-867
-845
-959
-971
-995
-995
-991
-995
-987
-995
-995
-995
-995
-987
-977
-995
-987
-995
-976
-973
-962
-995
-994
-996
-994
-985
-994
-989
-994
-996
-987
-994
-990
-996
-996
-996
-996
-996
-996
-996
-996
-996
-996
-996
-994
-994
-994
-994
-996
-996
-996
-996
-996
-996
-996
-996
-996
-996
-996
-996
-996
-906
-959
-962
-962
201
-946
-918
201
-876
-984
-876
-956
201
-961
-904
-877
-947
-984
-861
-945
-989
-989
201
-989
-989
-989
-976
201
-864
201
-823
-989
-971
-989
-989
-984
-984
-921
-984
-989
-984
-989
-989
-989
-989
-989
-989
-972
-990
-970
-990
-989
-921
-989
-989
-990
-989
-989
-984
-984
-989
-989
-989
-984
-984
-989
-989
-989
-989
-989
-989
-969
-875
-875
-903
-958
-989
-902
201
-990
-846
201
-988
-972
-988
-930
-958
-988
-986
-988
-986
-991
-931
201
-802
-914
-974
201
-915
-943
-861
-969
-989
-886
-970
-970
-989
201
201
201
-976
-973
-954
201
-978
201
-970
-982
-970
201
-970
-917
201
201
201
-904
-903
-917
-945
-917
-987
-843
-904
-905
201
201
201
-934
-931
-959
-990
-959
-959
-990
-959
-990
-959
-990
-959
-959
-990
-959
-959
-990
-959
-990
-959
-990
-959
-990
-959
-990
-959
201
-918
201
201
-931
-841
201
201
201
-955
201
-960
-988
-987
-955
-988
-983
-885
-969
-988
-988
-988
-988
-988
-988
-988
-988
201
-988
-988
-988
-988
-988
-988
-988
201
-893
-987
201
201
-987
201
-976
-987
-982
-987
-976
-987
-989
-987
-987
-976
-987
-987
-987
-987
-987
-987
-976
-987
-976
-987
-991
-862
201
-994
-974
-992
-974
-992
-946
-992
201
-890
-992
201
-978
201
201
201
-919
201
201
-843
201
-989
201
-944
-950
-906
-940
-944
-899
-916
-974
201
201
-963
-918
201
-974
-834
-946
-946
-974
-974
-918
201
-987
-914
201
201
201
201
201
201
201
201
201
201
-828
-920
-889
-968
201
-945
-989
-892
201
-948
-976
-864
-833
201
-925
-953
201
201
-897
-982
-925
-954
-963
201
-953
201
201
201
201
201
201
201
201
-968
-995
-990
-995
201
201
-995
-995
201
-995
201
201
201
201
201
-992
-985
-901
-859
-873
-976
-968
201
-985
-985
201
-805
201
-976
201
201
201
201
-990
201
201
201
201
201
201
201
201
-990
201
201
201
201
201
201
201
201
201
201
201
-925
201
201
201
201
201
201
201
201
201
201
201
201
-992
201
201
201
201
201
201
201
201
201
201
201
201
201
201
201
201
201
201
201
201
201
201
201
201
201
201
201
201
201
201
201
201
201
-982
-982
201
201
201
201
-983
-984
-983
-983
-983
-983
201
201
201
201
201
201
-991
-991
-991
-991
-991
-991
-991
-991
-991
-991
-991
-991
-991
-991
-991
-991
-991
-991
-991
-991
-991
-991
-991
-991
-991
-991
-991
-991
-991
-991
-991
-991
-991
-991
-991
-991
-991
-991
-991
-991
-991
-991
-991
-991
-991
-991
-991
-991
-991
-991
-991
-991
-991
-991
-991
-991
-991
-991
-991
-991
-991
-991
-991
-991
-991
-991
-991
-991
-991
-991
-991
-991
-991
-991
-991
-991
-991
-991
-991
-991
-991
-991
-991
-991
-991
201
201
201
201
201
201
201
201
201
201
201
201
201
201
201
201
201
201
201
201
-995
201
-950
-995
-995
-995
-995
201
-995
-964
-995
-995
-995
-995
-978
-995
201
-995
-995
-995
-995
-995
-995
-995
-995
-995
-995
-995
-936
-995
201
-995
-995
-995
-995
-995
-995
-995
-995
-995
-995
-995
201
201
201
201
-908
201
201
201
201
-991
-991
-972
-991
-991
-996
-991
-991
-996
-991
-996
-991
-996
-991
-996
-991
-996
-991
-996
-991
-996
-991
-996
-991
-996
-991
-991
201
201
-996
-991
-991
-991
-991
-959
-991
-991
-991
-991
-991
-991
-991
-991
-989
-987
-991
-991
-991
-991
-991
-996
-991
-991
-991
-991
-991
-991
-996
-991
-991
-991
-945
-946
-960
-974
-974
-988
-988
-988
-988
-988
-987
-959
-974
-988
-988
-988
-988
-988
-946
-988
-974
-974
-988
-988
-974
-988
-988
-988
-988
-988
-988
-988
-988
-988
-988
-988
-988
-988
-988
-946
-974
-974
-988
-974
-988
-988
-988
-988
-988
-988
-946
-974
-974
-974
-988
-988
-988
-988
-988
201
-992
201
-983
-992
201
201
-992
-992
-992
-992
-992
-992
-992
-992
-992
-992
201
201
201
-830
201
-995
-995
-954
201
-995
201
-995
201
201
201
-996
201
201
201
-819
201
-829
201
201
-823
-963
201
