agent: texplore
env: asterix
Feature Selection: 2
Environment is episodic.
set statesPerDim to 0 for all dim
feature 0 has range 30
feature 1 has range 30
reward range: 1020
Parallel ETUCT tracking real state values
Planner using history size: 0
Start model learning thread
start parallel uct planning search thread
Created MultClass 0 with nModels: 5
Created C4.5 decision tree 0 with == and > splits
Created C4.5 decision tree 6 with == and > splits
Created C4.5 decision tree 12 with == and > splits
Created C4.5 decision tree 18 with == and > splits
Created C4.5 decision tree 24 with == and > splits
Created MultClass 2 with nModels: 5
Created C4.5 decision tree 2 with == and > splits
Created C4.5 decision tree 8 with == and > splits
Created C4.5 decision tree 14 with == and > splits
Created C4.5 decision tree 20 with == and > splits
Created C4.5 decision tree 26 with == and > splits
Created MultClass 3 with nModels: 5
Created C4.5 decision tree 3 with == and > splits
Created C4.5 decision tree 9 with == and > splits
Created C4.5 decision tree 15 with == and > splits
Created C4.5 decision tree 21 with == and > splits
Created C4.5 decision tree 27 with == and > splits
Created MultClass 1 with nModels: 5
Created C4.5 decision tree 1 with == and > splits
Created C4.5 decision tree 7 with == and > splits
Created C4.5 decision tree 13 with == and > splits
Created C4.5 decision tree 19 with == and > splits
Created C4.5 decision tree 25 with == and > splits
-995
-995
-995
-994
-995
-995
-995
-991
-993
-994
-990
-994
-993
-994
-934
-989
-994
-994
-989
-996
-996
-987
-996
-992
-993
-987
-993
-959
-988
-996
-987
-996
-996
-988
-992
-992
-996
-996
-990
-988
-986
-992
-987
-987
-987
-993
-993
-989
-997
-989
-995
-973
-932
-983
-973
-945
-991
-986
-991
-988
-991
-973
-991
-991
-977
-991
-991
-955
-995
-941
-991
-996
-989
-997
-989
-996
-996
-989
-996
-953
-997
-997
-997
-997
-997
-997
-995
-938
-808
-929
-957
-985
-985
-985
-931
-978
-973
-993
-995
-995
-973
-946
-996
-993
-977
-952
-988
-991
-806
-989
-996
-918
-889
-975
-917
-994
-893
-996
-975
-989
-989
-984
-989
-989
-990
-948
-997
-997
-997
-997
-997
-997
-990
-990
-990
-997
-997
-997
-997
-997
-997
-997
-997
-997
-980
-974
-984
-986
-976
-858
-995
-891
-988
-984
-984
-995
-996
-996
-996
-991
-992
201
-991
-918
-956
-942
-946
-988
-988
-988
-988
-995
-995
-981
-988
-974
-938
-945
-994
-996
-911
201
-861
-993
201
-994
-994
-994
-994
-834
201
-980
-981
-958
-994
-994
-995
-994
-994
-994
-994
-994
-995
-994
-994
-995
-995
-918
-962
-946
-993
-979
-993
-993
-993
-993
-993
-993
-993
-993
-875
-824
-936
-992
-992
-992
-936
-992
201
-992
-994
-994
-904
-995
-995
-995
-995
-995
-960
-995
-995
-995
-995
-995
-995
-995
-995
-995
-995
-993
-995
-995
-995
-995
-995
-995
-995
-995
-995
-995
-995
-995
-995
-995
-995
-995
-995
-995
-995
-995
-995
-995
-995
-995
-995
-995
-995
-995
-995
-995
-995
-995
-995
-995
-995
-995
201
-861
-979
-985
-993
-808
-957
-859
201
-926
201
-992
-992
-992
-992
-992
-992
-992
-992
-992
-992
-992
-992
-992
-992
-992
-992
-943
-991
-992
-991
-991
-877
-991
201
-996
-989
201
201
-877
-947
201
-992
-996
201
201
-991
-823
-918
201
-977
-898
-984
-992
-996
201
201
-918
201
201
-861
201
-917
-919
-861
-973
-946
-889
201
-833
-861
-971
-985
-986
-973
201
-947
-987
-987
-987
-987
-987
-973
-987
-987
-989
-987
-987
201
201
201
-990
201
-990
-995
-990
201
201
201
-932
-946
201
201
201
201
201
201
-833
201
-985
201
201
-944
-985
-987
201
-997
-861
201
-995
-949
-991
-991
-991
-991
-991
-991
-963
201
-995
-977
-991
-991
-991
-991
-991
-991
-991
-991
-991
-991
-991
-983
201
201
201
201
-989
-899
201
201
-927
-955
201
-961
-961
-989
-975
-989
-961
-975
-975
-989
-989
-989
-987
201
201
-970
201
201
201
-871
-983
-969
-996
-983
-972
-986
-986
-986
-986
-986
-986
-986
-986
-986
-986
-986
-986
-986
-986
-986
-986
-986
-986
-986
-986
-986
-986
-986
-986
-986
-986
-986
-986
-986
-986
-986
-986
-986
-986
-986
-986
-986
-986
-986
-986
-986
-986
-986
201
-897
201
-897
201
-918
-987
-987
-974
201
-932
201
-988
201
-987
201
-959
201
-997
-901
-929
-932
-997
201
201
201
201
201
201
201
201
201
201
201
201
-944
-986
-889
201
201
201
-805
201
201
201
201
201
-913
-943
-969
-901
-889
-969
-973
-969
-973
-969
201
-861
-969
-973
201
-988
-973
-988
-973
-988
-889
-988
-973
-988
-973
-988
-973
-988
-973
-988
-973
-988
-973
201
-988
-973
-988
-973
-988
-973
-988
-973
-988
-973
-988
-973
-988
-973
-988
-973
-988
-973
-988
-973
-987
201
-949
-915
-973
-921
-973
-996
201
-971
201
-865
-973
-865
-949
-973
-889
-942
-969
201
201
-984
-957
-844
-991
201
201
201
-953
-872
-889
-889
-967
-967
-945
-928
-956
-945
-945
-917
-917
-950
-917
-945
-945
-945
-945
-945
201
201
-861
-917
201
-861
201
-917
-917
201
201
201
201
201
201
201
201
201
-932
-995
-981
-981
201
-995
-995
-995
-995
201
201
201
-801
201
201
201
201
201
201
201
-995
-932
-995
-995
201
-995
-995
-995
-995
-974
-995
-995
-995
-995
-995
-995
-995
-995
-995
-995
-995
-995
-995
-995
201
-995
-995
-995
-995
-995
-995
-995
-995
-995
-995
-995
-995
-995
-995
-995
-995
-995
-995
-995
-995
-995
-995
-995
-995
-995
-995
-995
-995
-995
-995
201
-995
-995
-995
-995
-995
-995
-995
-995
-995
-995
-995
-995
-995
-995
-995
-995
-995
-995
-995
-995
-995
-995
201
201
201
201
201
201
-846
-848
-986
-986
-986
-986
-986
-986
-986
-986
-986
-986
-986
-986
-986
-986
-986
-986
-986
-986
-986
-986
-986
-986
-986
-986
-986
-986
-986
-986
-986
-986
-986
-986
-986
-986
-986
-986
-986
-986
-986
-986
-986
-986
-986
-986
-986
-986
-986
-986
-986
-986
-986
-986
-986
-986
-986
-986
-986
-986
-986
-986
-986
-986
-986
-986
-986
-986
-986
-986
-986
-986
-986
-986
-986
-986
-986
-986
-986
-986
201
201
201
201
201
201
201
-878
201
201
201
201
-983
-987
-973
-987
201
-983
-987
-987
-983
-987
-945
-987
-987
-987
-987
-987
-987
-987
-987
-987
-987
-987
-987
-987
-987
-987
-987
-987
-987
-987
-987
-987
-987
-987
-987
-987
-898
-917
-926
-987
-987
-987
-987
-926
-987
-847
-987
-987
-987
-987
-954
-926
-926
-987
-987
-987
-987
-987
-987
-987
-987
-987
-987
-926
-821
201
201
201
201
201
201
201
-984
-984
-963
201
-984
-979
-984
-979
-984
-984
-970
-984
-984
-984
-984
-984
-984
-984
-984
-984
-984
-984
-984
-984
-984
-984
-984
-984
-984
-984
-984
-984
-984
-984
-984
-991
201
-985
-963
201
201
201
201
201
201
201
-996
-837
-977
-977
-977
-949
-977
-955
-977
-977
201
201
