agent: texplore
env: asterix
Feature Selection: 2
Environment is episodic.
set statesPerDim to 0 for all dim
feature 0 has range 30
feature 1 has range 30
reward range: 1020
Parallel ETUCT tracking real state values
Planner using history size: 0
Start model learning threadstart parallel uct planning search thread

Created MultClass 0 with nModels: 5
Created C4.5 decision tree 0 with == and > splits
Created C4.5 decision tree 6 with == and > splits
Created C4.5 decision tree 12 with == and > splits
Created C4.5 decision tree 18 with == and > splits
Created C4.5 decision tree 24 with == and > splits
Created MultClass 2 with nModels: 5
Created C4.5 decision tree 2 with == and > splits
Created C4.5 decision tree 8 with == and > splits
Created C4.5 decision tree 14 with == and > splits
Created C4.5 decision tree 20 with == and > splits
Created C4.5 decision tree 26 with == and > splits
Created MultClass 3 with nModels: 5
Created C4.5 decision tree 3 with == and > splits
Created C4.5 decision tree 9 with == and > splits
Created C4.5 decision tree 15 with == and > splits
Created C4.5 decision tree 21 with == and > splits
Created C4.5 decision tree 27 with == and > splits
Created MultClass 1 with nModels: 5
Created C4.5 decision tree 1 with == and > splits
Created C4.5 decision tree 7 with == and > splits
Created C4.5 decision tree 13 with == and > splits
Created C4.5 decision tree 19 with == and > splits
Created C4.5 decision tree 25 with == and > splits
-995
-997
-992
-983
-994
-994
-975
-992
-994
-997
-994
-996
-996
-994
-994
-994
-995
-995
-995
-995
-994
-995
-992
-980
-995
-967
-978
-990
-995
-995
-995
-995
-995
-992
-992
-992
-992
-985
-903
-990
-991
-996
-995
-996
-995
-990
-991
-996
-996
-982
-988
-987
-988
-995
-995
-995
-995
-987
-988
-995
-992
-992
-992
-992
-992
-992
-996
-986
-996
-995
-986
-996
-906
-972
-947
-959
-996
-992
-987
-996
-990
-987
-992
-992
-991
-992
-973
-996
-996
-996
-996
-996
-996
-996
-993
201
-994
-993
-993
-993
-994
-994
-994
-919
-989
-985
-829
-991
-974
201
-992
-951
-904
-959
-944
-989
-996
-975
-996
-983
-815
-983
-983
-941
-969
-945
-835
-947
-822
-861
-961
-973
-861
201
-994
201
-956
-890
201
-994
-994
-994
-994
-994
-994
-994
201
-801
-941
-996
-920
-994
201
-991
-932
-981
-987
-811
-983
-899
-993
-993
-993
201
201
-988
-993
-964
-988
-988
-988
-919
-992
-961
-993
-933
-993
-993
-979
201
201
-977
-920
201
-964
-963
-923
201
-806
201
-994
-980
-994
201
201
-976
-976
201
-976
-976
-976
-967
-967
-948
-976
-967
-989
-976
-976
-976
201
201
-942
-991
-870
-837
-990
-960
-974
-990
-984
-991
-984
-984
-970
-988
-984
-984
-984
-984
-991
-990
-974
-988
-988
-988
-989
-989
-988
-988
-988
-988
-988
-968
-996
-991
-959
-903
-990
-912
-991
-973
-973
-931
-959
-991
-959
-995
201
201
201
-889
-945
-945
201
-953
-989
-987
201
-869
-995
-939
-883
-960
-959
-988
-931
201
-837
-994
-974
-994
-994
-960
-935
-994
-994
-974
-974
-994
-949
-989
-994
-974
-985
-974
-974
-974
-974
-987
-974
201
201
-907
201
-979
-957
-863
-955
-975
-975
-971
-942
-985
-985
-989
-989
-985
-969
-969
-989
-975
-975
-975
-975
-975
-989
201
201
201
201
201
201
201
-806
201
-916
-944
-986
-986
201
-958
-986
-986
-888
-986
-986
-977
-849
201
-961
201
201
201
201
201
-976
201
-986
201
-920
201
-974
-906
-890
-878
-892
-974
-974
-990
-974
-920
201
-959
-851
-865
-987
-917
-987
-987
-985
-987
201
201
-910
-984
-974
-995
201
-988
-988
-995
-995
-995
-995
-988
-995
-995
-995
-995
-995
-995
-995
-995
-995
-988
-995
-995
-988
-995
201
-988
-995
-995
-995
-995
-995
-995
-995
-995
-995
-995
-995
-995
-995
-988
-995
-995
-995
-995
-988
-995
-995
-995
-995
-995
-995
-995
-988
-988
-988
-995
-995
-988
-995
-988
-995
-995
-995
-995
-988
-995
-995
-995
-995
-995
-995
-995
-995
-995
-988
-995
-995
-995
-995
-995
-995
-988
-995
-995
-995
-995
-995
-957
-859
201
201
-887
-971
201
201
-971
-985
201
201
201
201
201
201
201
201
201
-987
201
201
201
201
-960
-975
-986
-960
-972
-986
-986
-960
-986
-986
-986
-986
-986
-986
-960
-904
-932
-986
-986
-986
-986
-986
-986
-986
-986
-986
-960
-932
-960
-960
-960
-960
-986
-986
-986
-986
-986
201
201
201
201
201
201
201
201
201
201
201
201
201
-971
201
201
201
-945
201
201
201
-916
201
-972
201
201
201
201
201
201
-973
-985
-900
-987
-987
-987
-987
-988
-988
-974
-959
-987
-987
-987
-987
-988
-988
-987
-988
-987
-987
-987
-988
-987
-987
-988
-987
-987
-987
-988
-987
-988
-988
-987
-988
-987
-987
-988
-987
-987
-988
-987
-987
-987
-987
-987
-987
-987
-987
-988
-974
-988
-988
-987
-987
-987
-987
-987
-988
-987
-988
-988
-988
-988
-988
-987
-987
-988
-987
-987
-988
-987
-988
-988
-988
-987
-988
-987
-987
-987
-987
-988
-988
-987
-987
-988
-987
-987
-987
-988
-988
-987
-987
-988
-987
-987
-988
-987
-988
-988
-987
-987
-988
-988
-988
-988
-987
-988
-994
201
201
201
201
201
201
201
201
201
-994
-994
201
-994
-994
-994
-994
-994
-994
-994
-994
-994
-994
-994
-994
-994
-994
-994
-994
-994
-994
-994
-994
-994
-994
-994
-994
-994
-994
-994
-994
-994
-994
-994
-994
-994
-994
-994
-994
-994
-994
-994
-994
-994
-994
-994
-994
-994
-994
-994
-994
-994
-994
-994
-994
-994
-994
-994
-994
-994
-994
-994
-994
-994
-994
-994
-994
-994
-994
-994
-994
-994
-994
-994
-994
-994
-994
-994
-994
-994
-994
-994
-994
-994
-994
-994
-994
-994
-994
-994
-994
-994
-994
-994
-994
-994
-994
-994
-994
-994
-994
-994
-994
-994
-994
-994
-994
-994
-994
-994
-994
-994
-994
-994
-994
-994
-994
-994
-994
-994
-994
-994
-994
-994
-994
-994
-994
-994
-994
-994
-994
-994
-994
-994
-994
-994
-994
-994
-994
-994
-994
-994
-994
-994
-994
-994
-994
-994
-994
-994
-994
-994
-994
-994
-994
-994
-994
-994
-994
-994
-994
-994
-994
-994
-994
-994
-994
-994
-994
-994
-994
-994
-994
-994
-994
-994
-994
-994
201
201
201
201
201
201
201
201
-929
201
201
201
201
201
201
201
201
201
201
201
201
201
201
201
201
201
201
201
201
201
201
201
-810
201
-949
201
-949
-968
201
-969
-949
201
-918
201
201
201
201
-987
201
201
201
201
201
201
201
201
201
201
201
201
201
201
201
201
-959
-829
-983
201
201
201
-959
-931
-959
-954
201
201
-959
-913
-942
-931
201
201
-959
201
201
201
201
201
201
201
201
201
201
-931
-959
-987
-987
-987
-959
-959
-959
-987
-987
-987
-987
-903
-987
-987
-987
-987
-987
-987
201
-987
-987
-987
-987
-987
-987
-987
-987
-987
-875
-987
-987
-987
-987
201
201
201
201
201
201
201
201
-931
201
201
201
201
