agent: texplore
env: asterix
Feature Selection: 2
Environment is episodic.
set statesPerDim to 0 for all dim
feature 0 has range 30
feature 1 has range 30
reward range: 1020
Parallel ETUCT tracking real state values
Planner using history size: 0
Start model learning thread
start parallel uct planning search thread
Created MultClass 0 with nModels: 5
Created C4.5 decision tree 0 with == and > splits
Created C4.5 decision tree 6 with == and > splits
Created C4.5 decision tree 12 with == and > splits
Created C4.5 decision tree 18 with == and > splits
Created C4.5 decision tree 24 with == and > splits
Created MultClass 2 with nModels: 5
Created C4.5 decision tree 2 with == and > splits
Created C4.5 decision tree 8 with == and > splits
Created C4.5 decision tree 14 with == and > splits
Created C4.5 decision tree 20 with == and > splits
Created C4.5 decision tree 26 with == and > splits
Created MultClass 3 with nModels: 5
Created C4.5 decision tree 3 with == and > splits
Created C4.5 decision tree 9 with == and > splits
Created C4.5 decision tree 15 with == and > splits
Created C4.5 decision tree 21 with == and > splits
Created C4.5 decision tree 27 with == and > splits
Created MultClass 1 with nModels: 5
Created C4.5 decision tree 1 with == and > splits
Created C4.5 decision tree 7 with == and > splits
Created C4.5 decision tree 13 with == and > splits
Created C4.5 decision tree 19 with == and > splits
Created C4.5 decision tree 25 with == and > splits
-995
-994
-983
-996
-995
-996
-996
-995
-994
-995
-995
-992
-992
-995
-997
-994
-997
-997
-995
-995
-995
-995
-995
-995
-995
-995
-995
-994
-995
-993
-995
-995
-995
-995
-995
-995
-995
-959
-979
-973
-994
-991
-994
-991
-995
-993
-987
-994
-983
-994
-989
-991
-991
-994
-995
-989
-989
-989
-989
-992
-995
-988
-990
-994
-994
-984
-988
-988
-996
-996
-996
-996
-996
-996
-996
-988
-996
-996
-996
-986
-985
-985
-994
-993
-978
-975
-990
-990
-993
-934
-995
-973
-989
-994
-981
-994
-994
-860
-990
-994
-994
-986
-994
-994
-986
-989
-986
-992
-986
-945
-996
-996
-974
-966
-992
-971
-971
-973
-901
-989
-943
-994
-877
-990
-989
-989
-990
-976
-990
-990
-990
-972
-959
-987
-959
-972
-995
-986
-995
-972
-986
-993
-995
-995
-995
-918
-904
-988
-983
-984
-984
-970
-989
-942
-890
-918
-995
-929
-861
-973
-928
-956
-844
-984
-993
-984
-993
-993
-993
-993
-993
-845
-971
-971
-985
-946
-926
-862
-892
-896
-982
-954
-931
-931
-987
-987
-876
-960
201
-991
-989
-991
-989
-995
-995
-995
-995
-991
-989
-995
-991
-991
-991
-995
-991
-995
-935
-991
-996
-991
-991
-991
-991
-991
-991
-991
-991
-991
-991
-991
-992
-970
-947
-978
-988
-942
-988
-936
-970
-964
-992
-978
-948
-996
-956
-996
-984
-970
-986
-996
-984
-986
-992
-971
-947
-994
-995
-996
-918
-996
-994
-996
-992
-994
-996
-994
-859
-975
-950
-989
-987
201
-889
-836
-988
-994
-988
-980
-989
-938
-988
-980
-987
-989
-993
-994
-988
-994
-989
-993
-994
-988
-994
-988
-994
-990
-988
-996
-984
-996
-996
-996
-996
-960
-996
-996
-974
-996
-996
-988
-988
-982
-989
-988
-996
-988
-989
-996
-988
-996
-970
-988
-996
-996
-996
-988
-996
-988
-996
-996
-949
-987
-959
-987
-987
-981
-953
-981
-987
-973
-987
-935
-987
-987
-987
-991
-985
-985
-985
-977
-985
-977
-985
-985
-985
-902
-977
-985
-985
-985
-985
-985
-985
-857
-974
-983
-983
-991
-977
-977
-977
-992
-983
-977
-983
-977
-977
-977
-977
201
201
-990
-997
-977
-922
-878
-976
-996
-997
-976
-976
-996
-997
-996
-997
-976
-982
-997
-996
-997
-976
-996
-997
-996
-997
-976
-996
-997
-976
-977
-996
-997
-996
-997
-975
-945
201
-988
201
-958
-972
-920
-996
-986
-986
-986
201
-983
-990
-913
-983
-984
-844
-969
-913
-983
-969
-946
-975
-969
-969
-975
-975
-969
-983
-912
-903
-925
-869
-841
201
-917
201
-947
-863
-989
-919
-989
-989
-989
-989
-989
-913
-989
-989
-989
-989
-989
-989
-989
-989
-989
-989
-989
-989
-989
-989
-989
-989
-989
-989
-989
-989
-989
-989
-989
-989
-989
-989
-985
-989
-985
-974
-947
-985
-985
-985
-985
-985
-985
-988
-985
-985
-985
-985
-985
-985
-985
-985
-985
-985
-985
-985
-985
-985
-985
-985
-985
-985
-985
-985
-985
-985
-985
-985
-985
-974
-947
-863
-989
-975
-975
-974
-974
-918
201
-889
-974
-861
-960
201
-945
-988
-861
-988
-874
-972
-958
-983
-997
-990
-986
-985
-986
-990
-986
-990
-916
-990
-986
-990
-986
-990
-986
-990
-986
-990
-986
-990
-986
-990
-990
-986
-990
-986
-990
-986
-990
-986
-990
-986
-990
-986
-990
-986
-990
-986
-990
-986
-990
-986
-990
-986
-990
-986
-990
-986
-990
-940
-990
-968
-990
-996
-982
-996
-990
-996
-996
-996
-990
-996
-962
-996
-996
-996
-996
-990
-996
-990
-996
-996
-982
-996
-968
-996
-996
-996
-982
-996
-996
-996
-996
-996
-990
-996
-990
-996
-996
-996
-996
-996
-982
-996
-996
-996
-982
-996
-990
-982
-990
-996
-996
-996
-996
-996
-996
-996
-996
-996
-996
-996
-996
-996
-996
-996
-996
-996
-996
-996
-996
-996
-996
-996
-990
-996
-996
-990
-996
-990
-996
-996
-996
-996
-996
-996
-996
-996
-996
-996
-996
-990
-996
-990
-996
-990
-996
-996
-990
-996
-990
-996
-990
-996
-990
-996
-996
-884
-970
-984
-942
-912
-982
-954
-970
-898
-912
-982
-940
-982
-982
-940
-889
-984
-956
-970
-970
-984
-954
-833
-914
-970
-973
-945
-942
-926
-970
-970
-821
-933
-877
-933
-905
-933
-933
-933
-933
-933
-933
-933
-933
-891
-893
-849
-983
-891
-961
-983
-961
-919
-975
-835
-975
201
-865
-847
-931
-959
-959
-959
-931
-959
-959
-959
-959
-959
-959
-919
-959
-959
-959
-959
-959
-959
-959
201
201
-898
-926
201
201
201
201
201
-990
-990
-990
-926
-990
201
-990
-976
-989
-990
-990
201
-990
-990
-990
-990
-990
-842
-990
-990
-898
-990
-829
-990
-975
-989
-989
-989
-989
-989
-941
-983
-941
-857
-989
-989
-989
-989
-989
-989
-989
-989
-989
-989
-989
-989
-989
-989
-885
-969
-969
-969
-941
-969
-885
-989
-989
-989
-989
-989
-989
-989
-989
-989
-989
-989
-989
-989
-989
-989
-989
-989
201
201
201
201
201
201
201
-941
201
-983
-983
201
-983
-983
-983
-983
-983
-983
-983
-983
-983
-983
201
-983
-983
-983
-983
-983
201
-983
-983
-983
-983
-983
-983
-983
201
-983
-983
201
-921
-931
-819
201
201
-953
201
-982
-926
-847
-903
-833
-861
201
201
201
201
201
201
201
-845
-977
201
-821
-991
201
201
-991
201
201
201
201
201
-942
201
201
-942
201
201
201
201
201
-821
201
-849
-821
-933
201
201
201
-877
-933
-933
-933
-933
-933
-933
-946
201
-974
-974
-974
-974
-960
-988
-988
-988
-890
201
-932
201
-904
-988
-988
-988
-988
-988
-988
-988
-988
-988
-988
-988
-988
-988
-988
-988
-988
-988
-988
-988
-988
-988
-988
-988
-988
-988
-988
-988
-988
-988
-988
-988
-988
-988
