agent: texplore
env: asterix
Environment is episodic.
set statesPerDim to 0 for all dim
feature 0 has range 30
feature 1 has range 30
feature 2 has range 30
reward range: 1001
Parallel ETUCT tracking real state values
Planner using history size: 0
Start model learning thread
start parallel uct planning search thread
Created MultClass 0 with nModels: 5
Created C4.5 decision tree 0 with == and > splits
Created C4.5 decision tree 6 with == and > splits
Created C4.5 decision tree 12 with == and > splits
Created C4.5 decision tree 18 with == and > splits
Created C4.5 decision tree 24 with == and > splits
Created MultClass 3 with nModels: 5
Created C4.5 decision tree 3 with == and > splits
Created C4.5 decision tree 9 with == and > splits
Created C4.5 decision tree 15 with == and > splits
Created C4.5 decision tree 21 with == and > splits
Created C4.5 decision tree 27 with == and > splits
Created MultClass 4 with nModels: 5
Created C4.5 decision tree 4 with == and > splits
Created C4.5 decision tree 10 with == and > splits
Created C4.5 decision tree 16 with == and > splits
Created C4.5 decision tree 22 with == and > splits
Created C4.5 decision tree 28 with == and > splits
Created MultClass 1 with nModels: 5
Created C4.5 decision tree 1 with == and > splits
Created C4.5 decision tree 7 with == and > splits
Created C4.5 decision tree 13 with == and > splits
Created C4.5 decision tree 19 with == and > splits
Created C4.5 decision tree 25 with == and > splits
-995
Created MultClass 2 with nModels: 5
Created C4.5 decision tree 2 with == and > splits
Created C4.5 decision tree 8 with == and > splits
Created C4.5 decision tree 14 with == and > splits
Created C4.5 decision tree 20 with == and > splits
Created C4.5 decision tree 26 with == and > splits
-991
-995
-995
-994
-993
-992
-994
-994
-994
-995
-995
-993
-995
-992
-994
-995
-996
-995
-990
-996
-997
-996
-996
-996
-985
-995
-996
-996
-996
-996
-996
-996
-985
-987
-987
-989
-987
-987
-988
-988
-995
-995
-996
-987
-995
-988
-987
-990
-989
-990
-988
-996
-992
-995
-995
-996
-995
-990
-992
-990
-992
-990
-993
-990
-992
-992
-992
-993
-992
-995
-993
-992
-994
-992
-994
-992
-988
-990
-995
-997
-997
-995
-997
-994
-992
-995
-987
-993
-995
-993
-987
-987
-996
-987
-993
-992
-992
-993
-995
-987
-987
-987
-993
-993
-987
-994
-987
-993
-987
-993
-987
-987
-987
-996
-987
-995
-987
-987
-993
-993
-994
-995
-995
-987
-987
-987
-995
-987
-987
-995
-995
-993
-995
-995
-995
-987
-993
-995
-996
-994
-995
-987
-987
-994
-987
-987
-987
-987
-986
-990
-995
-995
-990
-995
-990
-990
-990
-990
-989
-990
-990
-990
-990
-994
-990
-996
-996
-995
-994
-994
-994
-994
-994
-994
-994
-994
-959
-973
-990
-994
-996
-994
-996
-959
-996
-994
-994
-994
-994
-995
-996
-959
-994
-996
-996
-989
-989
-989
-995
-991
-994
-991
-987
-945
-995
-994
-993
201
-996
-945
-973
-988
-987
-987
-931
-987
-987
-987
-987
-987
-987
-987
-987
-987
-987
-987
-987
-987
-987
-987
-987
-987
-987
-996
-987
-987
-987
-987
-989
-987
-972
-989
-990
-972
-972
-990
-987
-987
-987
-987
-987
-989
-989
-990
-989
-989
-959
-987
-987
-987
-989
-990
-990
-990
-987
-987
-989
-990
-990
-994
-990
-987
-997
-996
-989
-989
-989
-989
-989
-959
-989
-931
-989
-993
-989
-996
-987
-987
-987
-987
-987
-987
-987
-987
-987
-987
-989
-996
-989
-989
-996
-987
-989
-996
-987
-987
-987
-987
-987
-987
-987
-987
-997
-989
-994
-989
-994
-989
-995
-989
-996
-987
-987
-987
-987
-987
-987
-987
-987
-959
-987
-987
-989
-987
-889
-945
-987
-945
-989
-989
-996
-945
-989
-996
-989
-993
-994
-931
-946
-989
-996
-973
-990
-990
-991
-959
-973
-989
-996
-973
-986
-959
-991
-989
-991
-991
-989
-989
-996
-989
-996
-959
-945
-959
-945
-989
-996
-987
-973
-931
-987
-989
-917
-987
-973
-994
-973
-973
-990
-943
-973
-917
-993
-931
-945
-993
-973
-994
-917
-990
-959
-988
-988
-988
-983
-988
-985
-990
-988
-989
-988
-988
-960
-993
-988
-988
-988
-988
-988
-988
-988
-988
-988
-983
-988
-960
-993
-993
-993
-993
-993
-993
-983
-986
-990
-988
-994
-989
-988
-988
-988
-988
-988
-972
-973
-995
-996
-997
-959
-995
-993
-971
-995
-996
-996
-996
-983
-996
-975
-991
-996
-996
-996
-996
-996
-996
-996
-931
-959
-989
-995
-973
-995
-996
-996
-996
-996
-993
-996
-996
-996
-996
-996
-996
-996
-996
-996
-996
-931
-994
-996
-996
-996
-996
-996
-996
-996
-996
-996
-996
-996
-996
-996
-996
-996
-996
-996
-996
-996
-996
-996
-996
-996
-996
-996
-996
-996
-996
-996
-996
-996
-996
-996
-996
-996
-996
-996
-996
-996
-996
-996
-996
-987
-994
-993
-996
-996
-973
-996
-903
-994
-993
-984
-973
-987
-994
-989
-991
-989
-973
-989
-989
-989
-989
-989
-987
-989
-959
-987
-987
-847
-987
-987
-959
-987
-987
-987
-989
-993
-989
-989
-989
-989
-989
-989
-989
-945
-993
-861
-989
-989
-989
-945
-989
-989
-904
-989
-986
-989
-989
-989
-973
-990
-971
-989
-989
-989
-973
-973
-989
-989
-989
-989
-989
-989
-989
-989
-989
-989
-984
-989
-959
-994
-985
-987
-994
-985
-989
-986
-989
-986
-996
-995
-994
-986
-989
-989
-989
-989
-995
-996
-989
-989
-986
-997
-990
-990
-989
-989
-945
-995
-996
-996
-985
-994
-989
-986
-989
-985
-989
-987
-989
-989
-973
-987
-989
-989
-973
-989
-989
-989
-989
-989
-973
-989
-989
-989
-989
-989
-989
-989
-989
-989
-989
-986
-973
-995
-989
-995
-989
-989
-995
-989
-995
-996
-989
-995
-989
-989
-995
-989
-989
-989
-995
-989
-987
-989
-995
-989
-995
-989
-995
-989
-997
-996
-996
-987
-995
-973
-959
-994
-989
-973
-987
-996
-987
-994
-987
-995
-987
-987
-994
-987
-994
-987
-994
-987
-994
-987
-996
-987
-994
-987
-994
-987
-994
-987
-995
-987
-994
-987
-994
-987
-994
-987
-996
-987
-994
-987
-994
-987
-994
-987
-994
-987
-987
-987
-994
-987
-994
-993
-995
-987
-994
-960
-971
-995
-987
-995
-996
-987
-990
-996
-987
-994
-989
-996
-990
-996
-990
-990
-996
-987
-994
-989
-996
-973
-995
-987
-994
-973
-995
-973
-995
-987
-996
-987
-994
-987
-994
-987
-994
-987
-994
-987
-996
-987
-994
-987
-994
-987
-994
-987
-994
-987
-994
-987
-994
-987
-994
-959
-994
-959
-987
-987
-993
-959
-959
-990
-989
-945
-985
-995
-996
-996
-996
-996
-996
-986
-996
-996
-971
-995
-989
-996
-973
-995
-987
-995
-973
-995
-990
-985
-995
-996
-996
-943
-987
-994
-943
-996
-996
-996
-996
-996
-996
-931
-971
-996
-987
-995
-987
-994
-987
-959
-945
-987
-990
-987
-989
-986
-971
-931
-994
-987
-987
-931
-987
-987
-987
-987
-987
-931
-903
-987
-987
-987
-987
-987
-987
-987
-987
-987
-995
-994
-987
-987
-987
-987
-994
-987
-987
-994
-987
-959
-994
-987
-973
-987
-991
-989
-986
-987
-819
-987
-987
-994
-994
-994
-987
-987
-987
-987
-987
-987
-987
-987
-987
-987
-987
-994
-987
-987
-994
-987
-931
-994
-994
-959
-995
-995
-995
-994
-994
-994
-994
-994
-994
-994
-987
-994
-987
-987
-987
-995
-995
-995
-995
-995
-995
-995
-995
-995
-995
-995
-995
-995
-995
-995
-995
-995
-995
-995
-995
-995
-995
-995
-995
-995
-995
-995
-995
-995
-995
-995
-995
-995
-994
-994
