agent: texplore
env: asterix
Environment is episodic.
set statesPerDim to 0 for all dim
feature 0 has range 30
feature 1 has range 30
feature 2 has range 30
reward range: 1001
Parallel ETUCT tracking real state values
Planner using history size: 0
Start model learning thread
start parallel uct planning search thread
Created MultClass 0 with nModels: 5
Created C4.5 decision tree 0 with == and > splits
Created C4.5 decision tree 6 with == and > splits
Created C4.5 decision tree 12 with == and > splits
Created C4.5 decision tree 18 with == and > splits
Created C4.5 decision tree 24 with == and > splits
Created MultClass 3 with nModels: 5
Created C4.5 decision tree 3 with == and > splits
Created C4.5 decision tree 9 with == and > splits
Created C4.5 decision tree 15 with == and > splits
Created C4.5 decision tree 21 with == and > splits
Created C4.5 decision tree 27 with == and > splits
Created MultClass 4 with nModels: 5
Created C4.5 decision tree 4 with == and > splits
Created C4.5 decision tree 10 with == and > splits
Created C4.5 decision tree 16 with == and > splits
Created C4.5 decision tree 22 with == and > splits
Created C4.5 decision tree 28 with == and > splits
Created MultClass 1 with nModels: 5
Created C4.5 decision tree 1 with == and > splits
Created C4.5 decision tree 7 with == and > splits
Created C4.5 decision tree 13 with == and > splits
Created C4.5 decision tree 19 with == and > splits
Created C4.5 decision tree 25 with == and > splits
Created MultClass 2 with nModels: 5
Created C4.5 decision tree 2 with == and > splits
Created C4.5 decision tree 8 with == and > splits
Created C4.5 decision tree 14 with == and > splits
Created C4.5 decision tree 20 with == and > splits
Created C4.5 decision tree 26 with == and > splits
-993
-994
-997
-996
-994
-992
-987
-996
-994
-996
-996
-995
-993
-994
-995
-995
-995
-995
-994
-995
-994
-995
-994
-992
-994
-994
-994
-981
-995
-995
-994
-994
-981
-980
-995
-996
-994
-994
-994
-994
-995
-995
-994
-995
-995
-996
-995
-994
-994
-995
-994
-992
-994
-994
-994
-994
-994
-994
-994
-995
-995
-994
-995
-994
-994
-978
-994
-994
-981
-980
-996
-995
-995
-995
-994
-995
-990
-984
-993
-994
-989
-990
-975
-996
-996
-989
-989
-982
-995
-989
-995
-994
-976
-967
-995
-984
-992
-994
-995
-994
-996
-984
-992
-995
-995
-992
-996
-992
-994
-992
-994
-972
-995
-996
-959
-995
-995
-995
-995
-996
-994
-984
-992
-994
-994
-995
-992
-994
-992
-994
-994
-985
-984
-986
-984
-994
-995
-995
-991
-976
-995
-995
-995
-995
-995
-995
-981
-981
-995
-995
-995
-995
-995
-995
-995
-995
-995
-995
-995
-995
-995
-994
-994
-994
-980
-983
-983
-974
-995
-995
-995
-995
-995
-995
-995
-995
-995
-939
-994
-994
-994
-971
-994
-994
-995
-994
-995
-995
-995
-995
-995
-995
-995
-995
-995
-995
-995
-995
-995
-995
-995
-995
-995
-995
-995
-995
-995
-995
-995
-995
-995
-995
-995
-995
-995
-995
-995
-995
-995
-995
-995
-995
-995
-995
-995
-995
-995
-996
-995
-983
-981
-984
-994
-995
-994
-995
-994
-995
-994
-983
-983
-983
-977
-981
-991
-977
-980
-977
-967
-977
-983
-981
-960
-980
-995
-981
-959
-981
-977
-995
-981
-981
-995
-981
-995
-977
-995
-995
-996
-995
-981
-982
-996
-995
-995
-995
-995
-995
-968
-995
-983
-996
-977
-966
-982
-966
-967
-995
-995
-995
-995
-995
-995
-995
-995
-995
-995
-995
-995
-995
-995
-995
-995
-995
-995
-995
-995
-995
-995
-995
-995
-995
-995
-995
-995
-995
-995
-995
-995
-995
-995
-995
-967
-975
-969
-982
-995
-993
-993
-993
-993
-993
-993
-995
-993
-993
-993
-993
-993
-993
-993
-993
-993
-993
-993
-993
-993
-993
-993
-993
-993
-993
-993
-993
-993
-993
-993
-993
-993
-993
-993
-993
-993
-993
-993
-993
-993
-993
-993
-993
-993
-993
-993
-992
-995
-993
-993
-992
-995
-993
-993
-993
-993
-993
-993
-993
-993
-994
-983
-995
-982
-995
-982
-995
-956
-954
-976
-967
-967
-982
-981
-995
-982
-983
-995
-980
-995
-983
-995
-967
-968
-980
-995
-982
-982
-980
-995
-982
-982
-980
-995
-967
-994
-995
-948
-940
-940
-968
-967
-981
-995
-952
-981
-995
-966
-955
-982
-982
-982
-976
-981
-983
-981
-995
-980
-966
-967
-926
-995
-995
-995
-995
-966
-980
-995
-966
-981
-980
-967
-983
-995
-911
-968
-983
-967
-968
-968
-982
-995
-980
-995
-913
-981
-995
-967
-969
-967
-976
-967
-976
-994
-995
-982
-995
-981
-995
-926
-995
-982
-995
-976
-953
-995
-968
-968
-940
-994
-982
-995
-981
-995
-980
-982
-995
-976
-982
-995
-967
-981
-980
-953
-981
-995
-981
-995
-976
-967
-969
-980
-995
-953
-976
-981
-976
-954
-995
-916
-976
-975
-976
-976
-976
-981
-967
-982
-995
-975
-981
-995
-939
-981
-995
-982
-967
-982
-995
-981
-995
-976
-981
-995
-982
-967
-975
-975
-975
-975
-975
-976
-975
-975
-967
-968
-982
-968
-982
-995
-982
-995
-976
-976
-925
-995
-969
-976
-982
-967
-966
-966
-995
-980
-995
-981
-966
-981
-969
-980
-995
-981
-995
-981
-995
-995
-981
-995
-983
-982
-982
-969
-982
-981
-968
-982
-948
-976
-976
-983
-924
-982
-995
-983
-976
-982
-982
-981
-976
-982
-976
-976
-982
-982
-966
-968
-982
-967
-981
-981
-980
-994
-981
-981
-995
-980
-995
-981
-982
-981
-981
-976
-994
-983
-968
-953
-966
-980
-967
-983
-967
-981
-982
-982
-980
-995
-966
-976
-976
-982
-981
-983
-982
-982
-982
-983
-976
-977
-980
-995
-982
-980
-995
-994
-995
-963
-983
-948
-961
-983
-969
-981
-981
-981
-976
-982
-980
-976
-911
-952
-966
-980
-982
-982
-996
-982
-982
-994
-981
-983
-995
-983
-976
-955
-981
-968
-995
-980
-995
-982
-905
-981
-995
-981
-995
-966
-984
-982
-994
-984
-995
-984
-994
-967
-981
-995
-969
-981
-995
-981
-995
-966
-995
-980
-995
-954
-952
-995
-966
-982
-980
-995
-981
-995
-981
-995
-967
-980
-995
-980
-996
-995
-995
-994
-981
-995
-995
-995
-994
-995
-917
-966
-981
-995
-981
-995
-982
-994
-995
-982
-966
-983
-983
-956
-994
-995
-983
-994
-983
-981
-995
-994
-980
-995
-951
-994
-983
-994
-956
-982
-954
-980
-996
-996
-996
-995
-955
-954
-955
-966
-966
-935
-945
-983
-995
-983
-983
-994
-995
-957
-995
-982
-995
-981
-995
-981
-980
-995
-981
-948
-995
-981
-995
-994
-961
-982
-948
-995
-948
-994
-971
-994
-982
-982
-970
-945
-982
-995
-969
-982
-968
-994
-967
-980
-975
-960
-995
-995
-989
-968
-981
-995
-994
-994
-980
-996
-996
-996
-982
-995
-995
-995
-995
-995
-981
-996
-982
-982
-994
-994
-994
-994
-968
-995
-994
-994
-980
-995
-965
-994
-983
-994
-995
-982
-995
-995
-966
-982
-994
-995
-994
-966
-984
-994
-983
-951
-994
-956
-982
-980
-994
-981
-995
-994
-982
-937
-994
-954
-981
-994
-969
-981
-995
-980
-923
-984
-933
-982
-995
-982
-995
-966
-982
-983
-938
-949
-966
-985
-983
-980
-995
-994
-976
-994
-976
-985
-954
-952
-995
-980
-995
-953
-981
-995
-954
-971
-980
-995
-966
-981
-983
-994
-903
-981
-981
-995
-982
-995
-981
-995
-954
-981
-995
-966
-966
-982
-981
-995
-995
-981
-982
-981
-966
-985
-983
-980
-983
-955
-980
-941
-968
-996
-996
-982
-981
-984
-995
-960
-954
-969
-983
-981
-980
-994
-995
-961
-980
-995
-981
-966
-981
-995
-980
