agent: texplore
env: asterix
Environment is episodic.
set statesPerDim to 0 for all dim
feature 0 has range 30
feature 1 has range 30
feature 2 has range 30
reward range: 1001
Parallel ETUCT tracking real state values
Planner using history size: 0
Start model learning thread
start parallel uct planning search thread
Created MultClass 0 with nModels: 5
Created C4.5 decision tree 0 with == and > splits
Created C4.5 decision tree 6 with == and > splits
Created C4.5 decision tree 12 with == and > splits
Created C4.5 decision tree 18 with == and > splits
Created C4.5 decision tree 24 with == and > splits
Created MultClass 3 with nModels: 5
Created C4.5 decision tree 3 with == and > splits
Created C4.5 decision tree 9 with == and > splits
Created C4.5 decision tree 15 with == and > splits
Created C4.5 decision tree 21 with == and > splits
Created C4.5 decision tree 27 with == and > splits
Created MultClass 4 with nModels: 5
Created C4.5 decision tree 4 with == and > splits
Created C4.5 decision tree 10 with == and > splits
Created C4.5 decision tree 16 with == and > splits
Created C4.5 decision tree 22 with == and > splits
Created C4.5 decision tree 28 with == and > splits
Created MultClass 1 with nModels: 5
Created C4.5 decision tree 1 with == and > splits
Created C4.5 decision tree 7 with == and > splits
Created C4.5 decision tree 13 with == and > splits
Created C4.5 decision tree 19 with == and > splits
Created C4.5 decision tree 25 with == and > splits
Created MultClass 2 with nModels: 5
Created C4.5 decision tree 2 with == and > splits
Created C4.5 decision tree 8 with == and > splits
Created C4.5 decision tree 14 with == and > splits
Created C4.5 decision tree 20 with == and > splits
Created C4.5 decision tree 26 with == and > splits
-996
-991
-995
-992
-995
-997
-997
-997
-997
-997
-996
-994
-997
-987
-987
-987
-987
-987
-994
-990
-994
-991
-994
-993
-995
-985
-994
-994
-994
-996
-994
-994
-996
-994
-994
-994
-994
-994
-994
-994
-993
-995
-994
-995
-995
-995
-996
-995
-996
-995
-996
-995
-995
-995
-996
-995
-995
-996
-995
-996
-991
-994
-996
-994
-995
-994
-995
-994
-995
-994
-996
-996
-995
-994
-995
-996
-994
-982
-992
-991
-994
-991
-995
-990
-993
-995
-991
-989
-990
-994
-993
-990
-993
-987
-994
-989
-994
-996
-994
-993
-994
-989
-993
-989
-994
-989
-994
-993
-989
-995
-996
-989
-994
-994
-989
-994
-989
-994
-989
-989
-989
-989
-989
-994
-989
-987
-989
-989
-988
-987
-988
-987
-987
-987
-987
-987
-987
-987
-987
-987
-995
-987
-995
-987
-994
-987
-987
-987
-996
-994
-996
-987
-987
-987
-987
-987
-987
-996
-987
-996
-987
-994
-987
-987
-996
-987
-987
-994
-987
-994
-990
-987
-995
-971
-996
-995
-995
-917
-972
-996
-993
-996
-945
-945
-973
-996
-995
-995
-995
-995
-995
-995
-995
-995
-994
-996
-987
-986
-996
-996
-996
-987
-995
-995
-995
-995
-995
-995
-995
-995
-995
-995
-995
-995
-995
-995
-995
-995
-995
-995
-973
-995
-994
-973
-993
-970
-996
-987
-973
-994
-994
-994
-990
-990
-994
-995
-994
-994
-994
-994
-994
-994
-994
-994
-995
-995
-996
-996
-987
-990
-996
-995
-995
-989
-985
-990
-972
-994
-994
-994
-994
-995
-994
-995
-995
-995
-995
-995
-990
-990
-995
-995
-990
-995
-995
-995
-990
-990
-990
-990
-995
-990
-995
-996
-995
-996
-995
-995
-995
-973
-990
-973
-995
-995
-990
-990
-990
-995
-995
-995
-995
-987
-995
-995
-990
-990
-990
-995
-989
-994
-994
-994
-990
-983
-973
-992
-994
-994
-995
-995
-995
-995
-995
-995
-996
-995
-993
-996
-995
-995
-995
-995
-995
-995
-995
-995
-995
-995
-995
-945
-973
-994
-973
-985
-994
-989
-989
-994
-994
-994
-995
-994
-994
-994
-994
-994
-994
-994
-973
-994
-994
-994
-994
-994
-994
-994
-973
-989
-995
-994
-989
-959
-995
-989
-995
-995
-995
-995
-994
-995
-969
-994
-995
-995
-995
-995
-995
-994
-994
-973
-996
-994
-973
-996
-994
-945
-993
-994
-959
-971
-995
-994
-989
-931
-973
-945
-931
-959
-994
-989
-989
-805
-996
-995
-987
-989
-989
-989
-903
-959
-805
-973
-973
-988
-988
-986
-987
-987
-986
-986
-985
-985
-986
-986
-985
-985
-988
-983
-988
-994
-988
-983
-995
-985
-986
-986
-986
-988
-986
-989
-989
-973
-903
-987
-989
-989
-989
-989
-989
-989
-989
-989
-989
-959
-989
-973
-987
-973
-987
-987
-989
-973
-973
-973
-945
-945
-931
-989
-973
-973
-973
-973
-973
-973
-973
-959
-989
-973
-945
-987
-989
-992
-987
-987
-992
-989
-987
-989
-847
-970
-987
-987
-973
-959
-987
-987
201
-917
-931
-987
-987
-987
-973
-973
-973
-973
-987
-945
-987
-987
-945
-973
-973
-987
-987
-989
-987
-987
-973
-987
-973
-973
-987
-973
-987
-973
-973
-973
-959
-994
-992
-973
-996
-994
-994
-973
-973
-996
-945
-973
-945
-996
-994
-994
-994
-994
-994
-989
-989
-989
-973
-987
-987
-959
-994
-994
-903
-994
-994
-994
-994
-994
-994
-994
-994
-994
-994
-994
-994
-994
-994
-994
-994
-994
-994
-994
-994
-994
-994
-994
-994
-994
-994
-994
-994
-994
-994
-994
-994
-994
-994
-994
-994
-994
-994
-994
-992
-996
-994
-994
-994
-994
-994
-994
-995
-992
-996
-994
-994
-994
-994
-994
-994
-994
-994
-994
-994
-994
-994
-994
-994
-994
-994
-994
-994
-994
-994
-994
-994
-994
-994
-994
-994
-994
-994
-994
-994
-994
-994
-994
-994
-994
-994
-994
-994
-994
-994
-994
-994
-994
-994
-994
-994
-994
-994
-994
-994
-994
-994
-994
-994
-994
-994
-994
-994
-994
-994
-994
-994
-994
-994
-994
-994
-994
-969
-994
-994
-995
-987
-996
-994
-994
-994
-994
-994
-994
-995
-995
-994
-994
-994
-994
-994
-994
-994
-994
-994
-994
-994
-994
-994
-994
-994
-994
-994
-994
-994
-994
-994
-994
-994
-994
-994
-994
-994
-994
-994
-994
-994
-994
-994
-994
-994
-994
-994
-994
-987
-987
-996
-994
-994
-994
-994
-994
-994
-994
-994
-994
-994
-994
-994
-994
-994
-994
-994
-994
-994
-994
-994
-994
-994
-994
-994
-994
-994
-994
-994
-994
-994
-994
-994
-994
-994
-994
-994
-994
-994
-994
-994
-994
-994
-994
-994
-994
-994
-994
-994
-994
-994
-994
-994
-994
-994
-994
-994
-994
-994
-994
-994
-994
-994
-994
-994
-994
-987
-996
-994
-994
-994
-994
-994
-994
-994
-994
-994
-994
-994
-994
-994
-994
-994
-994
-994
-994
-994
-994
-994
-994
-994
-994
-994
-994
-994
-994
-994
-994
-994
-994
-994
-994
-994
-994
-994
-994
-994
-994
-994
-994
-994
-994
-994
-994
-994
-994
-959
-994
-994
-994
-994
-994
-994
-994
-994
-994
-994
-994
-994
-994
-994
-994
-994
-994
-994
-994
-994
-994
-994
-994
-994
-994
-994
-994
-994
-994
-994
-994
-994
-994
-994
-994
-994
-994
-994
-994
-994
-994
-994
-994
-994
-994
-994
-994
-994
-994
-994
-994
-994
-994
-994
-994
-994
-994
-994
-994
-994
-994
-994
-994
-994
-994
-941
-994
-987
-996
-987
-996
-987
-973
-996
-994
-987
-996
-994
-994
-994
-987
-994
-987
-987
-996
-987
-987
-987
-996
-987
-996
-987
-996
-987
-987
-996
-994
-987
-996
-995
-987
-996
-987
-996
-973
-996
-987
-969
-994
-987
-987
-987
-987
-987
-973
-996
-973
-996
-987
-996
-987
-987
-987
-996
-987
-987
-987
-987
-987
-987
-959
-987
-987
-993
-993
-990
-987
-993
-994
-987
-987
-996
-993
-959
-987
