agent: texplore
env: asterix
Environment is episodic.
set statesPerDim to 0 for all dim
feature 0 has range 30
feature 1 has range 30
feature 2 has range 30
reward range: 1001
Parallel ETUCT tracking real state values
Planner using history size: 0
Start model learning thread
start parallel uct planning search thread
Created MultClass 0 with nModels: 5
Created C4.5 decision tree 0 with == and > splits
Created C4.5 decision tree 6 with == and > splits
Created C4.5 decision tree 12 with == and > splits
Created C4.5 decision tree 18 with == and > splits
Created C4.5 decision tree 24 with == and > splits
Created MultClass 3 with nModels: 5
Created C4.5 decision tree 3 with == and > splits
Created C4.5 decision tree 9 with == and > splits
Created C4.5 decision tree 15 with == and > splits
Created C4.5 decision tree 21 with == and > splits
Created C4.5 decision tree 27 with == and > splits
Created MultClass 4 with nModels: 5
Created C4.5 decision tree 4 with == and > splits
Created C4.5 decision tree 10 with == and > splits
Created C4.5 decision tree 16 with == and > splits
Created C4.5 decision tree 22 with == and > splits
Created C4.5 decision tree 28 with == and > splits
Created MultClass 1 with nModels: 5
Created C4.5 decision tree 1 with == and > splits
Created C4.5 decision tree 7 with == and > splits
Created C4.5 decision tree 13 with == and > splits
Created C4.5 decision tree 19 with == and > splits
Created C4.5 decision tree 25 with == and > splits
Created MultClass 2 with nModels: 5
Created C4.5 decision tree 2 with == and > splits
Created C4.5 decision tree 8 with == and > splits
Created C4.5 decision tree 14 with == and > splits
Created C4.5 decision tree 20 with == and > splits
Created C4.5 decision tree 26 with == and > splits
-993
-995
-994
-994
-996
-994
-981
-995
-994
-982
-997
-997
-997
-997
-996
-997
-996
-997
-995
-996
-996
-992
-995
-992
-995
-995
-994
-993
-995
-994
-994
-994
-995
-994
-994
-994
-994
-994
-995
-995
-994
-995
-993
-992
-992
-990
-981
-990
-984
-996
-993
-994
-994
-988
-994
-989
-995
-995
-993
-994
-994
-993
-994
-994
-989
-995
-996
-987
-994
-994
-996
-985
-989
-996
-989
-972
-995
-995
-989
-987
-995
-995
-996
-988
-996
-995
-995
-995
-994
-994
-996
-982
-994
-995
-995
-991
-987
-976
-990
-986
-994
-993
-994
-995
-995
-995
-994
-996
-997
-996
-997
-996
-997
-995
-994
-991
-995
-994
-994
-994
-993
-995
-983
-993
-994
-994
-994
-995
-994
-994
-994
-993
-994
-973
-995
-991
-994
-991
-994
-993
-991
-994
-994
-994
-994
-991
-994
-991
-996
-994
-991
-994
-991
-994
-991
-994
-976
-994
-974
-995
-991
-994
-991
-995
-994
-978
-994
-996
-995
-997
-996
-995
-997
-997
-997
-995
-997
-996
-995
-996
-995
-997
-995
-996
-996
-996
-995
-995
-995
-995
-996
-995
-997
-996
-995
-996
-995
-996
-995
-996
-995
-996
-995
-996
-995
-996
-995
-996
-995
-997
-997
-997
-996
-995
-996
-995
-996
-996
-996
-996
-996
-995
-996
-995
-996
-995
-996
-995
-996
-995
-996
-995
-996
-995
-996
-995
-995
-995
-995
-995
-995
-995
-995
-997
-995
-995
-995
-995
-996
-995
-997
-997
-996
-996
-996
-995
-973
-995
-994
-992
-992
-995
-993
-995
-996
-991
-995
-994
-994
-993
-988
-996
-994
-994
-994
-994
-974
-994
-995
-995
-995
-994
-982
-995
-994
-994
-994
-993
-973
-996
-987
-987
-995
-988
-987
-988
-994
-993
-994
-995
-995
-993
-994
-995
-995
-995
-995
-989
-994
-988
-988
-995
-994
-994
-994
-994
-996
-993
-989
-994
-988
-994
-995
-994
-993
-989
-973
-994
-994
-984
-995
-995
-995
-994
-994
-994
-994
-994
-995
-995
-995
-995
-994
-994
-994
-994
-994
-994
-994
-994
-994
-995
-994
-988
-988
-972
-972
-994
-994
-994
-972
-994
-994
-994
-994
-994
-994
-988
-972
-972
-994
-995
-994
-972
-972
-984
-994
-972
-987
-984
-994
-994
-995
-994
-995
-994
-994
-994
-984
-995
-994
-994
-994
-995
-994
-994
-994
-944
-973
-994
-994
-994
-994
-994
-994
-994
-994
-994
-994
-994
-994
-994
-994
-994
-994
-994
-994
-995
-994
-994
-994
-994
-994
-994
-994
-994
-994
-994
-994
-994
-994
-994
-994
-994
-994
-994
-994
-994
-994
-994
-994
-994
-994
-994
-994
-994
-994
-994
-994
-994
-994
-994
-994
-994
-994
-994
-994
-994
-994
-994
-994
-994
-994
-994
-994
-994
-994
-994
-994
-994
-994
-994
-994
-994
-994
-994
-994
-994
-994
-973
-994
-991
-985
-994
-994
-994
-991
-994
-994
-994
-994
-991
-994
-994
-994
-994
-994
-994
-994
-994
-994
-994
-994
-994
-995
-994
-994
-994
-994
-994
-994
-994
-994
-994
-994
-994
-994
-994
-994
-994
-994
-994
-994
-994
-994
-995
-995
-994
-994
-994
-994
-994
-994
-994
-994
-994
-994
-994
-994
-994
-994
-994
-995
-995
-995
-995
-994
-994
-994
-995
-995
-995
-995
-995
-995
-995
-995
-995
-995
-994
-994
-994
-994
-994
-995
-995
-995
-995
-995
-995
-995
-995
-995
-995
-995
-995
-995
-995
-994
-995
-995
-995
-995
-995
-995
-995
-995
-994
-995
-994
-994
-994
-994
-994
-994
-994
-982
-986
-994
-994
-994
-994
-994
-994
-994
-994
-994
-994
-994
-994
-994
-931
-994
-818
-995
-994
-994
-994
-994
-994
-994
-994
-994
-994
-994
-994
-994
-994
-994
-994
-994
-994
-994
-994
-994
-994
-994
-994
-994
-994
-994
-994
-994
-994
-994
-994
-994
-994
-994
-994
-994
-994
-994
-994
-994
-994
-994
-994
-994
-994
-994
-994
-994
-994
-994
-994
-994
-994
-994
-994
-994
-994
-995
-994
-945
-994
-973
-874
-994
-875
201
-994
-994
-995
-973
-945
-996
-805
-994
-994
-994
-994
-994
-994
-994
-994
-994
-994
-994
-994
-994
-994
-994
-994
-994
-994
-994
-994
-994
-994
-994
-994
-994
-931
-994
-994
-994
-994
-994
-994
-994
-994
-994
-994
-994
-994
-994
-994
-994
-994
-994
-994
-994
-994
-994
-994
-994
-994
-994
-994
-995
-994
-994
-994
-994
-994
-994
-994
-994
-994
-994
201
-994
-994
-994
-994
-994
-994
-994
-994
-994
-994
-994
-994
-994
-994
-994
-994
-994
-994
-994
-994
-994
-994
-994
-994
-994
-994
-994
-994
-994
-994
-994
-994
-994
-994
-994
-994
-994
-994
-994
-994
-994
-994
-994
-994
-994
-994
-994
-994
-994
-994
-994
-994
-994
-994
-994
-994
-994
-994
-994
-994
-994
-994
-994
-994
-994
-994
-994
-994
-994
-994
-994
-994
-994
-994
-994
-994
-994
-994
-994
-994
-994
-994
-994
-994
-994
-995
-994
-994
-994
-994
-994
-995
-995
-994
-994
-994
-994
-994
-994
-994
-994
-994
-994
201
-994
-994
-994
-994
-994
-994
-994
-994
-994
-994
-994
-994
-994
-994
-994
-994
-994
-994
-994
-994
-994
-994
-994
-994
-994
-994
-994
-994
-994
-994
-994
-994
-994
-994
-994
-994
-994
-994
-994
-994
-994
-994
-994
-994
-994
-994
-994
-994
-994
-994
-994
-994
-994
-994
-994
-994
-994
-994
-994
-994
-994
-994
-994
-994
-994
-994
-994
-994
-994
-994
-994
-994
-994
-994
-994
-994
-994
-994
-994
-994
-994
-994
-994
-994
-994
-994
-994
-994
-994
-994
-994
-994
-994
-994
-994
-994
-959
-984
-847
-994
-994
-994
-994
-994
-994
-994
-994
-994
-994
-994
201
-994
-994
-994
-994
-994
-834
-994
-994
-994
-995
-994
-994
-994
-931
-987
201
-994
-994
201
-994
-994
-994
-994
-994
-994
-994
-994
-994
-994
-994
-994
-994
-994
