agent: texplore
env: asterix
Environment is episodic.
set statesPerDim to 0 for all dim
feature 0 has range 30
feature 1 has range 30
feature 2 has range 30
reward range: 1001
Parallel ETUCT tracking real state values
Planner using history size: 0
start parallel uct planning search thread
Start model learning thread
Created MultClass 0 with nModels: 5
Created C4.5 decision tree 0 with == and > splits
Created C4.5 decision tree 6 with == and > splits
Created C4.5 decision tree 12 with == and > splits
Created C4.5 decision tree 18 with == and > splits
Created C4.5 decision tree 24 with == and > splits
Created MultClass 3 with nModels: 5
Created C4.5 decision tree 3 with == and > splits
Created C4.5 decision tree 9 with == and > splits
Created C4.5 decision tree 15 with == and > splits
Created C4.5 decision tree 21 with == and > splits
Created C4.5 decision tree 27 with == and > splits
Created MultClass 4 with nModels: 5
Created C4.5 decision tree 4 with == and > splits
Created C4.5 decision tree 10 with == and > splits
Created C4.5 decision tree 16 with == and > splits
Created C4.5 decision tree 22 with == and > splits
Created C4.5 decision tree 28 with == and > splits
Created MultClass 1 with nModels: 5
Created C4.5 decision tree 1 with == and > splits
Created C4.5 decision tree 7 with == and > splits
Created C4.5 decision tree 13 with == and > splits
Created C4.5 decision tree 19 with == and > splits
Created C4.5 decision tree 25 with == and > splits
Created MultClass 2 with nModels: 5
Created C4.5 decision tree 2 with == and > splits
Created C4.5 decision tree 8 with == and > splits
Created C4.5 decision tree 14 with == and > splits
Created C4.5 decision tree 20 with == and > splits
Created C4.5 decision tree 26 with == and > splits
-996
-995
-983
-994
-995
-995
-995
-992
-994
-995
-994
-995
-995
-994
-993
-995
-995
-994
-996
-995
-996
-994
-992
-995
-981
-983
-981
-991
-995
-994
-995
-996
-995
-995
-996
-995
-994
-996
-995
-996
-994
-996
-994
-989
-994
-996
-973
-995
-970
-994
-995
-982
-952
-997
-966
-994
-994
-981
-983
-988
-995
-995
-984
-982
-995
-990
-995
-987
-995
-984
-990
-973
-995
-986
-995
-990
-990
-986
-986
-990
-995
-995
-995
-990
-988
-987
-986
-986
-995
-986
-986
-995
-987
-995
-995
-986
-997
-958
-997
-992
-994
-994
-994
-994
-994
-994
-994
-994
-994
-994
-994
-994
-994
-994
-994
-994
-994
-995
-994
-994
-994
-994
-995
-995
-994
-994
-994
-994
-994
-994
-994
-994
-994
-994
-994
-994
-994
-994
-994
-994
-994
-994
-995
-995
-994
-994
-983
-994
-983
-994
-994
-996
-996
-994
-994
-994
-994
-996
-996
-996
-996
-996
-996
-996
-996
-996
-996
-996
-996
-996
-994
-994
-994
-994
-994
-994
-995
-994
-994
-996
-996
-996
-996
-996
-996
-996
-996
-996
-996
-996
-996
-996
-996
-994
-996
-994
-994
-994
-994
-996
-994
-996
-996
-996
-994
-994
-988
-996
-994
-994
-994
-996
-994
-974
-973
-990
-995
-990
-995
-995
-996
-994
-994
-996
-997
-992
-994
-995
-995
-995
-975
-992
-995
-994
-993
-994
-983
-996
-992
-993
-993
-992
-993
-996
-992
-994
-996
-991
-994
-996
-996
-982
-994
-994
-994
-997
-992
-993
-995
-994
-993
-994
-996
-994
-992
-994
-994
-994
-994
-994
-994
-994
-992
-995
-993
-994
-979
-995
-995
-997
-996
-992
-995
-992
-993
-992
-993
-993
-995
-995
-996
-996
-976
-994
-997
-993
-992
-996
-992
-995
-996
-995
-995
-995
-995
-995
-994
-997
-997
-997
-994
-992
-995
-995
-995
-995
-995
-995
-995
-995
-995
-994
-992
-994
-992
-994
-996
-995
-995
-995
-995
-995
-993
-992
-995
-995
-995
-995
-995
-981
-983
-992
-992
-993
-995
-995
-995
-995
-995
-995
-995
-995
-995
-995
-995
-995
-995
-995
-995
-995
-995
-995
-994
-995
-997
-984
-966
-996
-995
-993
-996
-995
-995
-991
-994
-991
-993
-995
-982
-995
-997
-994
-996
-996
-996
-991
-991
-991
-991
-994
-991
-980
-991
-980
-995
-995
-995
-995
-995
-997
-995
-996
-995
-995
-996
-980
-980
-995
-980
-994
-996
-994
-996
-994
-991
-994
-991
-981
-994
-994
-994
-994
-994
-981
-983
-994
-994
-994
-995
-981
-994
-994
-994
-994
-994
-994
-994
-994
-994
-994
-981
-994
-995
-996
-995
-996
-995
-991
-995
-995
-995
-995
-980
-995
-983
-991
-995
-995
-981
-983
-994
-996
-994
-995
-996
-996
-991
-983
-969
-996
-996
-992
-994
-996
-994
-997
-983
-982
-994
-990
-995
-996
-975
-994
-995
-994
-990
-996
-990
-981
-975
-984
-996
-985
-983
-994
-974
-994
-984
-992
-994
-985
-983
-990
-984
-945
-973
-992
-994
-992
-994
-997
-992
-995
-995
-995
-995
-995
-992
-995
-992
-995
-995
-994
-992
-984
-973
-994
-990
-992
-995
-996
-986
-995
-992
-994
-993
-994
-994
-996
-996
-996
-990
-996
-990
-968
-982
-969
-996
-994
-981
-995
-983
-995
-995
-995
-995
-995
-995
-994
-990
-994
-990
-994
-981
-995
-995
-995
-995
-995
-995
-995
-995
-965
-979
-994
-980
-969
-981
-990
-990
-972
-994
-996
-994
-990
-994
-970
-994
-990
-994
-990
-982
-994
-994
-977
-995
-995
-995
-982
-995
-995
-995
-994
-996
-997
-996
-989
-990
-994
-990
-994
-990
-994
-990
-990
-990
-995
-994
-990
-994
-992
-994
-989
-995
-977
-977
-995
-994
-996
-983
-996
-996
-995
-995
-994
-996
-995
-995
-995
-994
-996
-994
-994
-990
-995
-994
-990
-994
-990
-994
-995
-990
-995
-995
-990
-994
-990
-994
-990
-990
-990
-990
-994
-996
-995
-995
-995
-995
-995
-995
-995
-995
-995
-995
-995
-995
-995
-995
-995
-995
-995
-995
-995
-995
-995
-995
-995
-995
-995
-995
-995
-995
-995
-995
-995
-995
-995
-995
-995
-995
-995
-995
-995
-995
-995
-995
-995
-995
-995
-995
-995
-995
-995
-995
-995
-995
-995
-995
-995
-995
-995
-995
-992
-992
-981
-996
-995
-995
-981
-996
-982
-995
-990
-990
-990
-996
-990
-990
-990
-994
-990
-996
-990
-994
-974
-995
-987
-994
-989
-959
-981
-981
-981
-984
-984
-974
-982
-995
-995
-995
-995
-995
-995
-995
-995
-974
-994
-968
-995
-995
-994
-996
-995
-995
-995
-995
-995
-995
-995
-995
-995
-995
-995
-995
-995
-995
-980
-982
-995
-995
-995
-995
-995
-995
-995
-995
-995
-995
-995
-995
-995
-995
-995
-995
-995
-995
-995
-995
-995
-995
-995
-995
-995
-980
-996
-995
-995
-980
-997
-995
-996
-984
-981
-981
-973
-994
-981
-997
-996
-981
-996
-996
-994
-996
-996
-981
-994
-982
-971
-994
-996
-984
-994
-969
-981
-996
-996
-994
-996
-995
-981
-958
-997
-994
-983
-995
-995
-995
-982
-994
-996
-996
-994
-996
-994
-996
-994
-996
-990
-995
-994
-974
-994
-990
-995
-995
-995
-980
-973
-994
-990
-995
-995
-994
-994
-994
-966
-968
-995
-995
-995
-995
-994
-996
-994
-997
-996
-945
-973
-972
-996
-996
-996
-994
-996
-994
-996
-994
-981
-996
-995
-995
-995
-995
-995
-995
-995
-995
-994
-981
-981
-969
-981
-981
-997
-996
-996
-975
-994
-996
-986
-993
-973
-994
-990
-994
-996
-996
-996
-992
-984
-990
-995
-995
-995
-980
-977
-989
-984
-989
-984
-980
-981
-994
-997
-996
-996
-997
-997
-996
-996
-996
-996
-996
-996
-996
-996
-996
-996
-996
-984
-990
-995
-994
-974
-966
-971
-994
-977
-995
-995
-995
-995
-995
-995
-994
-996
-996
-996
-996
-996
-990
-995
-995
-995
-994
-996
-996
-996
