agent: texplore
env: asterix
Environment is episodic.
set statesPerDim to 0 for all dim
feature 0 has range 30
feature 1 has range 30
feature 2 has range 30
reward range: 1001
Parallel ETUCT tracking real state values
Planner using history size: 0
Start model learning thread
start parallel uct planning search thread
Created MultClass 0 with nModels: 5
Created C4.5 decision tree 0 with == and > splits
Created C4.5 decision tree 6 with == and > splits
Created C4.5 decision tree 12 with == and > splits
Created C4.5 decision tree 18 with == and > splits
Created C4.5 decision tree 24 with == and > splits
Created MultClass 3 with nModels: 5
Created C4.5 decision tree 3 with == and > splits
Created C4.5 decision tree 9 with == and > splits
Created C4.5 decision tree 15 with == and > splits
Created C4.5 decision tree 21 with == and > splits
Created C4.5 decision tree 27 with == and > splits
Created MultClass 4 with nModels: 5
Created C4.5 decision tree 4 with == and > splits
Created C4.5 decision tree 10 with == and > splits
Created C4.5 decision tree 16 with == and > splits
Created C4.5 decision tree 22 with == and > splits
Created C4.5 decision tree 28 with == and > splits
Created MultClass 1 with nModels: 5
Created C4.5 decision tree 1 with == and > splits
Created C4.5 decision tree 7 with == and > splits
Created C4.5 decision tree 13 with == and > splits
Created C4.5 decision tree 19 with == and > splits
Created C4.5 decision tree 25 with == and > splits
Created MultClass 2 with nModels: 5
Created C4.5 decision tree 2 with == and > splits
Created C4.5 decision tree 8 with == and > splits
Created C4.5 decision tree 14 with == and > splits
Created C4.5 decision tree 20 with == and > splits
Created C4.5 decision tree 26 with == and > splits
-995
-994
-996
-995
-994
-994
-991
-996
-993
-993
-989
-988
-987
-987
-989
-989
-990
-991
-991
-992
-991
-994
-993
-994
-991
-995
-995
-992
-994
-994
-994
-994
-994
-995
-990
-992
-994
-994
-994
-996
-996
-994
-993
-994
-985
-973
-996
-984
-996
-994
-994
-994
-994
-996
-992
-996
-992
-994
-995
-995
-994
-987
-992
-985
-993
-994
-992
-994
-992
-994
-992
-996
-996
-992
-994
-987
-992
-996
-992
-993
-987
-995
-995
-992
-993
-996
-987
-987
-995
-992
-988
-995
-995
-987
-987
-995
-995
-988
-995
-995
-995
-995
-995
-995
-995
-995
-987
-987
-988
-987
-995
-987
-987
-987
-995
-987
-987
-992
-994
-995
-995
-995
-994
-994
-988
-995
-996
-987
-987
-987
-996
-987
-996
-996
-996
-996
-996
-995
-995
-995
-995
-995
-996
-995
-996
-996
-987
-987
-988
-987
-987
-987
-995
-994
-986
-994
-992
-973
-996
-987
-997
-994
-987
-996
-987
-995
-987
-987
-995
-994
-995
-995
-995
-995
-995
-994
-992
-995
-994
-995
-995
-995
-994
-995
-995
-996
-996
-996
-996
-996
-987
-987
-993
-987
-995
-987
-987
-996
-993
-993
-995
-994
-995
-995
-994
-995
-993
-994
-993
-996
-995
-995
-995
-993
-995
-993
-995
-993
-995
-993
-995
-993
-993
-995
-995
-995
-995
-995
-993
-995
-993
-995
-994
-993
-995
-995
-995
-995
-995
-995
-993
-996
-996
-995
-993
-995
-993
-994
-996
-994
-992
-996
-994
-995
-995
-993
-995
-990
-991
-995
-992
-991
-990
-995
-995
-991
-995
-995
-990
-995
-991
-988
-992
-991
-993
-996
-993
-993
-993
-991
-993
-996
-990
-987
-993
-990
-990
-994
-995
-990
-996
-994
-987
-987
-990
-990
-990
-990
-995
-987
-987
-992
-995
-987
-988
-993
-991
-996
-993
-991
-995
-987
-995
-995
-987
-995
-987
-996
-994
-995
-995
-995
-987
-995
-995
-995
-995
-995
-995
-995
-987
-987
-987
-987
-988
-987
-988
-987
-988
-987
-987
-988
-988
-993
-987
-992
-992
-987
-987
-987
-992
-987
-995
-987
-996
-987
-993
-987
-995
-987
-996
-993
-992
-987
-996
-987
-987
-995
-987
-996
-987
-996
-987
-987
-987
-987
-987
-987
-987
-987
-987
-987
-995
-987
-987
-987
-987
-987
-987
-987
-993
-993
-995
-994
-994
-997
-987
-987
-995
-995
-996
-995
-995
-995
-996
-995
-996
-995
-996
-995
-995
-995
-995
-996
-994
-993
-995
-993
-990
-995
-995
-995
-993
-994
-990
-994
-994
-990
-995
-995
-995
-995
-995
-995
-995
-995
-995
-995
-995
-995
-995
-995
-996
-995
-995
-996
-995
-993
-995
-996
-995
-996
-995
-996
-995
-996
-995
-996
-995
-996
-995
-996
-995
-996
-995
-996
-995
-996
-995
-996
-995
-993
-994
-990
-994
-994
-994
-994
-995
-996
-995
-995
-995
-995
-996
-995
-995
-993
-987
-987
-987
-996
-990
-987
-994
-987
-987
-987
-987
-987
-987
-987
-987
-992
-987
-995
-995
-995
-987
-987
-996
-987
-987
-996
-992
-992
-987
-987
-987
-987
-987
-987
-987
-987
-987
-987
-987
-995
-987
-987
-987
-987
-995
-987
-987
-987
-994
-995
-995
-995
-996
-995
-987
-994
-996
-987
-987
-993
-987
-987
-991
-987
-987
-989
-994
-995
-995
-989
-987
-996
-996
-996
-993
-974
-994
-995
-995
-995
-995
-995
-974
-992
-995
-995
-987
-995
-987
-992
-973
-995
-989
-987
-994
-995
-992
-996
-996
-996
-996
-996
-992
-987
-987
-987
-996
-987
-992
-994
-987
-996
-989
-995
-987
-993
-992
-987
-987
-987
-996
-996
-994
-987
-990
-989
-992
-992
-988
-987
-987
-987
-987
-988
-987
-987
-987
-987
-989
-988
-989
-987
-987
-972
-988
-988
-989
-989
-987
-987
-987
-987
-987
-987
-987
-987
-988
-988
-987
-987
-989
-987
-987
-987
-987
-987
-989
-989
-987
-987
-987
-996
-989
-987
-989
-995
-995
-995
-987
-973
-988
-995
-992
-994
-987
-989
-995
-995
-995
-995
-995
-995
-990
-990
-994
-991
-990
-996
-996
-996
-994
-984
-990
-996
-994
-995
-995
-995
-995
-995
-990
-996
-996
-996
-996
-996
-996
-996
-996
-996
-996
-996
-996
-996
-996
-996
-996
-996
-996
-996
-996
-996
-996
-996
-996
-996
-996
-994
-990
-994
-990
-996
-996
-994
-995
-974
-994
-990
-996
-996
-996
-996
-996
-996
-996
-996
-996
-996
-996
-990
-996
-996
-996
-996
-996
-996
-996
-996
-996
-996
-996
-996
-996
-996
-996
-996
-996
-996
-996
-996
-996
-990
-994
-991
-995
-990
-994
-989
-990
-989
-989
-995
-995
-989
-990
-996
-994
-995
-990
-996
-996
-996
-994
-995
-995
-995
-992
-995
-992
-993
-995
-995
-995
-995
-995
-995
-990
-995
-959
-994
-995
-992
-987
-994
-987
-994
-974
-990
-959
-994
-918
-973
-995
-995
-974
-994
-987
-994
-987
-994
-987
-994
-987
-994
-974
-994
-987
-974
-903
-994
-996
-973
-993
-992
-995
-945
-989
-973
-973
-973
-994
-973
-989
-945
-973
-973
-889
-973
-959
-974
-996
-946
-996
-974
-861
201
-861
-996
201
201
-889
-996
-805
-973
201
201
201
201
201
201
201
201
201
201
-917
201
201
-861
201
201
201
-847
-959
201
201
201
201
201
201
201
-805
201
201
-945
201
-931
-875
-994
-931
-875
-959
-994
-995
-994
-995
-994
-995
-994
-994
-995
-994
-986
-994
-995
-994
-995
-994
-995
-994
-995
-994
-995
-994
-995
-994
-995
-994
-995
-994
-995
-994
-995
-994
-995
-994
-995
-994
-995
-994
-995
-994
-995
-994
-995
-994
-995
-994
-995
-994
-995
-994
-995
-994
-995
-994
-995
-994
-995
-994
-995
-994
-995
-994
-995
-994
-995
-994
-994
-995
-994
-994
-995
-994
-986
-994
-994
-994
-994
-994
-994
-994
-994
-994
-994
-995
-994
-995
-994
-994
-994
-994
-994
