agent: texplore
env: asterix
Environment is episodic.
set statesPerDim to 0 for all dim
feature 0 has range 30
feature 1 has range 30
feature 2 has range 30
reward range: 1001
Parallel ETUCT tracking real state values
Planner using history size: 0
Start model learning thread
start parallel uct planning search thread
Created MultClass 0 with nModels: 5
Created C4.5 decision tree 0 with == and > splits
Created C4.5 decision tree 6 with == and > splits
Created C4.5 decision tree 12 with == and > splits
Created C4.5 decision tree 18 with == and > splits
Created C4.5 decision tree 24 with == and > splits
Created MultClass 3 with nModels: 5
Created C4.5 decision tree 3 with == and > splits
Created C4.5 decision tree 9 with == and > splits
Created C4.5 decision tree 15 with == and > splits
Created C4.5 decision tree 21 with == and > splits
Created C4.5 decision tree 27 with == and > splits
Created MultClass 4 with nModels: 5
Created C4.5 decision tree 4 with == and > splits
Created C4.5 decision tree 10 with == and > splits
Created C4.5 decision tree 16 with == and > splits
Created C4.5 decision tree 22 with == and > splits
Created C4.5 decision tree 28 with == and > splits
Created MultClass 1 with nModels: 5
Created C4.5 decision tree 1 with == and > splits
Created C4.5 decision tree 7 with == and > splits
Created C4.5 decision tree 13 with == and > splits
Created C4.5 decision tree 19 with == and > splits
Created C4.5 decision tree 25 with == and > splits
Created MultClass 2 with nModels: 5
Created C4.5 decision tree 2 with == and > splits
Created C4.5 decision tree 8 with == and > splits
Created C4.5 decision tree 14 with == and > splits
Created C4.5 decision tree 20 with == and > splits
Created C4.5 decision tree 26 with == and > splits
-994
-993
-994
-996
-993
-995
-989
-995
-994
-994
-994
-994
-996
-990
-994
-996
-992
-976
-981
-996
-995
-966
-995
-993
-994
-996
-994
-988
-993
-993
-993
-993
-990
-990
-994
-995
-994
-994
-994
-995
-995
-995
-996
-996
-996
-996
-996
-996
-996
-996
-996
-996
-996
-996
-996
-996
-996
-996
-996
-996
-996
-996
-996
-996
-996
-996
-996
-996
-996
-996
-996
-996
-995
-995
-995
-983
-996
-959
-990
-989
-987
-990
-991
-991
-989
-989
-989
-990
-987
-992
-990
-960
-974
-992
-995
-990
-990
-990
-990
-992
-992
-990
-983
-995
-996
-989
-986
-996
-988
-991
-993
-993
-982
-984
-959
-991
-987
-987
-991
-993
-993
-993
-993
-993
-993
-993
-993
-993
-993
-993
-993
-993
-991
-995
-996
-991
-986
-995
-996
-997
-994
-997
-995
-995
-995
-995
-987
-984
-983
-986
-972
-996
-984
-984
-996
-984
-996
-996
-996
-996
-996
-996
-996
-996
-996
-996
-996
-996
-996
-996
-996
-996
-996
-996
-996
-996
-996
-996
-996
-996
-996
-996
-996
-996
-996
-996
-996
-996
-996
-996
-996
-996
-996
-996
-996
-996
-996
-984
-996
-996
-987
-984
-996
-986
-995
-995
-995
-996
-996
-996
-996
-996
-987
-992
-987
-994
-996
-996
-996
-996
-986
-995
-996
-996
-996
-996
-985
-996
-989
-985
-996
-985
-988
-987
-996
-996
-996
-996
-996
-996
-996
-996
-996
-996
-996
-996
-996
-996
-996
-996
-996
-996
-996
-996
-996
-996
-996
-996
-996
-996
-996
-996
-996
-996
-996
-987
-992
-992
-994
-992
-995
-993
-992
-992
-992
-992
-993
-992
-995
-992
-992
-995
-983
-985
-988
-987
-987
-985
-989
-987
-985
-994
-987
-987
-987
-987
-993
-993
-993
-987
-987
-987
-985
-987
-985
-985
-994
-985
-985
-987
-987
-987
-987
-987
-987
-987
-989
-993
-993
-993
-993
-993
-993
-987
-987
-994
-994
-994
-987
-995
-987
-995
-993
-987
-987
-996
-987
-987
-993
-993
-987
-988
-994
-996
-988
-988
-995
-988
-993
-987
-994
-988
-988
-987
-987
-900
-959
-983
-973
-972
-916
-974
-983
-973
-984
-946
-996
-984
-995
-903
-995
-992
-946
-997
-996
-995
-995
-995
-988
-988
-970
-833
-994
-972
-996
-974
-996
-996
-996
-996
-972
-995
-996
-996
-996
-996
-996
-996
-996
-996
-996
-996
-996
-996
-996
-995
-995
-996
-996
-996
-996
-996
-996
201
201
201
-861
-994
-945
-992
-993
-917
-973
-973
-833
-973
-889
-973
-973
-973
-945
-945
-973
-945
-973
-944
-972
-973
-973
-973
-973
-973
-973
-973
-973
-973
-973
-973
-973
-945
-973
-973
-973
-973
-973
-973
-973
-973
-973
-917
-997
-995
-917
-889
-997
-996
-917
-997
-996
-917
-997
-996
-917
-997
-995
-917
-917
-917
-889
-987
-987
-917
-917
-973
-917
-917
-917
-917
-917
-945
-973
-997
-945
-996
-995
-973
-997
-996
-915
-996
-987
-973
-997
-996
-973
-996
-973
-973
-996
-945
-996
-995
-995
-995
-996
-995
-996
-995
-996
-995
-995
-973
-997
-973
-973
-973
-997
-996
-917
-997
-996
-945
-996
-995
-997
-996
-945
-973
-931
-917
-997
-996
-917
-997
-996
-917
-997
-996
-917
-997
-996
-917
-997
-996
-917
-997
-996
-917
-997
-996
-917
-996
-889
-995
-993
-917
-995
-917
-917
-917
-995
-917
-917
-995
-917
-973
-997
-996
-944
-945
-997
-996
-917
-997
-996
-917
-997
-996
-917
-917
-997
-996
-917
-997
-996
-917
-997
-996
-931
-959
-987
-987
-861
-997
-996
-917
-997
-996
-917
-997
-996
-917
-997
-996
-917
-997
-996
-945
-997
-996
-973
-997
-996
-917
-997
-996
-987
-973
-997
-996
-917
-997
-996
-917
-997
-996
-917
-997
-996
-917
-997
-996
-917
-997
-994
-997
-996
-973
-997
-996
-959
-959
-959
-889
-973
-973
-973
-997
-996
-973
-945
-997
-996
-917
-997
-996
-945
-931
-995
-973
-918
-959
-917
-973
-973
-917
-997
-959
-973
-973
-959
-973
-973
-997
-996
-959
-973
-973
-997
-996
-973
-973
-973
-973
-973
-973
-973
-973
-973
-973
-973
-973
-973
-973
-997
-973
-973
-973
-997
-973
-973
-973
-973
-973
-973
-973
-973
-973
-973
-973
-973
-973
-973
-973
-973
-973
-973
-973
-973
-973
-973
-973
-973
-973
-973
-973
-973
-973
-973
-973
-973
-973
-973
-973
-973
-987
-995
-973
-973
-973
-973
-973
-973
-973
-973
-973
-973
-973
-973
-973
-973
-917
-973
-973
-973
-973
-973
-973
-973
-973
-973
-973
-973
-973
-945
-973
-959
-973
-973
-973
-973
-973
-959
-973
-973
-973
-973
-973
-973
-945
-973
-973
-973
-973
-995
-973
-973
-973
-973
-973
-973
-973
-973
-973
-917
-973
-931
-973
-973
-973
-973
-973
-973
-973
-973
-973
-973
-931
-833
-903
-995
-973
-973
-945
-917
-942
-994
-973
-973
-973
-973
-917
-973
-973
-995
-973
-995
-973
-959
-973
-917
-995
-973
-995
-973
-942
-889
-996
-973
-945
-973
-917
-973
-973
-973
-973
-995
-973
-973
201
-973
-833
-973
-973
-973
-945
-973
-889
-973
-973
-945
-973
-973
-973
-973
-973
-945
-945
-833
-973
-973
-973
-917
-973
-959
-945
-917
-945
-861
-889
-973
-861
-945
-945
-861
-973
-945
-973
-889
-973
-861
-973
-945
-973
-973
-931
-973
-833
-971
-973
-861
-943
201
-973
-945
-889
-973
201
201
-833
201
-914
-973
-945
-889
-830
-994
-917
-973
-945
-971
-973
201
201
201
-861
201
-805
-833
-861
201
201
-833
-973
201
201
-861
201
-861
201
201
201
-931
201
201
201
201
-973
-889
201
-861
-833
-903
201
201
201
201
-903
-987
-973
201
201
201
201
201
201
201
201
201
201
201
201
-987
201
201
201
201
201
201
201
201
201
-833
201
201
201
201
201
201
201
