agent: texplore
env: asterix
Environment is episodic.
set statesPerDim to 0 for all dim
feature 0 has range 30
feature 1 has range 30
feature 2 has range 30
reward range: 1001
Parallel ETUCT tracking real state values
Planner using history size: 0
start parallel uct planning search thread
Start model learning thread
Created MultClass 0 with nModels: 5
Created C4.5 decision tree 0 with == and > splits
Created C4.5 decision tree 6 with == and > splits
Created C4.5 decision tree 12 with == and > splits
Created C4.5 decision tree 18 with == and > splits
Created C4.5 decision tree 24 with == and > splits
Created MultClass 3 with nModels: 5
Created C4.5 decision tree 3 with == and > splits
Created C4.5 decision tree 9 with == and > splits
Created C4.5 decision tree 15 with == and > splits
Created C4.5 decision tree 21 with == and > splits
Created C4.5 decision tree 27 with == and > splits
Created MultClass 4 with nModels: 5
Created C4.5 decision tree 4 with == and > splits
Created C4.5 decision tree 10 with == and > splits
Created C4.5 decision tree 16 with == and > splits
Created C4.5 decision tree 22 with == and > splits
Created C4.5 decision tree 28 with == and > splits
Created MultClass 1 with nModels: 5
Created C4.5 decision tree 1 with == and > splits
Created C4.5 decision tree 7 with == and > splits
Created C4.5 decision tree 13 with == and > splits
Created C4.5 decision tree 19 with == and > splits
Created C4.5 decision tree 25 with == and > splits
Created MultClass 2 with nModels: 5
Created C4.5 decision tree 2 with == and > splits
Created C4.5 decision tree 8 with == and > splits
Created C4.5 decision tree 14 with == and > splits
Created C4.5 decision tree 20 with == and > splits
Created C4.5 decision tree 26 with == and > splits
-977
-996
-995
-994
-994
-995
-996
-994
-994
-992
-996
-994
-990
-996
-992
-994
-994
-996
-995
-995
-992
-993
-994
-995
-994
-994
-994
-994
-995
-995
-985
-992
-992
-994
-992
-995
-994
-991
-994
-996
-994
-994
-990
-988
-996
-995
-996
-995
-995
-994
-994
-993
-995
-993
-991
-991
-994
-995
-994
-994
-994
-996
-995
-980
-994
-994
-994
-995
-990
-990
-990
-996
-994
-994
-994
-995
-989
-995
-995
-991
-993
-991
-995
-991
-994
-995
-990
-983
-968
-994
-996
-992
-984
-995
-983
-995
-982
-995
-994
-997
-995
-995
-981
-995
-996
-996
-996
-996
-996
-969
-996
-996
-996
-995
-996
-988
-971
-995
-996
-996
-997
-989
-995
-997
-996
-996
-996
-995
-996
-996
-996
-996
-996
-996
-981
-978
-996
-997
-997
-997
-997
-997
-996
-995
-995
-996
-997
-997
-996
-996
-996
-996
-995
-996
-995
-995
-995
-995
-995
-978
-978
-994
-978
-974
-994
-994
-980
-996
-994
-996
-983
-993
-995
-994
-983
-983
-983
-993
-995
-980
-994
-995
-994
-993
-995
-993
-993
-994
-995
-994
-993
-995
-994
-991
-994
-995
-994
-995
-994
-991
-994
-993
-994
-991
-994
-991
-994
-980
-978
-995
-977
-978
-991
-995
-993
-994
-995
-994
-993
-991
-995
-979
-995
-995
-992
-994
-992
-995
-992
-995
-992
-994
-992
-995
-993
-992
-994
-995
-992
-994
-995
-970
-977
-992
-994
-995
-992
-994
-995
-992
-994
-995
-992
-994
-995
-992
-994
-995
-992
-995
-992
-995
-992
-995
-994
-992
-995
-994
-995
-992
-995
-992
-994
-995
-983
-968
-994
-976
-995
-995
-983
-995
-995
-995
-995
-977
-994
-995
-977
-994
-994
-981
-992
-994
-982
-995
-978
-996
-995
-995
-995
-978
-996
-967
-995
-995
-995
-978
-995
-977
-970
-977
-978
-978
-995
-980
-994
-995
-995
-981
-982
-982
-994
-996
-995
-994
-996
-995
-995
-995
-994
-996
-995
-995
-995
-995
-996
-994
-996
-995
-995
-995
-995
-995
-994
-995
-995
-995
-995
-995
-994
-996
-995
-995
-995
-995
-995
-996
-996
-996
-995
-996
-995
-996
-995
-995
-995
-995
-995
-995
-995
-995
-995
-995
-995
-995
-995
-995
-995
-995
-995
-995
-995
-994
-996
-995
-995
-995
-995
-995
-995
-995
-995
-995
-995
-995
-995
-995
-995
-995
-995
-995
-995
-995
-995
-995
-995
-995
-995
-995
-995
-996
-996
-995
-995
-994
-995
-995
-995
-995
-995
-995
-995
-995
-995
-994
-996
-994
-995
-995
-994
-997
-994
-996
-994
-995
-994
-982
-995
-994
-995
-995
-995
-994
-994
-994
-954
-995
-995
-995
-995
-995
-995
-995
-995
-979
-994
-994
-994
-994
-994
-994
-994
-978
-976
-995
-993
-994
-994
-968
-994
-994
-994
-995
-984
-994
-994
-994
-994
-980
-995
-995
-995
-995
-995
-995
-995
-995
-995
-995
-995
-995
-995
-995
-995
-995
-978
-979
-978
-994
-978
-994
-995
-995
-976
-994
-981
-995
-980
-981
-994
-994
-995
-982
-994
-995
-980
-994
-995
-981
-994
-980
-980
-980
-994
-995
-991
-994
-995
-994
-995
-982
-994
-995
-980
-994
-995
-967
-995
-981
-995
-967
-994
-994
-995
-967
-995
-994
-995
-994
-994
-995
-994
-994
-995
-994
-994
-994
-981
-995
-981
-995
-994
-995
-980
-994
-995
-983
-982
-994
-981
-996
-994
-995
-981
-994
-995
-980
-994
-995
-983
-994
-995
-994
-995
-982
-979
-994
-995
-995
-963
-994
-995
-982
-994
-995
-994
-984
-995
-980
-995
-995
-982
-996
-995
-981
-977
-995
-994
-980
-995
-989
-996
-977
-995
-995
-995
-994
-963
-994
-983
-994
-995
-980
-994
-995
-994
-995
-994
-978
-994
-963
-994
-995
-994
-982
-995
-994
-969
-967
-945
-995
-992
-948
-979
-994
-980
-981
-995
-994
-981
-994
-981
-996
-981
-996
-995
-994
-995
-994
-996
-981
-995
-994
-994
-994
-967
-994
-982
-995
-994
-994
-991
-995
-995
-995
-995
-993
-995
-996
-994
-995
-994
-970
-995
-973
-995
-985
-994
-981
-967
-994
-981
-977
-994
-968
-994
-978
-982
-995
-982
-995
-982
-995
-977
-995
-979
-994
-980
-980
-981
-995
-978
-980
-979
-978
-995
-980
-979
-994
-969
-995
-994
-994
-980
-995
-982
-977
-995
-996
-995
-989
-989
-971
-995
-976
-995
-996
-969
-995
-973
-995
-989
-994
-994
-994
-994
-994
-995
-983
-995
-989
-995
-992
-993
-995
-989
-995
-996
-995
-989
-978
-994
-994
-994
-994
-994
-994
-994
-994
-994
-994
-995
-982
-982
-971
-995
-995
-994
-967
-994
-978
-980
-995
-994
-968
-995
-995
-995
-995
-995
-982
-996
-995
-978
-994
-995
-995
-996
-995
-976
-982
-970
-982
-994
-994
-981
-995
-982
-977
-995
-995
-994
-994
-994
-979
-992
-984
-995
-995
-975
-978
-994
-994
-994
-995
-984
-961
-995
-982
-989
-983
-978
-994
-994
-995
-975
-995
-996
-994
-994
-994
-994
-994
-994
-994
-994
-994
-994
-994
-994
-994
-994
-994
-994
-994
-994
-994
-994
-994
-994
-994
-994
-994
-994
-994
-994
-994
-994
-994
-994
-994
-994
-994
-994
-994
-994
-994
-994
-994
-994
-994
-994
-994
-994
-994
-994
-994
-994
-994
-994
-994
-994
-994
-994
-994
-994
-994
-994
-994
-994
-994
-994
-995
-996
-948
-994
-992
-994
-994
-994
-994
-994
-994
-995
-993
-994
-992
-995
-991
-979
-995
-945
-964
-993
-994
-980
-995
-971
-995
-982
-982
-959
-994
-994
-994
-994
-994
-979
-994
-994
-994
-994
-994
-994
-994
-994
-994
-994
-994
-994
-980
-983
-980
-978
-994
-994
-994
-994
-994
-994
-994
-994
-994
-994
-994
-994
-994
-994
-994
-994
-994
-994
-994
-994
-994
-994
-994
-994
-994
-994
-994
-994
-994
-994
-994
-994
-994
-994
-994
-994
-994
-994
-994
-994
-996
-978
-966
-994
-994
