agent: texplore
env: asterix
Environment is episodic.
set statesPerDim to 0 for all dim
feature 0 has range 30
feature 1 has range 30
feature 2 has range 30
reward range: 1001
Parallel ETUCT tracking real state values
Planner using history size: 0
Start model learning thread
start parallel uct planning search thread
Created MultClass 0 with nModels: 5
Created C4.5 decision tree 0 with == and > splits
Created C4.5 decision tree 6 with == and > splits
Created C4.5 decision tree 12 with == and > splits
Created C4.5 decision tree 18 with == and > splits
Created C4.5 decision tree 24 with == and > splits
Created MultClass 3 with nModels: 5
Created C4.5 decision tree 3 with == and > splits
Created C4.5 decision tree 9 with == and > splits
Created C4.5 decision tree 15 with == and > splits
Created C4.5 decision tree 21 with == and > splits
Created C4.5 decision tree 27 with == and > splits
Created MultClass 4 with nModels: 5
Created C4.5 decision tree 4 with == and > splits
Created C4.5 decision tree 10 with == and > splits
Created C4.5 decision tree 16 with == and > splits
Created C4.5 decision tree 22 with == and > splits
Created C4.5 decision tree 28 with == and > splits
Created MultClass 1 with nModels: 5
Created C4.5 decision tree 1 with == and > splits
Created C4.5 decision tree 7 with == and > splits
Created C4.5 decision tree 13 with == and > splits
Created C4.5 decision tree 19 with == and > splits
Created C4.5 decision tree 25 with == and > splits
Created MultClass 2 with nModels: 5
Created C4.5 decision tree 2 with == and > splits
Created C4.5 decision tree 8 with == and > splits
Created C4.5 decision tree 14 with == and > splits
-995
Created C4.5 decision tree 20 with == and > splits
Created C4.5 decision tree 26 with == and > splits
-994
-990
-995
-995
-994
-995
-996
-990
-996
-995
-994
-994
-995
-994
-997
-992
-993
-993
-992
-995
-980
-991
-976
-995
-996
-981
-976
-996
-995
-994
-997
-995
-994
-996
-995
-995
-994
-995
-994
-995
-992
-996
-994
-995
-996
-994
-994
-994
-994
-994
-995
-996
-997
-994
-996
-995
-992
-994
-992
-992
-995
-994
-995
-994
-994
-994
-994
-994
-994
-995
-995
-994
-994
-992
-994
-996
-990
-997
-995
-996
-996
-994
-981
-995
-994
-992
-981
-995
-981
-997
-984
-994
-994
-980
-997
-995
-995
-992
-983
-995
-995
-995
-980
-994
-994
-995
-995
-994
-995
-996
-991
-996
-995
-995
-994
-994
-996
-995
-994
-994
-976
-996
-996
-992
-995
-934
-995
-995
-992
-994
-984
-996
-995
-995
-990
-983
-997
-995
-994
-994
-994
-995
-994
-994
-994
-994
-994
-995
-995
-995
-995
-980
-995
-995
-977
-996
-997
-992
-995
-982
-994
-994
-995
-995
-994
-994
-994
-994
-994
-994
-994
-994
-994
-995
-994
-993
-982
-985
-990
-994
-995
-994
-995
-981
-983
-981
-994
-994
-994
-994
-980
-994
-994
-994
-995
-994
-995
-995
-994
-994
-994
-994
-994
-980
-980
-980
-994
-995
-995
-994
-995
-982
-994
-995
-995
-991
-994
-994
-994
-994
-994
-994
-995
-994
-994
-994
-994
-994
-984
-995
-995
-984
-995
-982
-994
-994
-994
-984
-990
-977
-994
-995
-994
-991
-995
-974
-991
-995
-995
-994
-995
-995
-995
-995
-973
-991
-994
-981
-977
-983
-995
-995
-995
-994
-994
-995
-994
-995
-994
-995
-995
-990
-994
-995
-994
-995
-994
-994
-994
-982
-994
-977
-994
-977
-994
-995
-994
-995
-994
-995
-994
-994
-995
-994
-995
-994
-995
-980
-996
-995
-994
-995
-982
-990
-977
-966
-995
-980
-997
-990
-994
-996
-993
-995
-994
-996
-994
-981
-969
-991
-994
-983
-994
-971
-983
-996
-982
-994
-990
-995
-994
-969
-995
-995
-994
-970
-970
-996
-994
-976
-996
-996
-970
-995
-995
-980
-977
-994
-990
-973
-994
-996
-990
-991
-972
-975
-994
-995
-994
-995
-994
-981
-980
-994
-994
-995
-994
-995
-994
-995
-994
-994
-995
-994
-994
-997
-963
-994
-994
-995
-994
-990
-983
-995
-995
-994
-990
-962
-970
-981
-994
-994
-990
-995
-994
-995
-995
-962
-958
-995
-962
-970
-995
-994
-995
-994
-995
-994
-995
-970
-990
-985
-990
-994
-946
-990
-994
-963
-995
-991
-976
-981
-995
-982
-971
-994
-990
-943
-994
-990
-969
-995
-994
-995
-994
-995
-994
-995
-994
-995
-994
-990
-973
-981
-994
-995
-961
-996
-981
-973
-969
-962
-995
-990
-994
-990
-994
-994
-995
-994
-990
-961
-995
-994
-973
-994
-990
-994
-995
-962
-994
-994
-994
-994
-994
-994
-994
-966
-995
-973
-982
-961
-995
-994
-967
-994
-973
-994
-994
-994
-972
-994
-994
-995
-994
-995
-994
-995
-994
-996
-973
-994
-994
-995
-995
-994
-995
-994
-995
-990
-990
-994
-995
-994
-995
-985
-990
-994
-990
-973
-994
-990
-973
-994
-990
-971
-994
-990
-973
-994
-990
-973
-994
-995
-994
-995
-994
-995
-994
-995
-994
-995
-994
-995
-994
-995
-994
-995
-994
-995
-959
-990
-994
-990
-973
-994
-971
-994
-958
-995
-969
-943
-994
-990
-973
-994
-990
-971
-994
-990
-975
-991
-982
-962
-984
-956
-970
-994
-994
-980
-990
-981
-990
-991
-991
-970
-995
-995
-995
-995
-995
-984
-990
-973
-994
-973
-994
-990
-995
-995
-995
-995
-995
-962
-973
-994
-971
-994
-945
-994
-944
-994
-995
-947
-995
-995
-995
-966
-991
-995
-995
-976
-995
-995
-995
-991
-995
-994
-995
-985
-994
-994
-994
-994
-994
-994
-994
-991
-994
-995
-994
-994
-994
-990
-977
-982
-982
-994
-994
-995
-981
-966
-994
-994
-990
-994
-995
-994
-994
-943
-994
-990
-983
-990
-995
-995
-995
-995
-995
-962
-945
-994
-995
-994
-995
-994
-995
-994
-995
-994
-995
-994
-995
-994
-995
-994
-995
-994
-995
-994
-995
-994
-995
-994
-995
-994
-995
-994
-995
-994
-995
-994
-995
-994
-995
-994
-995
-994
-995
-994
-995
-994
-995
-994
-995
-994
-995
-994
-995
-994
-995
-994
-995
-994
-995
-994
-995
-994
-995
-994
-995
-994
-995
-994
-995
-994
-995
-994
-995
-994
-995
-994
-995
-994
-995
-994
-995
-994
-995
-994
-995
-994
-995
-994
-994
-995
-994
-995
-994
-995
-994
-995
-994
-995
-994
-997
-961
-970
-995
-994
-997
-994
-995
-994
-995
-969
-994
-995
-994
-995
-994
-995
-994
-995
-994
-995
-994
-995
-994
-995
-994
-995
-994
-995
-995
-995
-994
-995
-995
-995
-995
-995
-995
-995
-994
-995
-994
-995
-994
-995
-994
-997
-994
-997
-995
-995
-995
-994
-995
-994
-995
-994
-995
-994
-995
-994
-995
-994
-995
-994
-995
-994
-995
-994
-995
-994
-995
-994
-995
-994
-995
-994
-995
-994
-995
-994
-995
-994
-995
-994
-995
-994
-995
-994
-995
-994
-995
-994
-995
-994
-995
-994
-995
-994
-995
-994
-995
-994
-995
-994
-995
-994
-995
-994
-995
-994
-995
-994
-995
-994
-995
-994
-995
-994
-997
-995
-994
-997
-959
-995
-994
-997
-995
-994
-997
-995
-994
-997
-994
-997
-997
-995
-994
-995
-994
-994
-995
-995
-995
-995
-995
-995
-995
-995
-995
-995
-995
-995
-995
-995
-995
-995
-995
-995
-995
-995
-994
-997
-995
-995
-995
-995
-995
-995
-995
-995
-995
-995
-995
-995
-995
-995
-995
-995
-995
-994
-997
-995
-995
-995
-994
-997
-994
-997
-995
-995
-995
-995
-995
-995
-995
-994
-997
-995
-995
-994
-997
-994
-997
-995
-995
-995
-995
-995
-995
-995
-995
-995
-995
-995
-995
-995
-995
-995
-995
-995
-995
-995
-995
-995
-995
-995
-995
-995
-995
-995
-995
-995
-995
