agent: texplore
env: asterix
Environment is episodic.
set statesPerDim to 0 for all dim
feature 0 has range 30
feature 1 has range 30
feature 2 has range 30
reward range: 1001
Parallel ETUCT tracking real state values
Planner using history size: 0
Start model learning threadstart parallel uct planning search thread

Created MultClass 0 with nModels: 5
Created C4.5 decision tree 0 with == and > splits
Created C4.5 decision tree 6 with == and > splits
Created C4.5 decision tree 12 with == and > splits
Created C4.5 decision tree 18 with == and > splits
Created C4.5 decision tree 24 with == and > splits
Created MultClass 3 with nModels: 5
Created C4.5 decision tree 3 with == and > splits
Created C4.5 decision tree 9 with == and > splits
Created C4.5 decision tree 15 with == and > splits
Created C4.5 decision tree 21 with == and > splits
Created C4.5 decision tree 27 with == and > splits
Created MultClass 4 with nModels: 5
Created C4.5 decision tree 4 with == and > splits
Created C4.5 decision tree 10 with == and > splits
Created C4.5 decision tree 16 with == and > splits
Created C4.5 decision tree 22 with == and > splits
Created C4.5 decision tree 28 with == and > splits
Created MultClass 1 with nModels: 5
Created C4.5 decision tree 1 with == and > splits
Created C4.5 decision tree 7 with == and > splits
Created C4.5 decision tree 13 with == and > splits
Created C4.5 decision tree 19 with == and > splits
Created C4.5 decision tree 25 with == and > splits
Created MultClass 2 with nModels: 5
Created C4.5 decision tree 2 with == and > splits
Created C4.5 decision tree 8 with == and > splits
Created C4.5 decision tree 14 with == and > splits
Created C4.5 decision tree 20 with == and > splits
Created C4.5 decision tree 26 with == and > splits
-976
-991
-991
-991
-995
-994
-996
-996
-991
-994
-995
-993
-994
-994
-997
-981
-996
-996
-997
-996
-977
-995
-992
-996
-995
-994
-992
-994
-995
-995
-994
-979
-992
-990
-983
-995
-996
-992
-992
-994
-995
-995
-995
-996
-996
-990
-994
-956
-984
-995
-988
-996
-995
-987
-994
-988
-992
-992
-994
-987
-996
-996
-987
-990
-996
-987
-996
-988
-992
-992
-987
-992
-992
-992
-992
-992
-992
-992
-992
-995
-988
-995
-988
-995
-988
-992
-988
-988
-988
-994
-987
-988
-982
-986
-985
-996
-983
-996
-985
-995
-983
-994
-945
-983
-996
-988
-996
-988
-996
-988
-990
-983
-996
-984
-988
-994
-988
-990
-993
-994
-994
-994
-994
-994
-994
-994
-994
-994
-994
-994
-994
-994
-994
-994
-994
-994
-994
-994
-994
-994
-994
-994
-994
-994
-994
-994
-994
-995
-994
-994
-994
-994
-995
-972
-996
-990
-987
-987
-990
-987
-987
-987
-987
-987
-987
-987
-987
-987
-987
-987
-987
-996
-987
-996
-994
-996
-987
-987
-987
-987
-995
-995
-973
-987
-995
-987
-987
-987
-987
-987
-987
-994
-987
-994
-987
-987
-987
-987
-992
-987
-987
-987
-987
-987
-987
-987
-987
-987
-987
-987
-992
-987
-988
-988
-988
-987
-988
-973
-973
-972
-973
-973
-946
-973
-988
-986
-988
-973
-987
-987
-987
-972
-993
-995
-972
-995
-987
-971
-994
-959
-994
-973
-945
-994
-985
-995
-994
-959
-994
-973
-973
-985
-985
-995
-985
-985
-973
-989
-989
-989
-989
-989
-985
-989
-993
-989
-989
-989
-889
-973
-973
-996
-995
-995
-995
-995
-995
-995
-995
-995
-973
-994
-985
-994
-985
-995
-973
-996
-995
-995
-995
-995
-995
-995
-995
-995
-995
-995
-995
-995
-995
-995
-995
-995
-995
-995
-995
-995
-995
-995
-995
-995
-995
-995
-995
-995
-995
-995
-995
-995
-995
-995
-995
-995
-995
-995
-995
-995
-995
-995
-995
-995
-995
-995
-945
-994
-973
-994
-985
-994
-959
-994
-971
-994
-971
-994
-957
-994
-985
-995
-974
-973
-996
-995
-995
-973
-995
-995
-973
-985
-995
-995
-973
-973
-996
-995
-995
-995
-995
-995
-995
-995
-995
-995
-995
-995
-995
-995
-995
-995
-995
-995
-995
-995
-971
-995
-985
-995
-995
-995
-995
-995
-995
-995
-995
-973
-996
-995
-995
-995
-995
-985
-995
-973
-996
-995
-995
-995
-995
-995
-995
-995
-995
-995
-995
-985
-945
-996
-995
-959
-995
-973
-985
-973
-973
-993
-973
-957
-973
-957
-985
-973
-985
-994
-995
-985
-984
-994
-994
-995
-994
-994
-993
-991
-995
-995
-995
-995
-995
-995
-995
-991
-995
-995
-995
-995
-995
-995
-995
-995
-995
-995
-995
-995
-995
-995
-995
-995
-995
-995
-995
-995
-995
-995
-995
-995
-995
-995
-995
-995
-995
-995
-995
-995
-995
-994
-995
-995
-996
-994
-994
-994
-991
-995
-995
-995
-995
-995
-993
-994
-995
-995
-993
-985
-994
-957
-994
-994
-994
-994
-994
-994
-994
-989
-995
-995
-995
-995
-995
-995
-995
-996
-995
-993
-994
-994
-994
-994
-989
-995
-993
-989
-995
-994
-994
-994
-989
-995
-985
-989
-995
-994
-971
-994
-917
-985
-994
-971
-994
-973
-994
-985
-994
-985
-994
-957
-994
-985
-985
-943
-987
-987
-973
-985
-971
-994
-945
-994
-973
-959
-994
-985
-973
-985
-995
-959
-994
-973
-987
-973
-959
-994
-985
-985
-973
-985
-985
-985
-973
-973
-973
-973
-973
-985
-994
-985
-987
-985
-994
-945
-995
-985
-995
-917
-985
-973
-973
-973
-973
-971
-994
-985
-985
-985
-991
-985
-985
-943
-994
-971
-957
-957
-985
-917
-945
-987
-985
-994
-987
-994
-973
-929
-985
-985
-901
-985
-995
-985
-995
-873
-929
-957
-929
-985
-985
-931
-887
-873
-901
-929
-985
-985
-994
-985
-993
-987
-987
-988
-985
-987
-957
-985
-987
-901
-917
-931
-987
-994
-945
-987
-985
-929
-985
-957
-957
-985
-917
-903
-987
-929
-929
-985
-985
-985
-817
-985
-901
-985
-985
-903
-873
-971
-889
-987
-985
-987
-901
-901
-985
-985
-985
-945
-995
-945
-973
-987
-987
-929
-985
-845
-985
-985
-985
-985
-985
-985
-985
-985
-985
-985
-990
-973
-959
-985
-945
-901
-903
-901
-985
-986
-985
-818
-985
-985
-985
-973
-805
-985
-985
-985
-985
-985
-985
-817
-957
-945
-929
-945
-817
-985
201
-973
-901
-957
-805
-973
-987
-929
-985
201
-929
-985
-930
-986
-986
-987
-986
-986
-986
-986
-986
-986
-986
-986
-986
-986
-986
-986
-986
-986
-986
-986
-986
-986
-986
-986
-987
-987
-873
-985
-901
-957
-985
-929
-929
-985
-985
-957
-957
-985
-973
-957
-985
-929
-957
-957
-957
-985
-889
-901
-993
-993
-917
-973
-887
-957
-889
-973
-973
-973
-985
-973
-985
-945
-973
-973
-929
-973
-945
-917
-973
-945
-973
-985
-985
-985
-985
-985
-985
-985
-985
-987
-985
-987
-985
-985
-985
-985
-985
-985
-985
-973
-985
-973
-973
-973
-985
-985
-973
-973
-973
-973
-973
-973
-973
-945
-985
-985
-973
-985
-973
-973
-945
-995
-987
-959
-973
-973
-973
-973
-973
-973
-973
-973
-973
-973
-973
-973
-973
-973
-973
-973
-973
-973
-973
-973
-973
-917
-973
-995
-973
-973
-973
-973
-973
-973
-973
-994
-959
-994
-987
-957
-994
-985
-985
-917
-996
-995
-995
-995
-995
-995
-995
-995
-995
-995
-995
-995
-995
-995
-995
-995
-995
-995
-959
-994
-973
-995
-995
-995
-995
-995
-995
-995
-995
-995
-995
-995
-995
-995
-995
-995
-995
-995
-995
-995
-995
-995
-995
-995
-995
-995
-995
-995
-995
-995
-995
-995
-995
-995
-995
-995
-995
-995
-995
-995
-995
-995
-995
-995
-995
-995
-995
-995
-995
-994
-987
-994
-917
-996
-995
-995
-995
-995
-995
-995
-995
-995
-995
-995
