agent: texplore
env: asterix
Environment is episodic.
set statesPerDim to 0 for all dim
feature 0 has range 30
feature 1 has range 30
feature 2 has range 30
reward range: 1001
Parallel ETUCT tracking real state values
Planner using history size: 0
Start model learning thread
start parallel uct planning search thread
Created MultClass 0 with nModels: 5
Created C4.5 decision tree 0 with == and > splits
Created C4.5 decision tree 6 with == and > splits
Created C4.5 decision tree 12 with == and > splits
Created C4.5 decision tree 18 with == and > splits
Created C4.5 decision tree 24 with == and > splits
Created MultClass 3 with nModels: 5
Created C4.5 decision tree 3 with == and > splits
Created C4.5 decision tree 9 with == and > splits
Created C4.5 decision tree 15 with == and > splits
Created C4.5 decision tree 21 with == and > splits
Created C4.5 decision tree 27 with == and > splits
Created MultClass 4 with nModels: 5
Created C4.5 decision tree 4 with == and > splits
Created C4.5 decision tree 10 with == and > splits
Created C4.5 decision tree 16 with == and > splits
Created C4.5 decision tree 22 with == and > splits
Created C4.5 decision tree 28 with == and > splits
Created MultClass 1 with nModels: 5
Created C4.5 decision tree 1 with == and > splits
Created C4.5 decision tree 7 with == and > splits
Created C4.5 decision tree 13 with == and > splits
Created C4.5 decision tree 19 with == and > splits
Created C4.5 decision tree 25 with == and > splits
Created MultClass 2 with nModels: 5
Created C4.5 decision tree 2 with == and > splits
Created C4.5 decision tree 8 with == and > splits
Created C4.5 decision tree 14 with == and > splits
Created C4.5 decision tree 20 with == and > splits
Created C4.5 decision tree 26 with == and > splits
-994
-994
-994
-994
-982
-984
-992
-994
-994
-994
-995
-994
-992
-994
-996
-994
-995
-994
-991
-978
-996
-991
-994
-995
-994
-994
-992
-982
-994
-995
-996
-994
-995
-982
-995
-994
-994
-995
-995
-995
-994
-994
-995
-994
-993
-995
-996
-977
-994
-994
-995
-994
-995
-995
-990
-995
-995
-994
-995
-995
-994
-994
-996
-994
-995
-997
-994
-996
-996
-996
-982
-995
-994
-995
-988
-995
-983
-994
-994
-995
-996
-992
-996
-996
-994
-995
-996
-994
-994
-995
-996
-992
-995
-995
-986
-977
-973
-976
-996
-994
-995
-995
-993
-992
-994
-996
-993
-995
-995
-995
-995
-995
-995
-995
-994
-992
-977
-992
-993
-991
-977
-995
-994
-975
-990
-995
-994
-995
-994
-995
-994
-970
-990
-996
-994
-996
-995
-995
-994
-995
-994
-995
-995
-995
-991
-991
-991
-994
-996
-989
-996
-995
-995
-982
-994
-996
-997
-997
-997
-997
-996
-986
-996
-996
-973
-973
-996
-996
-997
-996
-997
-987
-996
-997
-997
-972
-987
-987
-996
-997
-997
-988
-995
-987
-997
-997
-997
-997
-997
-973
-996
-997
-997
-997
-997
-997
-997
-997
-997
-997
-997
-997
-997
-997
-997
-997
-997
-997
-997
-997
-997
-997
-997
-997
-997
-997
-997
-997
-997
-997
-997
-997
-988
-996
-996
-989
-997
-996
-987
-987
-995
-994
-995
-994
-994
-994
-994
-994
-995
-994
-994
-994
-994
-994
-994
-995
-994
-994
-994
-994
-994
-994
-994
-994
-995
-994
-992
-994
-993
-984
-994
-982
-994
-994
-994
-994
-994
-995
-995
-995
-994
-996
-977
-994
-992
-994
-994
-994
-994
-994
-994
-994
-994
-994
-994
-994
-994
-994
-994
-995
-995
-994
-994
-996
-994
-994
-994
-996
-994
-994
-996
-994
-994
-994
-995
-995
-995
-994
-994
-995
-995
-991
-995
-995
-994
-973
-994
-995
-995
-994
-997
-994
-995
-994
-994
-994
-994
-994
-995
-995
-995
-995
-994
-995
-994
-994
-995
-994
-994
-995
-995
-994
-994
-995
-994
-995
-994
-995
-994
-995
-994
-994
-994
-994
-994
-995
-994
-995
-994
-995
-994
-994
-994
-994
-994
-994
-994
-995
-994
-994
-994
-994
-994
-995
-995
-994
-994
-994
-995
-994
-994
-994
-994
-996
-995
-994
-994
-994
-994
-994
-995
-994
-992
-992
-992
-994
-970
-994
-994
-994
-994
-982
-994
-994
-994
-975
-982
-995
-995
-996
-996
-996
-980
-994
-994
-994
-947
-995
-982
-994
-994
-994
-994
-994
-994
-994
-994
-973
-994
-995
-994
-995
-994
-997
-994
-995
-982
-982
-994
-994
-996
-994
-995
-980
-994
-994
-994
-994
-995
-994
-994
-995
-992
-992
-994
-994
-994
-994
-994
-994
-992
-994
-994
-994
-994
-997
-994
-994
-994
-994
-994
-994
-994
-994
-994
-994
-994
-994
-994
-994
-994
-994
-994
-994
-994
-994
-994
-994
-994
-994
-994
-994
-994
-995
-992
-994
-994
-994
-994
-994
-994
-994
-994
-994
-994
-994
-994
-994
-994
-994
-994
-994
-994
-994
-994
-994
-992
-994
-993
-954
-994
-992
-994
-994
-995
-995
-995
-995
-980
-995
-994
-994
-995
-995
-994
-995
-995
-995
-994
-994
-994
-994
-979
-994
-994
-992
-994
-994
-994
-994
-994
-994
-994
-993
-992
-977
-995
-995
-995
-995
-995
-995
-995
-995
-992
-979
-995
-992
-975
-995
-995
-995
-995
-995
-995
-995
-995
-995
-995
-995
-992
-994
-993
-994
-995
-992
-994
-994
-994
-994
-993
-992
-994
-996
-996
-994
-991
-994
-994
-995
-995
-992
-994
-994
-994
-995
-995
-995
-995
-992
-994
-992
-994
-992
-994
-994
-992
-994
-994
-992
-994
-994
-994
-992
-992
-994
-994
-992
-994
-994
-994
-994
-994
-994
-994
-981
-994
-994
-981
-996
-996
-990
-989
-992
-981
-991
-992
-992
-995
-996
-994
-996
-995
-996
-996
-995
-990
-983
-992
-994
-994
-992
-995
-995
-995
-981
-982
-993
-982
-989
-982
-994
-981
-995
-938
-995
-953
-980
-993
-961
-982
-985
-989
-981
-953
-957
-995
-996
-967
-975
-985
-989
-954
-982
-963
-980
-995
-992
-991
-990
-990
-990
-991
-980
-981
-991
-981
-973
-991
-990
-981
-990
-962
-980
-962
-990
-990
-990
-990
-990
-990
-990
-990
-990
-990
-962
-990
-990
-990
-990
-990
-981
-990
-990
-996
-989
-968
-982
-990
-990
-990
-991
-992
-962
-974
-974
-975
-981
-982
-982
-982
-982
-973
-973
-973
-973
-975
-973
-975
-972
-974
-975
-975
-975
-973
-944
-974
-995
-997
-996
-945
-972
-992
-979
-974
-980
-982
-972
-996
-981
-972
-982
-997
-972
-974
-980
-919
-975
-974
-975
-982
-974
-982
-972
-972
-944
-973
-996
-996
-972
-975
-975
-975
-974
-995
-975
-980
-981
-975
-980
-975
-981
-996
-972
-982
-995
-985
-953
-953
-981
-953
-981
-953
-925
-981
-981
-981
-981
-982
-981
-982
-969
-954
-950
-996
-953
-953
-982
-981
-995
-981
-996
-975
-981
-982
-973
-980
-982
-995
-981
-982
-982
-996
-982
-970
-982
-985
-954
-973
-981
-982
-982
-941
-981
-975
-974
-995
-975
-975
-975
-944
-980
-979
-953
-989
-980
-995
-981
-981
-996
-996
-996
-996
-996
-996
-981
-929
-982
-981
-975
-975
-968
-953
-981
-981
-981
-969
-982
-996
-982
-954
-953
-953
-841
-981
-981
-981
-981
-981
-995
-995
-996
-996
-996
-982
-981
-996
-982
-995
-981
-995
-996
-960
-982
-995
-996
-996
-982
-901
-981
-953
-981
-981
-981
-841
-920
-969
-983
-925
-996
-933
-953
-939
-980
-943
-966
-969
-996
-996
-995
-859
-955
-977
-996
-985
-961
-995
-890
-925
-953
-941
-913
-970
-842
-981
-992
-958
-996
-996
-981
-982
-945
-996
-982
-982
-801
-982
-995
-996
-953
-995
-995
-996
-897
-982
-981
-901
-985
201
-925
-943
-905
-994
-953
-946
-925
-896
-980
-869
-869
