agent: texplore
env: asterix
Environment is episodic.
set statesPerDim to 0 for all dim
feature 0 has range 30
feature 1 has range 30
feature 2 has range 30
reward range: 1001
Parallel ETUCT tracking real state values
Planner using history size: 0
Start model learning thread
start parallel uct planning search thread
Created MultClass 0 with nModels: 5
Created C4.5 decision tree 0 with == and > splits
Created C4.5 decision tree 6 with == and > splits
Created C4.5 decision tree 12 with == and > splits
Created C4.5 decision tree 18 with == and > splits
Created C4.5 decision tree 24 with == and > splits
Created MultClass 3 with nModels: 5
Created C4.5 decision tree 3 with == and > splits
Created C4.5 decision tree 9 with == and > splits
Created C4.5 decision tree 15 with == and > splits
Created C4.5 decision tree 21 with == and > splits
Created C4.5 decision tree 27 with == and > splits
Created MultClass 4 with nModels: 5
Created C4.5 decision tree 4 with == and > splits
Created C4.5 decision tree 10 with == and > splits
Created C4.5 decision tree 16 with == and > splits
Created C4.5 decision tree 22 with == and > splits
Created C4.5 decision tree 28 with == and > splits
Created MultClass 1 with nModels: 5
Created C4.5 decision tree 1 with == and > splits
Created C4.5 decision tree 7 with == and > splits
Created C4.5 decision tree 13 with == and > splits
Created C4.5 decision tree 19 with == and > splits
Created C4.5 decision tree 25 with == and > splits
Created MultClass 2 with nModels: 5
Created C4.5 decision tree 2 with == and > splits
Created C4.5 decision tree 8 with == and > splits
Created C4.5 decision tree 14 with == and > splits
Created C4.5 decision tree 20 with == and > splits
Created C4.5 decision tree 26 with == and > splits
-995
-996
-996
-990
-994
-994
-995
-995
-994
-995
-994
-993
-995
-990
-994
-996
-994
-994
-989
-995
-995
-996
-993
-991
-984
-994
-995
-992
-995
-994
-994
-995
-995
-994
-995
-992
-995
-995
-991
-997
-994
-987
-994
-994
-995
-994
-995
-994
-995
-995
-994
-994
-994
-995
-992
-995
-984
-995
-995
-995
-995
-994
-997
-994
-995
-975
-995
-994
-992
-994
-995
-989
-959
-995
-995
-994
-994
-984
-994
-994
-994
-995
-995
-994
-994
-988
-995
-995
-995
-995
-995
-994
-994
-994
-995
-994
-990
-994
-995
-994
-995
-994
-995
-994
-986
-994
-995
-995
-994
-995
-994
-995
-994
-995
-994
-995
-994
-994
-989
-995
-994
-988
-989
-990
-994
-995
-958
-992
-992
-992
-993
-990
-994
-995
-995
-995
-995
-995
-995
-995
-994
-995
-996
-995
-995
-995
-994
-994
-995
-995
-994
-995
-995
-984
-995
-995
-992
-994
-995
-995
-994
-994
-996
-992
-992
-995
-995
-995
-992
-993
-995
-993
-958
-993
-993
-993
-993
-993
-984
-990
-991
-994
-993
-992
-995
-930
-985
-992
-990
-985
-990
-990
-986
-990
-986
-986
-990
-987
-992
-992
-990
-959
-987
-959
-959
-974
-987
-989
-987
-989
-987
-990
-987
-989
-989
-989
-989
-989
-931
-989
-989
-992
-931
-987
-987
-987
-931
-988
-988
-988
-989
-916
-989
-989
-989
-989
-989
-995
-989
-992
-989
-804
201
201
201
201
-875
201
201
201
201
201
201
-959
-987
-987
201
-973
-992
-992
-992
-992
-992
-992
-992
201
-991
-992
-992
-992
201
-931
-994
-991
-992
-992
-992
-991
-993
-945
-992
-992
-992
201
-987
-987
-992
-987
-931
-992
-992
-987
-992
-992
-987
-987
-987
-987
-992
-992
-992
-992
-992
-992
-973
-987
-987
-992
-992
-992
-986
-987
-995
-986
-984
-972
-973
-996
-973
-996
-996
-971
-995
-987
-986
-987
-995
-987
-973
-986
-992
-959
-995
-987
-983
-983
-988
-974
-974
-959
-995
-971
-974
-974
-974
-973
-973
-972
-973
-984
-987
-973
-985
-971
-945
-987
-992
-945
-973
-987
-973
-985
-973
-995
-959
-992
-959
-992
-945
-875
-971
-889
-901
-992
-992
-945
-889
-959
-987
-992
-992
-931
-931
-959
-976
-984
-976
-974
-992
-992
-875
-959
-875
-992
-928
-989
-982
-984
-989
-987
-984
-989
-889
-959
-992
-992
-992
-992
-992
-992
-976
-959
-959
-992
-992
-992
-992
-992
-992
-992
-973
-989
-992
-959
-992
-992
-875
-992
-992
-973
-985
-959
-992
-959
-992
-987
-992
-992
-988
-987
-984
-957
-984
-985
-992
-973
-987
-959
-992
-992
-992
-992
-992
-992
-845
-987
-987
-992
-989
-988
-992
-989
-992
-932
-987
-992
-987
-987
-987
-960
-987
-987
-987
-992
-987
-994
-987
-992
-991
-991
-989
-989
-987
-992
-985
-992
-987
-959
-992
-957
-985
-985
-985
-987
-985
-985
-985
-987
-992
-987
-992
-957
-985
-985
-985
-985
-985
-992
-987
-985
-987
-985
-987
-987
201
201
-931
-992
-959
-987
-987
-987
-957
-929
-985
-985
-985
-973
-992
-985
-985
-985
-985
-987
-987
-985
-903
-957
-985
-901
-957
-931
-987
-985
-985
-992
-987
-875
-957
-959
-987
-985
-929
-985
-959
-992
-959
-929
-987
-985
-987
-987
-985
-959
-985
-985
-985
-985
-985
-985
-987
-994
-985
-985
-985
-985
-945
-901
-987
-987
-959
-992
-973
-994
-987
-959
-992
-992
-973
-987
-987
-987
-985
-985
-985
-985
-985
-985
-957
-985
-985
-985
-985
-985
-985
-985
-989
-985
-987
-985
-992
-959
-992
-987
-987
-987
201
-959
-992
-987
-987
-992
-957
-985
-987
-987
-987
-987
-987
-985
-985
-987
-985
-957
-957
-873
-875
-987
-959
-987
-957
-987
-957
-931
-985
-985
-985
-873
-987
-959
-987
-992
-987
-929
-901
-987
-929
-917
-987
-991
-985
-985
-987
-985
-987
-992
-973
-985
-959
-985
201
-929
-931
-957
-987
-987
-987
-931
-987
-987
-987
-992
-987
-994
-987
-985
-987
-987
-987
-959
-992
-987
-957
-985
-992
-985
-985
-845
-957
-985
-985
-985
-985
-957
-959
-987
-987
-987
-973
-959
-973
-987
-985
-987
-987
-987
-987
-985
-901
-985
-985
-917
-973
-991
-985
-987
-959
-985
-987
-929
-985
-901
-987
-987
-917
-987
-987
-959
-901
-987
-929
-987
-987
-959
-987
-931
-987
-987
-901
-987
-987
-987
-987
-987
-957
-987
-985
-987
-985
-987
-945
-987
-985
-957
-985
-985
-985
-985
-973
-985
-985
-931
-987
-987
-987
-987
-994
-861
-973
-973
-929
-985
-957
-985
-986
-987
-957
-917
-959
-987
-889
-987
-985
-987
-987
-931
-987
-992
-987
-992
-985
-987
-992
-987
-992
-987
-992
-987
-992
-959
-992
-987
-929
-985
-985
-985
-985
-985
-985
-985
-985
-957
-985
-985
-985
-985
-985
-985
-985
-985
-985
-987
-945
-987
-987
-985
-985
-985
-957
-957
-987
-873
-987
-992
-973
-929
-985
-985
-985
-957
-889
-903
-929
-845
-985
-957
-957
-959
-929
-985
-959
-985
-985
-957
-985
-973
-957
-985
-985
-987
-929
-987
-957
-985
-985
-985
-985
-957
-985
-985
-957
-985
-957
-985
-985
-987
-959
-985
-987
-985
-957
-985
-985
-957
-957
-985
-985
-985
-985
-985
-985
-985
-987
-985
-987
-959
-929
-985
-985
-985
-987
-985
-985
-959
-987
-987
-957
-973
-985
-985
-987
-985
-931
-985
-985
-985
-985
-985
-957
-985
-873
-985
-985
-985
-985
-985
-987
-901
-957
-929
-985
-985
-985
-985
-889
-987
-985
-985
-957
-957
-985
-985
-985
201
-945
-973
-992
-973
-985
-987
-875
-901
-929
-985
-992
-985
-973
-985
-985
-987
-985
-985
-985
-985
-987
-985
-929
-833
-985
-985
-987
-987
-987
-973
-987
-987
-987
-985
-957
-973
-959
-987
-985
-957
-985
-985
-985
-985
-985
-985
