agent: texplore
env: asterix
Environment is episodic.
set statesPerDim to 0 for all dim
feature 0 has range 30
feature 1 has range 30
feature 2 has range 30
reward range: 1001
Parallel ETUCT tracking real state values
Planner using history size: 0
start parallel uct planning search thread
Start model learning thread
Created MultClass 0 with nModels: 5
Created C4.5 decision tree 0 with == and > splits
Created C4.5 decision tree 6 with == and > splits
Created C4.5 decision tree 12 with == and > splits
Created C4.5 decision tree 18 with == and > splits
Created C4.5 decision tree 24 with == and > splits
Created MultClass 3 with nModels: 5
Created C4.5 decision tree 3 with == and > splits
Created C4.5 decision tree 9 with == and > splits
Created C4.5 decision tree 15 with == and > splits
Created C4.5 decision tree 21 with == and > splits
Created C4.5 decision tree 27 with == and > splits
Created MultClass 4 with nModels: 5
Created C4.5 decision tree 4 with == and > splits
Created C4.5 decision tree 10 with == and > splits
Created C4.5 decision tree 16 with == and > splits
Created C4.5 decision tree 22 with == and > splits
Created C4.5 decision tree 28 with == and > splits
Created MultClass 1 with nModels: 5
Created C4.5 decision tree 1 with == and > splits
Created C4.5 decision tree 7 with == and > splits
Created C4.5 decision tree 13 with == and > splits
Created C4.5 decision tree 19 with == and > splits
Created C4.5 decision tree 25 with == and > splits
Created MultClass 2 with nModels: 5
Created C4.5 decision tree 2 with == and > splits
Created C4.5 decision tree 8 with == and > splits
Created C4.5 decision tree 14 with == and > splits
-995
Created C4.5 decision tree 20 with == and > splits
Created C4.5 decision tree 26 with == and > splits
-994
-994
-984
-994
-994
-994
-994
-995
-994
-994
-993
-994
-994
-996
-994
-995
-994
-980
-997
-996
-995
-994
-994
-994
-994
-995
-995
-994
-994
-994
-994
-995
-994
-994
-994
-992
-995
-994
-994
-994
-995
-994
-994
-994
-995
-994
-994
-996
-994
-983
-994
-994
-994
-990
-995
-990
-996
-995
-993
-990
-992
-990
-994
-994
-995
-990
-995
-994
-989
-996
-993
-996
-993
-992
-996
-991
-995
-987
-989
-996
-987
-989
-987
-989
-996
-989
-992
-992
-992
-994
-992
-994
-989
-994
-987
-984
-987
-987
-995
-984
-987
-987
-987
-995
-995
-995
-987
-987
-995
-996
-995
-987
-987
-995
-995
-996
-994
-987
-995
-996
-987
-995
-997
-996
-995
-995
-994
-987
-986
-945
-996
-995
-995
-996
-995
-995
-995
-995
-995
-995
-995
-995
-976
-975
-995
-996
-975
-995
-995
-996
-995
-995
-974
-976
-991
-984
-973
-995
-833
-931
-993
-991
-987
-931
-944
-875
-991
-991
-991
-993
-991
-975
-975
-970
-990
-977
-959
-991
-982
-991
-995
-991
-990
-975
-990
-990
-991
-991
-991
-991
-963
-991
-990
-975
-991
-991
-991
-991
-990
-990
-990
-990
-990
-971
-990
-990
-995
-989
-990
-969
-990
-990
-990
-990
-973
-973
-982
-991
-990
-987
-990
-989
-982
-995
-990
-984
-959
-995
-990
-982
-959
-982
-982
-990
-990
-990
-989
-990
-990
-990
-996
-945
-989
-989
-973
-987
-958
-973
-917
-945
-945
-973
-862
-861
-986
-930
-973
201
-861
-847
-959
-991
-987
-991
-987
-875
-903
-991
-987
-959
-991
-987
-991
-987
-931
-987
-987
-987
-931
-959
-959
-987
-987
-959
-991
-991
-959
-991
-989
-959
-987
-987
-987
-987
-987
-987
-987
-987
-987
-987
-987
-987
-847
-903
-991
-819
-987
-903
-959
-987
-987
-805
-931
-995
-995
-945
-987
-987
-959
-995
-995
-995
-945
-987
-987
-995
-995
-995
-995
-995
-989
-995
-973
-959
-973
-995
-995
-995
-995
-995
-995
-995
-959
-995
-995
-995
-995
-959
-859
-973
-903
-987
-987
-987
-959
-915
-875
-819
-931
-987
-987
-987
-987
-973
-903
-819
-989
-903
-987
-991
-959
-959
-959
-987
-987
-987
-987
-987
-987
-987
-987
-987
-987
-987
-987
-987
-987
-987
-987
-959
-973
-931
-987
-987
-987
-987
-987
-987
-959
-931
-847
-987
-987
-987
-931
-987
-931
201
-959
-987
-959
-987
-987
-995
-987
-959
-991
-931
-990
-931
-959
201
-987
-833
-945
-847
201
201
-819
-959
-987
201
201
-959
-987
-987
-987
-903
-991
-904
201
-804
-904
-988
-988
-988
-904
201
-833
-971
-932
-945
-987
-989
-931
-987
-987
-987
-987
-987
201
-973
-903
-959
201
201
-847
-989
201
201
201
201
201
-991
-959
-987
-987
-987
-931
201
-875
-931
201
201
201
-889
-973
-889
-959
-987
-861
201
-903
-931
201
201
201
-917
-973
-944
201
-833
-959
-987
201
-861
-973
-973
-959
-959
201
-819
201
-959
-987
-987
-959
201
-945
-973
-973
-820
-983
-973
-956
-988
-984
-984
-988
-988
-988
-988
-988
-988
-988
-988
-988
-988
-988
-988
-988
-988
-988
-988
-988
-988
-988
-988
201
-833
-945
-903
-988
-988
-988
-988
-988
-988
-987
-988
-988
-988
-988
-988
-988
-988
-988
-988
-988
-988
-988
-988
-988
-988
-988
-988
-988
-988
-988
-988
-988
-988
-988
-988
-988
-982
-917
201
-889
201
201
-931
-931
201
-861
-833
201
201
-805
-945
-833
-861
-973
-805
-917
-831
-875
-991
-987
-931
-847
-987
-917
-959
-959
-987
-805
-931
-987
-973
-973
-973
201
201
201
201
-889
201
-875
-987
-973
-973
-805
-987
201
-889
-973
-973
-917
-973
-861
-973
-917
-903
-987
-889
-917
-973
-973
-973
201
-889
-973
-959
-974
-987
201
-973
-889
-973
-973
-973
-973
-973
-945
-973
-973
-973
-945
-959
-973
-973
-959
-903
-959
-991
-987
-987
-987
-987
201
-945
-861
-945
-973
-945
-973
-973
-973
-945
-973
-973
-973
-973
-973
-973
-973
-973
-987
-994
-987
-945
-973
-973
-959
-989
-987
-987
-987
-973
-973
-973
-973
-973
-973
-973
-973
-973
-959
-987
-987
-987
-973
-973
-987
-973
-987
-973
-945
-987
-987
-987
-861
-973
-973
-973
-973
-861
-945
-959
-989
-973
-989
-987
-959
-989
-987
-989
-989
-995
-989
-989
-989
-989
-989
-989
-989
-989
-989
-989
-989
-989
-989
-989
-989
-989
-989
-989
-989
-989
-989
-989
-989
-989
-989
-989
-989
-989
-989
-989
-989
-989
-989
-989
-989
-989
-995
-989
-989
-989
-995
-973
-971
-997
-996
-995
-996
-995
-973
-996
-996
-996
-996
-996
-996
-973
-995
-996
-973
-973
-973
-973
-973
-973
-973
-973
-973
-973
-973
-973
-973
-973
-973
-973
-995
-959
-875
-987
-987
-994
-996
-995
-987
-987
-971
-995
-959
-943
-973
-973
-973
-973
-945
-973
-973
-973
-973
-995
-875
-995
-945
-995
-973
-995
-889
-973
-945
-973
-917
-995
-914
-973
-995
-903
-917
-987
-989
-987
-973
-959
-987
-987
-987
-973
-973
-959
-959
-945
-847
-987
-987
-987
-987
-987
-987
-987
-987
-973
-931
-945
-973
-973
-945
-973
-971
-973
-973
-973
-973
-973
-945
-973
-973
-973
-917
-973
-945
-945
-987
-973
-973
-973
-945
-987
-987
-973
-973
-973
-973
-973
-973
-973
-973
-833
-973
-973
-973
-973
-945
-945
-991
-991
-991
-991
-995
-973
-991
-991
-987
-991
-991
-994
-987
-991
-991
-991
-991
-991
-991
-991
-991
-987
-991
-991
-991
-991
-994
-991
-994
-991
-991
-991
-991
-991
-991
-991
-991
-991
-991
-991
-991
-991
-991
-991
-991
-991
-991
-991
-991
-991
-991
-991
-991
-991
-991
-991
-991
-991
-991
-991
-991
-991
-991
-991
-991
-991
-991
-991
-991
