agent: texplore
env: asterix
Environment is episodic.
set statesPerDim to 0 for all dim
feature 0 has range 30
feature 1 has range 30
feature 2 has range 30
reward range: 1001
Parallel ETUCT tracking real state values
Planner using history size: 0
Start model learning thread
start parallel uct planning search thread
Created MultClass 0 with nModels: 5
Created C4.5 decision tree 0 with == and > splits
Created C4.5 decision tree 6 with == and > splits
Created C4.5 decision tree 12 with == and > splits
Created C4.5 decision tree 18 with == and > splits
Created C4.5 decision tree 24 with == and > splits
Created MultClass 3 with nModels: 5
Created C4.5 decision tree 3 with == and > splits
Created C4.5 decision tree 9 with == and > splits
Created C4.5 decision tree 15 with == and > splits
Created C4.5 decision tree 21 with == and > splits
Created C4.5 decision tree 27 with == and > splits
Created MultClass 4 with nModels: 5
Created C4.5 decision tree 4 with == and > splits
Created C4.5 decision tree 10 with == and > splits
Created C4.5 decision tree 16 with == and > splits
Created C4.5 decision tree 22 with == and > splits
Created C4.5 decision tree 28 with == and > splits
Created MultClass 1 with nModels: 5
Created C4.5 decision tree 1 with == and > splits
Created C4.5 decision tree 7 with == and > splits
Created C4.5 decision tree 13 with == and > splits
Created C4.5 decision tree 19 with == and > splits
Created C4.5 decision tree 25 with == and > splits
Created MultClass 2 with nModels: 5
Created C4.5 decision tree 2 with == and > splits
Created C4.5 decision tree 8 with == and > splits
Created C4.5 decision tree 14 with == and > splits
Created C4.5 decision tree 20 with == and > splits
-995
Created C4.5 decision tree 26 with == and > splits
-994
-987
-995
-991
-994
-994
-993
-995
-995
-991
-993
-983
-995
-996
-997
-997
-997
-997
-997
-997
-997
-997
-997
-997
-997
-997
-996
-996
-995
-996
-995
-995
-996
-994
-994
-994
-995
-997
-997
-997
-997
-995
-995
-994
-994
-995
-994
-990
-988
-987
-987
-973
-984
-992
-988
-973
-992
-995
-986
-970
-992
-990
-990
-986
-987
-995
-996
-996
-996
-987
-987
-995
-992
-994
-992
-995
-987
-994
-996
-987
-987
-990
-990
-990
-987
-987
-987
-987
-987
-988
-987
-987
-987
-987
-987
-987
-987
-987
-987
-987
-987
-987
-987
-987
-987
-987
-987
-987
-987
-987
-987
-987
-987
-987
-987
-987
-987
-992
-989
-984
-992
-992
-989
-960
-988
-996
-992
-989
-989
-983
-960
-992
-989
-973
-989
-983
-983
-994
-988
-989
-989
-995
-997
-995
-973
-995
-989
-995
-997
-996
-996
-995
-973
-995
-996
-995
-997
-987
-944
-972
-996
-996
-996
-996
-995
-995
-972
-995
-997
-972
-973
-973
-995
-988
-972
-995
-995
-973
-994
-995
-995
-995
-995
-995
-995
-995
-995
-995
-995
-995
-995
-995
-995
-995
-995
-995
-995
-995
-995
-995
-995
-995
-996
-995
-995
-996
-988
-985
-995
-995
-995
-995
-995
-995
-995
-995
-995
-996
-991
-995
-995
-995
-995
-995
-995
-995
-995
-995
-995
-995
-995
-995
-995
-995
-995
-995
-995
-994
-994
-994
-987
-995
-996
-991
-995
-984
-994
-995
-995
-995
-991
-994
-995
-995
-994
-995
-994
-995
-994
-994
-994
-995
-995
-995
-994
-995
-994
-995
-994
-995
-994
-995
-994
-995
-994
-995
-994
-995
-994
-995
-994
-995
-993
-994
-994
-995
-994
-994
-994
-994
-994
-994
-994
-994
-994
-994
-995
-994
-995
-994
-995
-994
-995
-994
-995
-994
-995
-994
-995
-994
-995
-993
-994
-995
-995
-994
-995
-994
-995
-994
-995
-993
-994
-994
-994
-995
-992
-992
-992
-993
-995
-995
-992
-993
-995
-995
-995
-995
-995
-995
-995
-995
-993
-986
-995
-995
-996
-995
-995
-995
-995
-995
-995
-995
-995
-995
-995
-995
-995
-995
-995
-995
-995
-995
-995
-995
-996
-995
-995
-995
-995
-995
-995
-995
-995
-995
-995
-995
-995
-995
-995
-995
-995
-995
-995
-995
-995
-995
-995
-995
-995
-995
-995
-995
-995
-995
-995
-995
-995
-995
-995
-995
-995
-995
-995
-995
-995
-995
-995
-995
-994
-992
-995
-995
-995
-993
-994
-995
-996
-993
-993
-993
-995
-996
-994
-986
-989
-994
-989
-992
-995
-995
-988
-995
-960
-958
-995
-986
-995
-987
-984
-995
-984
-984
-987
-984
-984
-995
-984
-995
-984
-991
-994
-994
-994
-984
-995
-995
-984
-995
-984
-989
-984
-991
-991
-991
-989
-991
-973
-996
-959
-996
-991
-987
-988
-995
-991
-995
-997
-984
-995
-984
-989
-989
-984
-984
-946
-991
-994
-995
-988
-990
-989
-973
-996
-995
-988
-989
-991
-991
-982
-995
-995
-995
-988
-995
-945
-989
-991
-991
-991
-991
-970
-973
-996
-945
-996
-994
-995
-995
-995
-995
-995
-995
-995
-995
-995
-995
-995
-995
-995
-995
-995
-995
-995
-995
-996
-995
-995
-995
-996
-994
-970
-976
-989
-959
-989
-989
-989
-995
-989
-996
-989
-996
-959
-989
-989
-994
-959
-996
-994
-989
-994
-995
-995
-995
-987
-994
-995
-995
-995
-987
-994
-995
-987
-989
-987
-996
-987
-996
-987
-989
-996
-989
-996
-987
-970
-994
-995
-995
-995
-945
-996
-987
-996
-987
-996
-987
-987
-987
-995
-995
-995
-996
-994
-995
-987
-994
-995
-987
-987
-987
-987
-994
-987
-987
-959
-996
-959
-987
-973
-987
-987
-995
-987
-996
-987
-973
-987
-987
-987
-987
-987
-987
-987
-996
-987
-994
-995
-995
-995
-987
-996
-987
-996
-987
-996
-987
-987
-987
-973
-959
-987
-987
-987
-996
-987
-996
-987
-996
-987
-996
-987
-994
-987
-987
-987
-987
-987
-995
-996
-987
-987
-987
-987
-996
-987
-987
-945
-959
-973
-945
-996
-987
-987
-987
-987
-987
-987
-987
-987
-987
-987
-987
-987
-973
-987
-987
-987
-987
-987
-987
-987
-987
-987
-987
-987
-987
-987
-987
-987
-987
-987
-987
-987
-987
-987
-987
-987
-987
-987
-987
-987
-994
-987
-987
-987
-973
-987
-987
-987
-987
-995
-995
-945
-987
-987
-994
-995
-995
-987
-994
-987
-987
-994
-987
-987
-987
-987
-987
-987
-987
-987
-987
-996
-987
-996
-987
-996
-987
-996
-987
-996
-987
-996
-987
-987
-996
-987
-996
-987
-994
-995
-995
-995
-995
-995
-995
-995
-995
-995
-995
-995
-995
-995
-995
-995
-987
-987
-987
-987
-987
-987
-973
-945
-987
-995
-996
-987
-987
-987
-987
-987
-994
-959
-987
-987
-960
-987
-987
-987
-987
-987
-987
-987
-987
-987
-987
-987
-987
-987
-987
-987
-987
-987
-987
-987
-987
-987
-987
-996
-987
-987
-995
-987
-987
-987
-987
-987
-987
-987
-987
-987
-987
-987
-987
-987
-987
-987
-987
-987
-987
-987
-987
-987
-987
-987
-987
-987
-987
-987
-987
-987
-987
-987
-995
-987
-995
-995
-987
-959
-987
-987
-987
-987
-995
-987
-994
-987
-994
-987
-994
-995
-996
-995
-995
-996
-995
-987
-995
-996
-995
-996
-987
-987
-987
-987
-987
-995
-987
-987
-987
-996
-987
-987
-987
-987
-987
-987
-987
-987
-987
-987
-987
-987
-987
-987
-995
-995
-996
-987
-995
-996
-995
-995
-995
-995
-995
-995
-996
-995
-996
-995
-996
-995
-996
-995
-987
-987
-994
-987
-987
-996
-995
-987
-987
-987
-987
-987
-960
-987
-987
-959
-987
-987
-987
-959
-987
-987
-994
-995
-995
-995
-995
-995
-995
-987
-995
-987
-994
-996
-987
-987
-987
-987
-987
-987
-987
-987
-987
-987
-987
-987
-994
-995
-987
-994
-995
-995
-987
-994
-996
-987
-987
-987
-996
-987
-987
-987
