agent: texplore
env: asterix
Environment is episodic.
set statesPerDim to 0 for all dim
feature 0 has range 30
feature 1 has range 30
feature 2 has range 30
reward range: 1001
Parallel ETUCT tracking real state values
Planner using history size: 0
Start model learning thread
start parallel uct planning search thread
Created MultClass 0 with nModels: 5
Created C4.5 decision tree 0 with == and > splits
Created C4.5 decision tree 6 with == and > splits
Created C4.5 decision tree 12 with == and > splits
Created C4.5 decision tree 18 with == and > splits
Created C4.5 decision tree 24 with == and > splits
Created MultClass 3 with nModels: 5
Created C4.5 decision tree 3 with == and > splits
Created C4.5 decision tree 9 with == and > splits
Created C4.5 decision tree 15 with == and > splits
Created C4.5 decision tree 21 with == and > splits
Created C4.5 decision tree 27 with == and > splits
Created MultClass 4 with nModels: 5
Created C4.5 decision tree 4 with == and > splits
Created C4.5 decision tree 10 with == and > splits
Created C4.5 decision tree 16 with == and > splits
Created C4.5 decision tree 22 with == and > splits
Created C4.5 decision tree 28 with == and > splits
Created MultClass 1 with nModels: 5
Created C4.5 decision tree 1 with == and > splits
Created C4.5 decision tree 7 with == and > splits
Created C4.5 decision tree 13 with == and > splits
Created C4.5 decision tree 19 with == and > splits
Created C4.5 decision tree 25 with == and > splits
Created MultClass 2 with nModels: 5
Created C4.5 decision tree 2 with == and > splits
Created C4.5 decision tree 8 with == and > splits
Created C4.5 decision tree 14 with == and > splits
Created C4.5 decision tree 20 with == and > splits
Created C4.5 decision tree 26 with == and > splits
-991
-993
-992
-995
-997
-993
-995
-995
-994
-981
-994
-983
-994
-994
-994
-994
-994
-993
-994
-995
-994
-994
-994
-994
-994
-985
-996
-994
-994
-995
-995
-997
-992
-995
-996
-995
-995
-995
-994
-997
-995
-994
-994
-995
-994
-995
-994
-992
-992
-995
-994
-991
-996
-996
-996
-994
-978
-995
-983
-973
-994
-994
-994
-994
-995
-997
-996
-988
-988
-978
-994
-996
-996
-996
-996
-972
-994
-995
-973
-995
-996
-996
-994
-995
-984
-985
-996
-994
-995
-988
-988
-988
-985
-995
-990
-995
-973
-973
-944
-995
-995
-995
-995
-995
-995
-973
-995
-986
-973
-995
-986
-995
-996
-986
-995
-986
-986
-986
-994
-996
-986
-973
-997
-997
-995
-995
-996
-996
-996
-996
-987
-995
-995
-991
-995
-996
-995
-996
-996
-996
-996
-994
-996
-995
-994
-995
-981
-994
-996
-994
-996
-980
-994
-996
-991
-994
-996
-994
-995
-994
-995
-993
-994
-990
-991
-991
-991
-991
-991
-991
-991
-992
-996
-991
-995
-996
-990
-992
-967
-996
-982
-991
-993
-982
-991
-991
-994
-983
-983
-984
-995
-995
-995
-995
-995
-995
-995
-995
-995
-995
-995
-995
-995
-995
-995
-995
-995
-995
-995
-995
-995
-995
-995
-995
-995
-995
-995
-995
-995
-995
-995
-995
-994
-996
-994
-985
-986
-987
-974
-995
-983
-994
-994
-995
-996
-984
-986
-995
-995
-995
-994
-995
-987
-973
-995
-994
-995
-995
-995
-990
-975
-994
-995
-995
-995
-995
-995
-995
-995
-929
-995
-994
-995
-995
-995
-995
-995
-995
-995
-995
-995
-995
-995
-995
-995
-995
-995
-995
-995
-995
-995
-995
-995
-995
-995
-995
-995
-995
-995
-995
-995
-995
-995
-995
-995
-987
-987
-987
-987
-984
-995
-990
-990
-990
-990
-985
-983
-990
-995
-990
-984
-985
-917
-988
-983
-983
-983
-983
-983
-983
-982
-982
-981
-983
-983
-983
-983
-983
-983
-982
-982
-981
-995
-982
-981
-982
-981
-995
-983
-982
-981
-981
-981
-981
-982
-981
-955
-985
-995
-974
-982
-974
-982
-994
-995
-976
-983
-974
-976
-983
-982
-976
-981
-976
-980
-995
-980
-995
-976
-976
-994
-994
-994
-948
-980
-995
-980
-995
-994
-994
-994
-981
-976
-980
-995
-994
-980
-995
-940
-982
-981
-995
-983
-981
-995
-980
-995
-983
-976
-982
-984
-982
-980
-975
-976
-994
-969
-967
-969
-981
-982
-969
-969
-968
-967
-966
-982
-994
-995
-974
-994
-981
-995
-966
-995
-994
-982
-983
-955
-983
-994
-984
-984
-995
-983
-982
-984
-983
-982
-981
-995
-983
-983
-983
-983
-984
-995
-985
-995
-984
-985
-995
-983
-995
-984
-995
-995
-994
-995
-983
-994
-982
-982
-994
-995
-994
-978
-995
-991
-991
-991
-994
-991
-978
-991
-991
-991
-991
-991
-991
-991
-991
-991
-991
-991
-994
-991
-991
-991
-991
-991
-991
-991
-991
-991
-991
-991
-991
-991
-991
-991
-991
-991
-991
-991
-991
-991
-991
-991
-991
-991
-994
-991
-991
-991
-991
-991
-991
-991
-991
-991
-991
-994
-991
-991
-991
-994
-991
-991
-991
-956
-995
-994
-995
-985
-995
-984
-995
-981
-995
-985
-995
-976
-984
-969
-983
-982
-968
-985
-984
-982
-983
-983
-985
-976
-994
-995
-994
-995
-984
-994
-995
-985
-995
-983
-995
-994
-995
-983
-983
-983
-983
-983
-995
-984
-995
-995
-995
-984
-995
-994
-983
-983
-994
-995
-983
-984
-995
-984
-995
-983
-980
-968
-980
-982
-967
-940
-980
-984
-996
-980
-989
-952
-982
-924
-982
-980
-995
-980
-980
-980
-982
-980
-982
-980
-980
-980
-982
-980
-982
-980
-980
-980
-955
-994
-981
-968
-968
-981
-989
-983
-981
-994
-932
-994
-995
-981
-995
-954
-981
-995
-981
-995
-982
-981
-995
-982
-994
-995
-982
-982
-982
-976
-976
-981
-995
-948
-981
-995
-981
-995
-983
-981
-995
-982
-982
-981
-995
-982
-981
-995
-948
-948
-948
-968
-980
-995
-995
-980
-995
-994
-995
-968
-982
-976
-982
-969
-980
-995
-967
-967
-969
-968
-939
-967
-968
-976
-976
-969
-976
-969
-976
-976
-976
-968
-968
-976
-976
-968
-966
-995
-994
-980
-967
-981
-995
-980
-981
-994
-980
-995
-982
-981
-995
-983
-981
-995
-982
-980
-995
-954
-982
-982
-980
-995
-980
-995
-948
-980
-995
-980
-995
-980
-995
-981
-995
-982
-983
-982
-995
-982
-982
-994
-995
-993
-982
-980
-995
-976
-976
-980
-995
-969
-966
-968
-981
-995
-952
-995
-976
-968
-981
-995
-981
-995
-981
-995
-981
-995
-940
-968
-981
-995
-981
-995
-920
-967
-994
-980
-982
-981
-995
-967
-967
-967
-976
-976
-968
-980
-995
-981
-980
-995
-981
-995
-981
-995
-967
-967
-967
-982
-980
-995
-976
-976
-981
-995
-981
-980
-995
-981
-995
-967
-967
-967
-981
-995
-982
-982
-982
-982
-982
-967
-968
-939
-953
-995
-976
-952
-982
-972
-976
-980
-980
-995
-982
-968
-980
-995
-927
-980
-995
-980
-995
-981
-995
-981
-995
-982
-968
-970
-968
-981
-995
-981
-967
-980
-989
-982
-967
-953
-995
-961
-960
-980
-995
-976
-981
-968
-967
-982
-981
-981
-989
-982
-981
-995
-967
-976
-982
-982
-981
-996
-981
-995
-981
-995
-982
-982
-981
-995
-968
-961
-981
-995
-980
-995
-948
-948
-976
-953
-995
-980
-995
-981
-995
-976
-948
-973
-969
-971
-982
-967
-976
-966
-981
-995
-981
-995
-981
-995
-968
-961
-982
-981
-995
-982
-981
-995
-982
-981
-996
-981
-995
-968
-980
-982
-976
-980
-989
-976
-971
-989
-981
-995
-981
-995
-995
-995
-973
-989
-973
-989
-971
-974
-989
-989
-989
-976
-994
-989
-973
-994
-969
-960
-989
-989
-975
-989
-931
-989
-989
-989
-989
-989
-989
-989
-989
-989
-989
-975
-989
-976
-989
-989
-989
-989
-989
-989
-994
