agent: texplore
env: asterix
Environment is episodic.
set statesPerDim to 0 for all dim
feature 0 has range 30
feature 1 has range 30
feature 2 has range 30
reward range: 1001
Parallel ETUCT tracking real state values
Planner using history size: 0
start parallel uct planning search thread
Start model learning thread
Created MultClass 0 with nModels: 5
Created C4.5 decision tree 0 with == and > splits
Created C4.5 decision tree 6 with == and > splits
Created C4.5 decision tree 12 with == and > splits
Created C4.5 decision tree 18 with == and > splits
Created C4.5 decision tree 24 with == and > splits
Created MultClass 3 with nModels: 5
Created C4.5 decision tree 3 with == and > splits
Created C4.5 decision tree 9 with == and > splits
Created C4.5 decision tree 15 with == and > splits
Created C4.5 decision tree 21 with == and > splits
Created C4.5 decision tree 27 with == and > splits
Created MultClass 4 with nModels: 5
Created C4.5 decision tree 4 with == and > splits
Created C4.5 decision tree 10 with == and > splits
Created C4.5 decision tree 16 with == and > splits
Created C4.5 decision tree 22 with == and > splits
Created C4.5 decision tree 28 with == and > splits
Created MultClass 1 with nModels: 5
Created C4.5 decision tree 1 with == and > splits
Created C4.5 decision tree 7 with == and > splits
Created C4.5 decision tree 13 with == and > splits
Created C4.5 decision tree 19 with == and > splits
Created C4.5 decision tree 25 with == and > splits
Created MultClass 2 with nModels: 5
Created C4.5 decision tree 2 with == and > splits
Created C4.5 decision tree 8 with == and > splits
Created C4.5 decision tree 14 with == and > splits
Created C4.5 decision tree 20 with == and > splits
Created C4.5 decision tree 26 with == and > splits
-992
-994
-993
-989
-994
-996
-997
-992
-996
-997
-993
-994
-991
-996
-992
-995
-995
-994
-993
-991
-996
-993
-996
-997
-996
-993
-994
-995
-987
-987
-996
-993
-996
-995
-995
-993
-985
-994
-995
-995
-992
-992
-992
-992
-992
-992
-996
-992
-996
-994
-995
-995
-994
-992
-994
-995
-992
-994
-992
-992
-994
-992
-996
-996
-996
-996
-996
-996
-996
-996
-995
-996
-995
-996
-995
-995
-995
-994
-980
-995
-975
-995
-992
-995
-995
-994
-994
-997
-975
-994
-995
-995
-995
-994
-993
-996
-969
-995
-994
-994
-994
-995
-994
-994
-994
-995
-994
-994
-993
-991
-991
-988
-991
-988
-992
-984
-994
-968
-995
-983
-996
-995
-983
-994
-977
-976
-983
-995
-984
-997
-995
-995
-994
-995
-995
-995
-995
-995
-995
-995
-994
-995
-995
-995
-995
-994
-995
-994
-994
-995
-995
-994
-995
-995
-994
-995
-983
-995
-995
-995
-995
-995
-995
-995
-995
-994
-995
-994
-982
-994
-994
-994
-995
-994
-995
-996
-995
-995
-996
-996
-995
-990
-982
-995
-979
-995
-981
-990
-983
-990
-995
-996
-990
-989
-990
-968
-946
-990
-995
-996
-996
-996
-995
-996
-996
-996
-996
-995
-996
-995
-995
-990
-994
-990
-995
-995
-995
-996
-972
-990
-995
-995
-996
-996
-995
-990
-995
-990
-995
-995
-995
-988
-990
-995
-995
-990
-990
-995
-995
-996
-996
-995
-996
-995
-996
-996
-990
-995
-985
-995
-996
-996
-995
-983
-973
-995
-995
-995
-987
-973
-971
-995
-996
-996
-995
-996
-995
-995
-985
-995
-984
-996
-996
-987
-985
-973
-995
-996
-996
-996
-996
-996
-984
-996
-985
-973
-984
-987
-994
-994
-983
-996
-983
-984
-987
-994
-984
-983
-995
-994
-983
-995
-983
-984
-975
-996
-995
-984
-974
-995
-995
-976
-975
-983
-958
-995
-995
-995
-983
-974
-983
-995
-983
-995
-995
-983
-974
-995
-995
-976
-984
-984
-995
-995
-995
-972
-995
-995
-994
-973
-975
-994
-995
-980
-994
-977
-989
-995
-994
-975
-994
-995
-977
-977
-994
-976
-977
-977
-980
-995
-994
-995
-994
-995
-994
-977
-980
-995
-977
-994
-995
-995
-995
-981
-977
-981
-996
-981
-981
-996
-995
-995
-996
-981
-982
-980
-977
-980
-995
-980
-980
-981
-977
-983
-995
-995
-983
-995
-948
-983
-995
-977
-995
-995
-983
-994
-980
-981
-995
-995
-995
-974
-976
-994
-973
-996
-973
-995
-994
-996
-994
-995
-980
-982
-994
-984
-994
-994
-992
-990
-996
-994
-983
-995
-995
-981
-994
-983
-995
-994
-983
-995
-983
-995
-982
-983
-994
-995
-995
-996
-995
-996
-994
-995
-983
-994
-994
-994
-994
-995
-983
-994
-995
-977
-977
-995
-982
-995
-995
-994
-991
-994
-995
-994
-994
-976
-996
-984
-984
-994
-995
-996
-967
-996
-977
-995
-968
-995
-976
-996
-996
-996
-996
-996
-969
-995
-973
-981
-994
-983
-995
-984
-983
-985
-975
-959
-995
-995
-985
-995
-984
-995
-996
-995
-996
-995
-996
-995
-995
-995
-995
-995
-996
-995
-996
-995
-996
-995
-996
-995
-996
-995
-995
-984
-995
-996
-994
-983
-983
-985
-994
-983
-996
-995
-995
-995
-976
-995
-996
-995
-996
-995
-963
-981
-990
-995
-996
-996
-995
-974
-995
-995
-995
-995
-995
-995
-984
-994
-996
-983
-983
-995
-996
-995
-967
-996
-995
-982
-994
-995
-976
-982
-995
-994
-995
-983
-994
-995
-982
-994
-995
-983
-994
-996
-982
-983
-983
-982
-997
-995
-995
-995
-995
-983
-983
-984
-982
-983
-990
-995
-983
-995
-996
-996
-983
-983
-980
-977
-984
-980
-982
-981
-996
-976
-977
-980
-977
-981
-977
-980
-981
-980
-995
-995
-980
-982
-977
-980
-977
-975
-983
-982
-977
-981
-983
-984
-983
-983
-995
-995
-982
-982
-995
-995
-983
-995
-995
-977
-982
-967
-980
-981
-980
-981
-980
-995
-995
-977
-981
-982
-992
-982
-977
-981
-996
-977
-980
-981
-982
-955
-983
-994
-996
-981
-995
-995
-981
-967
-981
-982
-996
-976
-975
-977
-976
-976
-977
-977
-966
-996
-982
-996
-966
-996
-975
-980
-981
-977
-977
-980
-981
-996
-970
-981
-995
-995
-982
-995
-995
-992
-980
-995
-980
-977
-975
-984
-978
-990
-992
-992
-992
-982
-982
-976
-959
-990
-992
-992
-992
-992
-992
-969
-977
-980
-947
-980
-980
-980
-980
-977
-977
-977
-980
-977
-982
-982
-983
-983
-982
-977
-981
-997
-996
-995
-995
-981
-997
-969
-995
-994
-994
-995
-995
-995
-990
-994
-997
-979
-994
-994
-982
-970
-970
-977
-981
-992
-994
-977
-992
-995
-994
-994
-994
-994
-977
-970
-994
-977
-977
-982
-994
-995
-970
-976
-981
-976
-980
-977
-977
-976
-981
-997
-981
-977
-980
-994
-995
-995
-995
-995
-996
-996
-994
-981
-995
-994
-995
-995
-995
-995
-995
-995
-994
-995
-980
-996
-995
-994
-995
-977
-993
-994
-992
-995
-980
-976
-996
-980
-976
-996
-984
-995
-995
-980
-996
-996
-995
-995
-995
-975
-995
-977
-980
-983
-984
-975
-975
-976
-995
-977
-944
-995
-995
-995
-995
-995
-980
-980
-995
-977
-995
-980
-974
-995
-995
-995
-996
-997
-976
-996
-973
-976
-976
-975
-995
-982
-995
-977
-989
-980
-995
-984
-982
-983
-983
-984
-986
-996
-974
-996
-985
-980
-996
-974
-996
-995
-995
-995
-976
-995
-975
-982
-995
-977
-917
-996
-945
-996
-974
-974
-995
-984
-974
-983
-975
-995
-984
-995
-982
-983
-976
-995
-917
-984
-975
-977
-995
-974
-973
-996
-976
-995
-995
-994
-985
-995
-980
-996
-981
-996
-917
-996
-945
-996
-975
-917
-957
-995
-984
-996
-985
-996
-983
-984
-989
-984
-990
-959
-983
-982
-989
-974
-995
-982
-986
-982
-918
-995
-981
-981
-996
-958
-945
-996
-983
-976
-995
-982
-945
-996
