agent: texplore
env: asterix
Environment is episodic.
set statesPerDim to 0 for all dim
feature 0 has range 30
feature 1 has range 30
feature 2 has range 30
reward range: 1001
Parallel ETUCT tracking real state values
Planner using history size: 0
Start model learning thread
start parallel uct planning search thread
Created MultClass 0 with nModels: 5
Created C4.5 decision tree 0 with == and > splits
Created C4.5 decision tree 6 with == and > splits
Created C4.5 decision tree 12 with == and > splits
Created C4.5 decision tree 18 with == and > splits
Created C4.5 decision tree 24 with == and > splits
Created MultClass 3 with nModels: 5
Created C4.5 decision tree 3 with == and > splits
Created C4.5 decision tree 9 with == and > splits
Created C4.5 decision tree 15 with == and > splits
Created C4.5 decision tree 21 with == and > splits
Created C4.5 decision tree 27 with == and > splits
Created MultClass 4 with nModels: 5
Created C4.5 decision tree 4 with == and > splits
Created C4.5 decision tree 10 with == and > splits
Created C4.5 decision tree 16 with == and > splits
Created C4.5 decision tree 22 with == and > splits
Created C4.5 decision tree 28 with == and > splits
Created MultClass 1 with nModels: 5
Created C4.5 decision tree 1 with == and > splits
Created C4.5 decision tree 7 with == and > splits
Created C4.5 decision tree 13 with == and > splits
Created C4.5 decision tree 19 with == and > splits
Created C4.5 decision tree 25 with == and > splits
Created MultClass 2 with nModels: 5
Created C4.5 decision tree 2 with == and > splits
Created C4.5 decision tree 8 with == and > splits
Created C4.5 decision tree 14 with == and > splits
Created C4.5 decision tree 20 with == and > splits
Created C4.5 decision tree 26 with == and > splits
-995
-996
-996
-995
-994
-992
-994
-994
-990
-995
-993
-991
-992
-993
-993
-994
-994
-994
-994
-994
-994
-993
-993
-994
-994
-990
-987
-987
-987
-987
-987
-987
-990
-991
-996
-991
-990
-991
-991
-990
-990
-992
-992
-992
-994
-994
-994
-993
-994
-994
-993
-993
-994
-995
-995
-994
-982
-959
-996
-994
-987
-995
-994
-995
-994
-984
-995
-984
-995
-996
-983
-983
-983
-983
-995
-996
-983
-991
-995
-994
-994
-994
-994
-995
-994
-994
-994
-994
-994
-994
-994
-994
-994
-995
-994
-994
-996
-995
-994
-994
-994
-994
-994
-994
-994
-994
-994
-994
-994
-994
-994
-994
-989
-994
-995
-994
-994
-989
-994
-994
-994
-994
-994
-994
-994
-995
-994
-995
-994
-995
-994
-995
-994
-995
-988
-994
-995
-994
-994
-994
-994
-994
-994
-994
-994
-994
-995
-994
-994
-994
-994
-994
-994
-995
-994
-994
-994
-994
-995
-994
-994
-995
-994
-994
-994
-994
-995
-994
-994
-995
-994
-995
-994
-994
-994
-994
-994
-995
-994
-994
-994
-994
-994
-994
-993
-995
-994
-995
-994
-994
-994
-995
-995
-995
-994
-984
-993
-994
-994
-994
-994
-994
-982
-994
-994
-994
-994
-983
-995
-993
-993
-994
-995
-994
-987
-993
-989
-994
-994
-994
-994
-991
-995
-994
-995
-989
-989
-994
-995
-994
-991
-991
-994
-994
-996
-990
-990
-994
-990
-993
-990
-995
-995
-995
-994
-990
-990
-993
-989
-994
-993
-989
-994
-990
-989
-995
-995
-993
-988
-989
-987
-987
-989
-989
-993
-996
-989
-988
-994
-989
-994
-987
-988
-994
-988
-989
-988
-989
-988
-994
-988
-995
-987
-988
-988
-987
-988
-988
-988
-988
-988
-987
-988
-988
-988
-988
-988
-988
-988
-995
-988
-995
-988
-987
-988
-993
-988
-995
-988
-988
-987
-988
-988
-988
-988
-995
-995
-988
-988
-988
-988
-988
-988
-987
-987
-987
-987
-987
-987
-991
-988
-987
-988
-987
-988
-987
-988
-994
-996
-995
-987
-987
-988
-988
-988
-988
-994
-996
-995
-988
-995
-995
-995
-993
-988
-995
-987
-994
-995
-994
-996
-996
-994
-987
-994
-996
-994
-987
-987
-987
-987
-995
-987
-994
-996
-994
-995
-959
-994
-994
-995
-989
-994
-987
-996
-995
-992
-992
-991
-988
-987
-991
-987
-987
-994
-995
-992
-992
-987
-992
-992
-994
-987
-987
-987
-987
-987
-987
-987
-987
-987
-987
-995
-987
-994
-995
-987
-986
-987
-994
-987
-987
-987
-994
-994
-995
-987
-987
-987
-994
-988
-987
-987
-991
-987
-995
-987
-987
-987
-987
-987
-995
-987
-992
-992
-995
-994
-987
-995
-992
-987
-987
-987
-931
-987
-987
-987
-987
-995
-987
-995
-995
-995
-995
-995
-987
-987
-995
-995
-995
-995
-987
-959
-987
-987
-987
-995
-993
-987
-992
-994
-996
-987
-989
-988
-987
-971
-992
-992
-990
-917
-992
-995
-994
-992
-994
-972
-995
-994
-987
-994
-994
-987
-994
-994
-994
-994
-990
-987
-995
-995
-995
-994
-990
-987
-994
-994
-994
-994
-994
-994
-994
-994
-994
-994
-995
-987
-987
-994
-987
-987
-994
-995
-972
-995
-971
-995
-973
-973
-973
-994
-973
-995
-972
-995
-994
-995
-994
-995
-994
-973
-973
-994
-971
-995
-959
-995
-994
-987
-994
-974
-994
-995
-994
-994
-994
-994
-994
-973
-994
-986
-992
-973
-992
-987
-973
-959
-987
-973
-973
-847
-987
-987
201
-992
-996
-987
-987
-987
-987
-987
-987
-987
-987
-987
-903
-988
-987
-987
-987
-987
-988
-987
-987
-987
-987
-988
-987
-988
-987
-987
-987
-987
-987
-987
-987
-988
-988
-988
-988
-988
-988
-995
-988
-992
-996
-992
-987
-931
-973
-987
-861
-996
-945
-996
-973
-973
-996
-974
-973
-959
-987
-973
-987
-917
-959
-819
-959
-987
-987
201
201
-931
-987
-930
-986
-958
-930
-987
-930
201
-990
201
201
-991
201
-990
-990
-990
-990
-990
-990
-990
-990
-990
-990
-987
-990
-990
-990
201
-995
-995
-995
-995
-995
-995
-995
-995
-995
-995
-995
-995
-995
-995
-995
-995
-995
-995
-995
-995
-995
-995
-995
-995
-995
-995
-995
-995
-995
-995
-995
-995
-995
-995
-995
-995
-995
-987
-995
201
-995
-995
-995
-995
-995
-995
-995
-995
-995
-995
-995
-995
-995
-995
-995
-995
-995
-995
-995
-995
-995
-995
-995
-995
-995
-995
-995
-995
-995
-995
-995
-995
-995
-995
-995
-995
-995
-995
-959
-995
-995
-995
-995
-903
-995
-995
-995
-995
-995
-995
-995
-995
-995
-995
-995
-995
-995
-995
-995
-995
-995
-995
-995
-995
-995
-995
-995
-995
-995
-995
-995
-995
-995
-995
-995
-995
-995
-995
-995
-995
-995
-987
-995
-987
-995
-987
-995
-931
-990
-959
-995
-995
201
-995
-995
-995
-995
-995
-995
-995
-995
-995
-995
-995
-995
-995
-973
-973
-959
-995
-995
-995
-959
-995
-987
-987
-987
-987
-987
-995
-987
-987
-987
-991
-991
-959
-931
-987
-987
-959
-987
-995
-987
-987
-991
-995
-959
-995
-987
-995
-995
-987
-959
-987
-987
-903
-959
201
-903
-995
-995
-995
-995
-995
-995
-995
-959
-987
-995
-995
-995
-995
-959
-995
-991
-996
-995
-995
-995
-995
-995
-991
-996
-991
-996
-995
-995
-995
-995
-995
-995
-995
-995
-995
-995
-995
-995
-995
-995
-995
-995
-995
-995
-995
-995
-995
-995
-995
-995
-995
-995
-995
-995
-991
-996
-995
-996
-995
-995
-995
-995
-995
-995
-995
-995
201
-995
-995
-995
-995
-995
-995
-995
-995
-995
-995
-995
-995
201
-931
-995
-995
-995
-995
-995
-995
-995
-995
-995
-995
-995
-995
-995
-995
-995
-995
-995
-995
-995
-995
-995
-995
-995
-995
-995
-995
-995
-995
-995
201
-995
-995
-995
-995
-995
201
-995
-995
-995
-995
-995
-995
-995
-995
-995
-995
201
-995
-995
