agent: texplore
env: asterix
Environment is episodic.
set statesPerDim to 0 for all dim
feature 0 has range 30
feature 1 has range 30
feature 2 has range 30
reward range: 1001
Parallel ETUCT tracking real state values
Planner using history size: 0
start parallel uct planning search thread
Start model learning thread
Created MultClass 0 with nModels: 5
Created C4.5 decision tree 0 with == and > splits
Created C4.5 decision tree 6 with == and > splits
Created C4.5 decision tree 12 with == and > splits
Created C4.5 decision tree 18 with == and > splits
Created C4.5 decision tree 24 with == and > splits
Created MultClass 3 with nModels: 5
Created C4.5 decision tree 3 with == and > splits
Created C4.5 decision tree 9 with == and > splits
Created C4.5 decision tree 15 with == and > splits
Created C4.5 decision tree 21 with == and > splits
Created C4.5 decision tree 27 with == and > splits
Created MultClass 4 with nModels: 5
Created C4.5 decision tree 4 with == and > splits
Created C4.5 decision tree 10 with == and > splits
Created C4.5 decision tree 16 with == and > splits
Created C4.5 decision tree 22 with == and > splits
Created C4.5 decision tree 28 with == and > splits
Created MultClass 1 with nModels: 5
Created C4.5 decision tree 1 with == and > splits
Created C4.5 decision tree 7 with == and > splits
Created C4.5 decision tree 13 with == and > splits
Created C4.5 decision tree 19 with == and > splits
Created C4.5 decision tree 25 with == and > splits
Created MultClass 2 with nModels: 5
Created C4.5 decision tree 2 with == and > splits
Created C4.5 decision tree 8 with == and > splits
Created C4.5 decision tree 14 with == and > splits
Created C4.5 decision tree 20 with == and > splits
Created C4.5 decision tree 26 with == and > splits
-995
-996
-992
-994
-996
-995
-994
-987
-995
-994
-979
-997
-944
-994
-994
-992
-993
-993
-993
-993
-992
-994
-994
-995
-994
-994
-992
-991
-992
-945
-990
-992
-992
-992
-981
-995
-981
-996
-995
-981
-994
-995
-994
-995
-994
-994
-995
-994
-995
-994
-995
-994
-995
-994
-995
-994
-995
-994
-995
-994
-995
-994
-995
-994
-995
-994
-995
-994
-995
-994
-995
-994
-995
-994
-995
-994
-995
-994
-995
-994
-995
-994
-995
-995
-995
-988
-990
-991
-991
-991
-991
-983
-983
-989
-990
-982
-990
-990
-990
-980
-981
-990
-990
-990
-990
-980
-990
-982
-990
-990
-996
-981
-990
-990
-990
-977
-981
-996
-996
-996
-996
-977
-980
-980
-996
-980
-989
-996
-980
-996
-988
-982
-989
-982
-989
-980
-995
-989
-996
-989
-981
-996
-982
-980
-983
-974
-994
-994
-995
-983
-847
-985
-989
-989
-989
-989
-983
-987
-987
-989
-989
-987
-985
-973
-958
-972
-985
-988
-988
-985
-988
-986
-984
-972
-983
-984
-984
-931
-994
-996
-994
-988
-931
-987
-987
-994
-994
-987
-994
-996
-996
-987
-994
-987
-987
-987
-988
-987
-994
-994
-994
-994
-994
-994
-994
-996
-994
-994
-994
-991
-988
-991
-987
-987
-994
-994
-994
-994
-996
-995
-994
-995
-995
-995
-995
-995
-995
-995
-995
-995
-994
-995
-994
-994
-995
-994
-995
-994
-995
-994
-994
-994
-994
-995
-988
-994
-994
-996
-988
-987
-987
-987
-987
-994
-994
-988
-988
-987
-994
-994
-989
-989
-994
-995
-994
-995
-994
-995
-994
-996
-995
-994
-995
-994
-995
-994
-995
-994
-995
-994
-995
-994
-995
-994
-994
-995
-994
-995
-994
-995
-994
-995
-994
-995
-994
-995
-994
-995
-994
-994
-995
-994
-995
-994
-995
-994
-995
-994
-995
-994
-995
-994
-995
-994
-995
-994
-995
-994
-995
-994
-995
-994
-996
-995
-995
-994
-996
-994
-995
-994
-994
-994
-995
-994
-995
-994
-994
-994
-994
-995
-989
-989
-989
-989
-988
-987
-988
-988
-988
-988
-988
-987
-987
-960
-987
-987
-987
-988
-987
-987
-995
-987
-987
-987
-987
-987
-987
-987
-987
-987
-959
-987
-987
-987
-987
-987
-987
-987
-987
-987
-987
-987
-987
-987
-987
-987
-987
-987
-995
-987
-987
-996
-987
-987
-987
-987
-988
-995
-988
-988
-987
-987
-987
-988
-987
-987
-987
-988
-987
-987
-987
-987
-987
-987
-987
-987
-987
-987
-987
-987
-987
-987
-987
-959
-987
-987
-987
-987
-987
-987
-987
-987
-987
-987
-987
-987
-987
-987
-987
-987
-987
-987
-987
-987
-987
-987
-987
-987
-987
-987
-987
-987
-987
-987
-987
-996
-987
-987
-987
-987
-987
-987
-987
-987
-987
-987
-987
-959
-987
-987
-987
-987
-987
-987
-987
-959
-987
-959
-987
-987
-959
-987
-959
-959
-987
-987
-987
-987
-987
-987
-987
-987
-987
-987
-987
-987
-987
-987
-987
-987
-987
-987
-987
-987
-987
-987
-987
-987
-987
-987
-987
-833
-931
-987
-987
-987
-930
201
201
-903
-861
-973
-973
-875
-931
-987
-958
-973
201
-917
201
201
-987
-987
-931
-959
-903
201
-987
-959
201
-889
-931
-931
-973
-945
201
-889
-861
201
-833
-945
201
201
-971
-973
-973
-945
-994
-996
-959
-996
-996
-996
-996
-996
-996
-996
-996
-996
-996
-996
-996
-996
-996
-996
-996
-973
-973
-973
-994
-996
-996
-996
-996
-996
-996
-996
-996
-996
-996
-996
-996
-996
-996
-996
-996
-996
-996
-971
-971
-973
-971
-995
-996
-996
-996
-996
-996
-973
-971
-995
-996
-996
-996
-996
-996
-996
-996
-996
-996
-996
-996
-996
-996
-996
-996
-996
-996
-996
-996
-861
-973
-959
-996
-973
-973
-973
-973
-973
-973
-973
-973
-973
-973
-973
-973
-973
-973
-973
-973
-973
-973
-946
-805
-973
-973
-889
-973
-973
-945
-973
-973
-973
-945
-943
-973
-973
-973
-988
-973
-973
-973
-973
-973
-973
-973
-973
-973
-973
-973
-973
-973
-973
-973
-973
-973
-973
-973
-973
-959
-945
-973
-973
-973
-973
-987
-945
-973
-987
-973
-973
-973
-973
-973
-973
-973
-973
-973
-973
-971
-996
-971
-994
-996
-973
-973
-971
-996
-996
-996
-996
-996
-996
-996
-996
-996
-996
-996
-996
-996
-996
-996
-996
-996
-996
-996
-996
-996
-996
-996
-996
-996
-996
-996
-996
-996
-996
-973
-973
-973
-973
-973
-973
-931
-917
-973
-917
-917
-903
-945
-973
-973
-973
-917
-917
-917
-917
-889
-945
-973
-917
-917
-875
-971
-973
-917
-945
-917
-917
-917
-945
-973
-959
-973
-917
-959
-973
-945
-945
-996
-996
-996
-973
-973
-996
-996
-996
-996
-973
-959
-917
-917
-917
-931
-917
-973
-994
-996
-973
-973
-994
-974
-994
-974
-994
-996
-995
-993
-994
-996
-994
-994
-994
-994
-974
-994
-974
-994
-994
-994
-994
-974
-994
-974
-994
-974
-959
-996
-959
-987
-973
-973
-971
-995
-994
-971
-994
-996
-996
-996
-996
-996
-973
-903
-973
-973
-973
-973
-973
-973
-973
-973
-996
-973
-973
-973
-973
-973
-973
-973
-973
-973
-973
-973
-994
-931
-945
-995
-995
-973
-918
-918
-995
-995
-995
-995
-903
-973
-995
-993
-995
-918
-917
-959
-973
-973
-971
-918
-996
-995
-996
-889
-959
-996
-994
-996
-994
-945
-974
-945
-994
-996
-994
-996
-994
-973
-973
-995
-993
-996
-918
-995
-995
-995
-917
-959
-996
-917
-917
-917
-917
-973
-994
-917
-917
-917
-917
-917
-889
-917
-917
-917
-917
-917
-917
-931
-917
-917
-917
-917
-917
-917
-931
-917
-946
-995
-995
-995
-995
-995
-995
-995
-995
-995
-995
-995
-995
-995
-995
-995
-995
-995
-995
-995
-995
-995
-995
-995
-995
-995
-995
-995
-995
-995
-995
-995
-995
-995
-995
-995
-995
-995
-995
-995
-995
-995
-995
-995
-995
