agent: texplore
env: asterix
Environment is episodic.
set statesPerDim to 0 for all dim
feature 0 has range 30
feature 1 has range 30
feature 2 has range 30
reward range: 1001
Parallel ETUCT tracking real state values
Planner using history size: 0
Start model learning thread
start parallel uct planning search thread
Created MultClass 0 with nModels: 5
Created C4.5 decision tree 0 with == and > splits
Created C4.5 decision tree 6 with == and > splits
Created C4.5 decision tree 12 with == and > splits
Created C4.5 decision tree 18 with == and > splits
Created C4.5 decision tree 24 with == and > splits
Created MultClass 3 with nModels: 5
Created C4.5 decision tree 3 with == and > splits
Created C4.5 decision tree 9 with == and > splits
Created C4.5 decision tree 15 with == and > splits
Created C4.5 decision tree 21 with == and > splits
Created C4.5 decision tree 27 with == and > splits
Created MultClass 4 with nModels: 5
Created C4.5 decision tree 4 with == and > splits
Created C4.5 decision tree 10 with == and > splits
Created C4.5 decision tree 16 with == and > splits
Created C4.5 decision tree 22 with == and > splits
Created C4.5 decision tree 28 with == and > splits
Created MultClass 1 with nModels: 5
Created C4.5 decision tree 1 with == and > splits
Created C4.5 decision tree 7 with == and > splits
Created C4.5 decision tree 13 with == and > splits
Created C4.5 decision tree 19 with == and > splits
Created C4.5 decision tree 25 with == and > splits
Created MultClass 2 with nModels: 5
Created C4.5 decision tree 2 with == and > splits
Created C4.5 decision tree 8 with == and > splits
Created C4.5 decision tree 14 with == and > splits
Created C4.5 decision tree 20 with == and > splits
Created C4.5 decision tree 26 with == and > splits
-981
-995
-994
-995
-994
-994
-996
-993
-994
-995
-984
-995
-994
-995
-995
-994
-994
-994
-994
-995
-993
-992
-992
-986
-994
-994
-986
-996
-995
-972
-995
-994
-995
-993
-995
-994
-994
-996
-973
-995
-995
-973
-995
-996
-994
-973
-994
-988
-995
-995
-994
-995
-994
-995
-974
-996
-996
-995
-994
-993
-993
-994
-993
-996
-996
-996
-996
-996
-995
-996
-993
-993
-993
-994
-996
-996
-996
-996
-996
-996
-996
-996
-996
-996
-996
-996
-995
-996
-996
-996
-996
-996
-996
-996
-996
-996
-996
-992
-996
-990
-994
-992
-994
-994
-996
-994
-996
-987
-992
-995
-996
-995
-995
-994
-995
-994
-996
-996
-995
-996
-996
-996
-996
-996
-996
-996
-996
-996
-996
-996
-996
-995
-995
-996
-996
-996
-996
-996
-995
-994
-994
-996
-995
-983
-996
-995
-994
-995
-994
-994
-994
-994
-992
-994
-983
-984
-995
-995
-989
-994
-994
-994
-982
-994
-984
-983
-994
-994
-994
-994
-995
-994
-994
-994
-994
-995
-996
-997
-983
-995
-995
-997
-996
-995
-994
-994
-989
-990
-995
-995
-989
-994
-989
-994
-994
-995
-994
-994
-994
-994
-994
-994
-990
-995
-995
-996
-996
-995
-994
-994
-994
-982
-995
-995
-994
-995
-996
-995
-994
-994
-996
-995
-996
-994
-982
-994
-994
-995
-995
-994
-995
-990
-996
-995
-995
-995
-995
-995
-995
-995
-995
-995
-995
-995
-995
-995
-995
-995
-996
-997
-992
-995
-994
-991
-996
-993
-990
-995
-990
-990
-995
-990
-995
-995
-995
-975
-995
-990
-975
-993
-996
-994
-995
-994
-994
-995
-989
-994
-995
-996
-994
-996
-984
-994
-996
-994
-994
-990
-994
-996
-995
-995
-990
-994
-984
-994
-994
-995
-959
-996
-997
-996
-996
-996
-994
-995
-990
-991
-996
-990
-990
-990
-990
-990
-995
-995
-995
-995
-995
-994
-990
-995
-994
-996
-984
-996
-995
-995
-990
-994
-995
-996
-997
-994
-990
-995
-994
-995
-995
-995
-990
-994
-994
-990
-990
-995
-994
-995
-995
-994
-996
-995
-995
-995
-995
-993
-993
-995
-995
-995
-995
-996
-993
-994
-988
-995
-995
-994
-994
-995
-994
-996
-995
-995
-994
-988
-995
-995
-995
-994
-989
-989
-988
-994
-988
-994
-995
-996
-988
-994
-995
-994
-995
-994
-995
-995
-995
-931
-996
-989
-994
-996
-989
-988
-995
-995
-995
-995
-959
-995
-995
-995
-995
-994
-995
-995
-995
-994
-994
-995
-996
-996
-994
-994
-995
-994
-995
-989
-996
-995
-995
-989
-995
-989
-996
-995
-995
-995
-995
-995
-995
-995
-995
-995
-995
-988
-988
-989
-989
-996
-994
-996
-995
-995
-984
-995
-994
-995
-973
-997
-996
-987
-994
-995
-995
-983
-997
-995
-974
-959
-959
-994
-995
-959
-974
-994
-995
-959
-996
-994
-959
-994
-995
-959
-959
-995
-959
-994
-995
-959
-995
-995
-995
-959
-996
-959
-995
-959
-959
-995
-995
-996
-995
-995
-996
-994
-996
-959
-996
-995
-996
-995
-995
-996
-995
-995
-995
-995
-996
-995
-995
-995
-995
-995
-995
-995
-995
-995
-995
-995
-995
-995
-995
-996
-959
-996
-959
-959
-959
-996
-959
-996
-995
-995
-995
-995
-995
-959
-995
-996
-959
-996
-959
-995
-995
-996
-959
-959
-959
-995
-988
-995
-996
-959
-994
-995
-996
-960
-995
-996
-931
-996
-959
-996
-986
-996
-986
-995
-996
-959
-996
-959
-996
-959
-996
-959
-996
-959
-996
-959
-996
-959
-996
-995
-995
-995
-996
-959
-996
-959
-996
-959
-996
-959
-996
-988
-995
-996
-959
-996
-959
-996
-931
-996
-959
-996
-959
-996
-976
-959
-996
-959
-996
-985
-996
-903
-995
-996
-984
-995
-996
-931
-995
-996
-994
-995
-996
-959
-996
-995
-959
-996
-959
-996
-959
-996
-959
-996
-959
-975
-995
-996
-931
-996
-959
-996
-983
-996
-984
-995
-996
-976
-959
-996
-959
-996
-959
-996
-959
-996
-959
-996
-959
-996
-903
-996
-996
-973
-931
-996
-996
-959
201
-973
-996
-986
-987
-973
-974
-984
-995
-996
-975
-995
-996
-873
-995
-996
-986
-995
-996
-917
-996
-996
-996
-973
-988
-988
-986
-932
-974
-996
-971
-973
-986
-986
-974
-996
-996
-996
-996
-996
-971
-961
-974
-996
-973
-974
-996
-961
-974
-996
-974
-996
-987
-946
-974
-996
-976
-972
-996
-986
-986
-996
-973
-980
-969
-986
-986
-996
-986
-996
-996
-996
-984
-970
-996
-982
-982
-980
-974
-996
-980
-971
-974
-996
-982
-982
-974
-996
-987
-946
-996
-945
-971
-980
-994
-994
-994
-996
-964
-994
-971
-996
-970
-946
-994
-994
-995
-974
-996
-984
-957
-973
-996
-987
-987
-961
-974
-994
-995
-976
-995
-975
-976
-995
-974
-995
-996
-996
-996
-995
-974
-995
-973
-995
-959
-995
-996
-996
-996
-996
-996
-996
-987
-982
-966
-994
-974
-973
-996
-931
-973
-973
-959
-973
-996
-960
-994
-995
-996
-996
-987
-973
-995
-904
-995
-996
-996
-996
-974
-974
-974
-974
-981
-974
-995
-996
-996
-996
-971
-995
-973
-974
-995
-957
-995
-959
-996
-993
-996
-987
-991
-991
-974
-960
-995
-987
-985
-995
-932
-994
-994
-994
-994
-994
-995
-996
-960
-994
-994
-994
-994
-994
-994
-995
-996
-995
-960
-995
-960
-995
-996
-996
-987
-973
-996
-975
-995
-996
-960
-994
-995
-974
-975
-995
-996
-982
-974
-973
-971
-974
-994
-994
-995
-987
-976
-995
-994
-996
-960
-996
-982
-985
-973
-974
-994
-994
-994
-994
-996
-995
-994
-996
-994
-984
-973
-997
-987
-975
-985
-994
-996
-983
-994
-996
-983
-994
-996
-983
-994
-996
-985
-994
-994
-994
-994
-994
-994
-994
-994
-973
-997
-995
-986
-973
-996
-973
-987
-986
-996
-995
-988
-973
-996
-995
-973
-994
-996
-995
-994
-996
-981
-994
-996
-994
-996
-982
-994
-996
