agent: texplore
env: asterix
Environment is episodic.
set statesPerDim to 0 for all dim
feature 0 has range 30
feature 1 has range 30
feature 2 has range 30
reward range: 1001
Parallel ETUCT tracking real state values
Planner using history size: 0
start parallel uct planning search thread
Start model learning thread
Created MultClass 0 with nModels: 5
Created C4.5 decision tree 0 with == and > splits
Created C4.5 decision tree 6 with == and > splits
Created C4.5 decision tree 12 with == and > splits
Created C4.5 decision tree 18 with == and > splits
Created C4.5 decision tree 24 with == and > splits
Created MultClass 3 with nModels: 5
Created C4.5 decision tree 3 with == and > splits
Created C4.5 decision tree 9 with == and > splits
Created C4.5 decision tree 15 with == and > splits
Created C4.5 decision tree 21 with == and > splits
Created C4.5 decision tree 27 with == and > splits
Created MultClass 4 with nModels: 5
Created C4.5 decision tree 4 with == and > splits
Created C4.5 decision tree 10 with == and > splits
Created C4.5 decision tree 16 with == and > splits
Created C4.5 decision tree 22 with == and > splits
Created C4.5 decision tree 28 with == and > splits
Created MultClass 1 with nModels: 5
Created C4.5 decision tree 1 with == and > splits
Created C4.5 decision tree 7 with == and > splits
Created C4.5 decision tree 13 with == and > splits
Created C4.5 decision tree 19 with == and > splits
Created C4.5 decision tree 25 with == and > splits
Created MultClass 2 with nModels: 5
Created C4.5 decision tree 2 with == and > splits
Created C4.5 decision tree 8 with == and > splits
Created C4.5 decision tree 14 with == and > splits
Created C4.5 decision tree 20 with == and > splits
Created C4.5 decision tree 26 with == and > splits
-994
-994
-994
-994
-994
-981
-994
-995
-997
-995
-994
-992
-993
-996
-991
-995
-980
-995
-991
-995
-993
-991
-990
-995
-995
-990
-991
-995
-996
-995
-996
-996
-996
-989
-995
-996
-989
-995
-991
-996
-996
-995
-990
-994
-996
-992
-993
-995
-995
-994
-996
-992
-992
-992
-992
-992
-992
-996
-979
-997
-996
-996
-992
-997
-995
-997
-994
-995
-994
-996
-994
-996
-997
-996
-997
-996
-992
-994
-981
-992
-994
-993
-994
-991
-993
-993
-994
-992
-991
-995
-995
-996
-996
-996
-995
-993
-993
-996
-991
-995
-994
-980
-993
-996
-995
-994
-993
-995
-995
-995
-995
-996
-995
-996
-995
-996
-994
-995
-996
-992
-996
-995
-996
-995
-996
-995
-996
-996
-995
-996
-993
-995
-996
-995
-996
-993
-992
-995
-996
-992
-995
-996
-992
-994
-992
-995
-995
-995
-995
-995
-995
-995
-992
-994
-996
-994
-992
-995
-995
-992
-994
-992
-995
-995
-991
-982
-996
-995
-983
-980
-994
-996
-992
-982
-995
-995
-981
-995
-995
-995
-981
-995
-990
-995
-994
-981
-994
-994
-994
-992
-995
-995
-996
-995
-996
-995
-995
-995
-995
-997
-981
-995
-995
-995
-995
-995
-995
-990
-995
-995
-996
-990
-994
-967
-995
-995
-995
-992
-992
-995
-994
-992
-995
-995
-992
-992
-992
-992
-995
-994
-996
-992
-992
-992
-994
-992
-992
-992
-992
-992
-992
-992
-992
-992
-992
-992
-992
-991
-995
-992
-992
-992
-992
-992
-992
-992
-992
-995
-992
-992
-996
-996
-996
-996
-992
-995
-992
-992
-995
-992
-992
-992
-992
-994
-992
-992
-992
-994
-994
-995
-992
-995
-983
-939
-980
-992
-995
-967
-980
-995
-982
-992
-995
-994
-980
-977
-967
-982
-980
-980
-966
-980
-996
-995
-995
-995
-995
-995
-981
-995
-981
-997
-996
-996
-995
-995
-995
-995
-995
-995
-995
-995
-983
-995
-994
-980
-995
-995
-995
-981
-996
-995
-995
-995
-995
-995
-995
-995
-995
-995
-995
-995
-995
-995
-995
-995
-995
-995
-995
-995
-995
-995
-995
-995
-995
-995
-995
-995
-995
-995
-995
-995
-995
-995
-995
-995
-995
-995
-995
-995
-995
-995
-995
-995
-983
-969
-994
-980
-984
-984
-991
-982
-980
-995
-992
-995
-992
-993
-993
-982
-953
-996
-981
-996
-995
-995
-978
-991
-992
-977
-992
-995
-976
-964
-992
-992
-978
-996
-992
-992
-992
-977
-995
-992
-992
-995
-994
-992
-995
-995
-995
-995
-992
-996
-992
-992
-977
-953
-982
-992
-995
-992
-977
-981
-994
-955
-995
-982
-994
-977
-980
-953
-994
-981
-995
-995
-976
-982
-966
-981
-982
-995
-967
-962
-994
-981
-995
-940
-979
-977
-981
-949
-980
-954
-982
-981
-981
-995
-981
-981
-953
-995
-981
-977
-981
-925
-995
-995
-996
-995
-995
-995
-971
-969
-929
-995
-980
-971
-970
-990
-979
-983
-981
-982
-983
-995
-996
-995
-984
-985
-984
-983
-979
-984
-976
-983
-985
-975
-983
-975
-982
-979
-980
-995
-981
-996
-968
-982
-982
-969
-980
-954
-981
-996
-975
-957
-980
-981
-981
-980
-953
-996
-980
-980
-981
-997
-983
-975
-982
-995
-990
-991
-994
-995
-995
-991
-996
-995
-995
-975
-991
-994
-984
-966
-991
-994
-996
-995
-967
-995
-995
-995
-995
-995
-991
-994
-996
-995
-996
-995
-982
-995
-968
-995
-995
-995
-980
-980
-981
-952
-981
-981
-981
-969
-980
-981
-981
-994
-995
-995
-980
-952
-981
-994
-996
-995
-995
-926
-991
-954
-979
-940
-938
-995
-995
-995
-995
-995
-980
-981
-982
-940
-995
-995
-995
-995
-980
-952
-981
-982
-981
-982
-966
-995
-954
-994
-981
-996
-994
-991
-994
-981
-996
-982
-966
-995
-995
-995
-995
-925
-996
-968
-981
-982
-938
-968
-983
-996
-994
-965
-964
-994
-995
-995
-995
-995
-995
-995
-995
-969
-968
-983
-996
-975
-983
-969
-968
-983
-996
-981
-994
-982
-983
-994
-995
-977
-995
-971
-996
-992
-994
-991
-996
-992
-983
-996
-994
-995
-971
-996
-994
-982
-968
-971
-996
-994
-981
-996
-982
-983
-996
-984
-983
-996
-969
-971
-996
-969
-983
-983
-996
-971
-996
-975
-984
-975
-983
-996
-983
-996
-983
-996
-978
-982
-977
-969
-983
-996
-971
-996
-995
-969
-975
-995
-983
-996
-983
-996
-982
-995
-962
-994
-983
-996
-994
-991
-996
-992
-992
-992
-992
-994
-991
-996
-978
-991
-996
-981
-996
-978
-979
-992
-992
-992
-992
-982
-992
-992
-992
-978
-995
-979
-991
-996
-992
-992
-992
-992
-992
-992
-992
-992
-992
-992
-991
-996
-992
-992
-992
-968
-992
-992
-992
-992
-992
-992
-992
-992
-992
-992
-992
-992
-992
-992
-992
-992
-992
-992
-992
-992
-992
-992
-992
-992
-992
-992
-992
-992
-992
-992
-992
-991
-996
-992
-996
-995
-995
-996
-995
-991
-996
-991
-996
-995
-991
-995
-991
-994
-995
-995
-995
-980
-979
-983
-992
-996
-981
-952
-982
-967
-953
-969
-953
-966
-954
-995
-995
-995
-995
-995
-995
-995
-995
-995
-995
-995
-995
-953
-996
-979
-968
-953
-994
-952
-994
-995
-995
-982
-994
-995
-995
-980
-995
-995
-995
-995
-995
-995
-981
-992
-991
-996
-981
-994
-975
-952
-868
-954
-983
-969
-954
-995
-980
-938
-926
-995
-982
-955
-981
-996
-952
-926
-954
-955
-954
-980
-952
-982
-954
-966
-995
-980
-980
-954
-947
-980
-995
-982
-980
-980
-966
-981
-952
-980
-981
-968
-966
-980
-981
-981
-981
-981
-980
-981
-953
-981
-995
-996
-982
-982
-995
-995
-991
-938
-980
-980
-980
-939
-980
-980
-980
-995
-982
-967
-995
-967
-980
-981
-982
-983
-995
-983
-995
-983
-954
-982
-982
-980
-940
-995
-995
-995
-995
-996
-927
-962
-978
-980
-995
-995
-995
-966
-981
-992
-981
-924
-982
-913
-982
-981
