agent: texplore
env: asterix
Environment is episodic.
set statesPerDim to 0 for all dim
feature 0 has range 30
feature 1 has range 30
feature 2 has range 30
reward range: 1001
Parallel ETUCT tracking real state values
Planner using history size: 0
start parallel uct planning search thread
Start model learning thread
Created MultClass 0 with nModels: 5
Created C4.5 decision tree 0 with == and > splits
Created C4.5 decision tree 6 with == and > splits
Created C4.5 decision tree 12 with == and > splits
Created C4.5 decision tree 18 with == and > splits
Created C4.5 decision tree 24 with == and > splits
Created MultClass 3 with nModels: 5
Created C4.5 decision tree 3 with == and > splits
Created C4.5 decision tree 9 with == and > splits
Created C4.5 decision tree 15 with == and > splits
Created C4.5 decision tree 21 with == and > splits
Created C4.5 decision tree 27 with == and > splits
Created MultClass 4 with nModels: 5
Created C4.5 decision tree 4 with == and > splits
Created C4.5 decision tree 10 with == and > splits
Created C4.5 decision tree 16 with == and > splits
Created C4.5 decision tree 22 with == and > splits
Created C4.5 decision tree 28 with == and > splits
Created MultClass 1 with nModels: 5
Created C4.5 decision tree 1 with == and > splits
Created C4.5 decision tree 7 with == and > splits
Created C4.5 decision tree 13 with == and > splits
Created C4.5 decision tree 19 with == and > splits
Created C4.5 decision tree 25 with == and > splits
Created MultClass 2 with nModels: 5
Created C4.5 decision tree 2 with == and > splits
Created C4.5 decision tree 8 with == and > splits
Created C4.5 decision tree 14 with == and > splits
Created C4.5 decision tree 20 with == and > splits
Created C4.5 decision tree 26 with == and > splits
-995
-995
-994
-996
-995
-988
-994
-993
-988
-995
-993
-992
-980
-995
-996
-995
-996
-995
-990
-995
-995
-996
-995
-996
-995
-952
-997
-995
-995
-994
-994
-995
-992
-994
-992
-994
-992
-995
-995
-995
-995
-995
-995
-995
-995
-995
-995
-995
-995
-995
-995
-995
-995
-995
-995
-995
-995
-995
-996
-996
-996
-996
-994
-992
-994
-983
-994
-994
-995
-995
-994
-994
-994
-994
-995
-995
-995
-995
-995
-995
-994
-994
-995
-995
-994
-995
-994
-992
-994
-989
-995
-992
-994
-992
-977
-976
-984
-976
-981
-995
-979
-995
-977
-991
-982
-973
-993
-993
-991
-991
-990
-994
-985
-990
-994
-995
-995
-995
-990
-995
-994
-988
-995
-993
-993
-988
-995
-991
-995
-991
-987
-987
-995
-995
-995
-991
-996
-991
-995
-991
-996
-995
-987
-996
-987
-995
-991
-991
-995
-991
-996
-989
-986
-989
-996
-995
-996
-990
-989
-990
-990
-986
-996
-990
-990
-987
-989
-990
-989
-989
-973
-997
-990
-990
-989
-991
-986
-989
-989
-987
-997
-945
-995
-996
-987
-990
-990
-990
-996
-995
-990
-995
-995
-989
-987
-987
-986
-972
-959
-988
-994
-988
-988
-986
-988
-973
-945
-986
-988
-991
-988
-990
-990
-991
-991
-990
-988
-988
-988
-988
-988
-989
-988
-988
-988
-988
-988
-988
-988
-988
-988
-988
-988
-988
-988
-988
-988
-994
-988
-994
-988
-988
-988
-988
-988
-995
-988
-988
-995
-988
-994
-988
-988
-988
-993
-988
-995
-988
-973
-996
-945
-995
-995
-831
-931
-973
-973
-994
-973
-994
-994
-973
-995
-994
-996
-959
-995
-995
-995
-995
-995
-994
-973
-995
-973
-992
-973
-991
-945
-973
-995
-973
-973
-995
-945
-995
-996
-997
-996
-996
-996
-996
-993
-994
-973
-959
-959
-944
-945
-942
-996
-995
-959
-993
-933
-995
-931
-982
-994
-931
-973
-889
-918
-918
-995
-996
-996
-996
-996
-996
-996
-996
-996
-996
-996
-996
-995
-917
-917
-973
-959
-973
-917
-990
-994
-945
-917
-917
-945
-973
-917
-990
-995
-990
-990
-995
-990
-995
-990
-994
-917
-931
-990
-995
-995
-995
-985
-917
-917
-919
-995
-990
-995
-983
-917
-917
-917
-917
-959
-995
-917
-917
-918
-917
-917
-917
-917
-917
-917
-917
-917
-945
-917
-917
-917
-917
-917
-917
-917
-917
-982
-995
-917
-946
-995
-917
-917
-917
-917
-974
-973
-917
-917
-917
-917
-931
-995
-917
-917
-917
-917
-917
-917
-959
-995
-931
-973
-917
-917
-918
-945
-917
-959
-917
-945
-973
-889
-917
-917
-917
-917
-917
-959
-917
-917
-917
-917
-919
-917
-917
-917
-917
-917
-917
-917
-917
-918
-917
-945
-917
-918
-982
-994
-918
-995
-995
-918
-917
-917
-917
-917
-931
-917
-917
-917
-917
-917
-917
-917
-917
-946
-917
-917
-917
-917
-917
-960
-995
-917
-917
-917
-917
-917
-995
-917
-917
-917
-917
-945
-917
-917
-917
-917
-917
-917
-917
-917
-917
-919
-917
-917
-917
-917
-971
-917
-917
-917
-917
-917
-917
-917
-917
-917
-917
-917
-917
-917
-960
-995
-917
-917
-917
-917
-987
-917
-917
-917
-917
-917
-917
-945
-917
-917
-917
-943
-973
-889
-973
-917
-973
-973
-917
-917
-917
-917
-917
-917
-917
-917
-917
-917
-917
-917
-917
-917
-917
-917
-917
-917
-917
-917
-917
-917
-917
-917
-917
-917
-917
-917
-917
-917
-917
-917
-917
-917
-917
-954
-994
-917
-981
-917
-917
-917
-917
-917
-996
-996
-917
-996
-917
-996
-996
-917
-996
-996
-996
-996
-996
-996
-996
-996
-996
-996
-996
-996
-996
-996
-996
-996
-996
-996
-996
-996
-996
-996
-996
-996
-996
-996
-996
-996
-996
-996
-996
-996
-996
-996
-996
-996
-996
-996
-996
-996
-996
-932
-917
-917
-917
-917
-995
-917
-996
-917
-917
-996
-996
-996
-996
-996
-996
-996
-996
-996
-996
-996
-996
-996
-996
-996
-996
-996
-996
-996
-996
-996
-996
-996
-996
-996
-996
-996
-995
-917
-995
-917
-996
-996
-996
-996
-917
-917
-996
-996
-917
-995
-917
-995
-917
-917
-917
-917
-917
-917
-917
-996
-996
-996
-996
-996
-996
-996
-996
-996
-996
-996
-996
-974
-917
-996
-996
-996
-996
-917
-917
-996
-996
-996
-996
-996
-996
-996
-996
-996
-996
-917
-917
-996
-996
-996
-996
-996
-996
-996
-996
-996
-996
-996
-996
-996
-996
-996
-996
-996
-996
-996
-996
-996
-996
-996
-996
-996
-996
-996
-996
-996
-996
-996
-996
-996
-996
-996
-996
-996
-996
-996
-996
-996
-996
-996
-996
-996
-996
-996
-996
-996
-996
-996
-996
-996
-996
-996
-996
-996
-996
-995
-995
-995
-995
-995
-917
-996
-996
-996
-996
-996
-996
-996
-996
-996
-996
-996
-996
-996
-996
-996
-996
-996
-996
-996
-996
-996
-996
-996
-996
-996
-996
-996
-996
-996
-996
-996
-996
-996
-996
-996
-996
-996
-996
-996
-996
-996
-996
-996
-996
-996
-996
-996
-996
-996
-996
-996
-996
-996
-996
-996
-996
-996
-996
-996
-996
-996
-996
-995
-995
-995
-995
-917
-996
-996
-996
-996
-995
-973
-996
-996
-996
-996
-982
-917
-996
-995
-995
-995
-995
-995
-995
-995
-995
-995
-995
-995
-995
-995
-995
-995
-995
-995
-995
-995
-995
-973
-995
-959
-973
-996
-973
-995
-973
-995
-973
-995
-973
-995
-973
-995
-973
-995
-973
-995
-973
-995
-973
-995
-945
-995
-973
-995
-931
-982
-973
-995
-973
-995
-982
-973
-995
-982
-981
-973
-995
-973
-995
-982
-982
-982
-982
-994
-982
-994
-982
-932
-973
-995
-973
-995
-973
-995
-973
-995
-973
-995
-973
-995
-973
-995
-973
-995
-973
-995
-973
-973
-996
-973
-981
-973
-995
-973
-995
-973
-995
-973
-995
-973
-995
-973
-995
-973
-995
-973
-995
-973
-995
-973
-995
-973
-995
-973
-973
-973
-995
