agent: texplore
env: asterix
Environment is episodic.
set statesPerDim to 0 for all dim
feature 0 has range 30
feature 1 has range 30
feature 2 has range 30
reward range: 1001
Parallel ETUCT tracking real state values
Planner using history size: 0
Start model learning thread
start parallel uct planning search thread
Created MultClass 0 with nModels: 5
Created C4.5 decision tree 0 with == and > splits
Created C4.5 decision tree 6 with == and > splits
Created C4.5 decision tree 12 with == and > splits
Created C4.5 decision tree 18 with == and > splits
Created C4.5 decision tree 24 with == and > splits
Created MultClass 3 with nModels: 5
Created C4.5 decision tree 3 with == and > splits
Created C4.5 decision tree 9 with == and > splits
Created C4.5 decision tree 15 with == and > splits
Created C4.5 decision tree 21 with == and > splits
Created C4.5 decision tree 27 with == and > splits
Created MultClass 4 with nModels: 5
Created C4.5 decision tree 4 with == and > splits
Created C4.5 decision tree 10 with == and > splits
Created C4.5 decision tree 16 with == and > splits
Created C4.5 decision tree 22 with == and > splits
Created C4.5 decision tree 28 with == and > splits
Created MultClass 1 with nModels: 5
Created C4.5 decision tree 1 with == and > splits
Created C4.5 decision tree 7 with == and > splits
Created C4.5 decision tree 13 with == and > splits
Created C4.5 decision tree 19 with == and > splits
Created C4.5 decision tree 25 with == and > splits
Created MultClass 2 with nModels: 5
Created C4.5 decision tree 2 with == and > splits
Created C4.5 decision tree 8 with == and > splits
Created C4.5 decision tree 14 with == and > splits
Created C4.5 decision tree 20 with == and > splits
Created C4.5 decision tree 26 with == and > splits
-994
-994
-993
-991
-993
-993
-995
-991
-994
-994
-995
-994
-996
-982
-995
-997
-996
-997
-995
-995
-995
-996
-994
-996
-992
-996
-994
-992
-995
-995
-995
-994
-995
-992
-995
-996
-992
-990
-988
-987
-987
-994
-987
-987
-995
-987
-996
-987
-996
-987
-987
-987
-996
-995
-987
-989
-988
-989
-989
-989
-994
-987
-989
-989
-988
-988
-989
-994
-989
-994
-989
-994
-994
-995
-986
-992
-992
-994
-992
-996
-988
-992
-992
-989
-994
-992
-985
-995
-992
-988
-988
-992
-996
-988
-988
-988
-994
-994
-995
-986
-995
-988
-994
-996
-988
-995
-986
-994
-986
-995
-992
-994
-992
-992
-995
-987
-989
-995
-992
-987
-987
-987
-987
-972
-985
-996
-985
-987
-985
-989
-992
-987
-987
-987
-988
-996
-985
-996
-944
-995
-996
-973
-994
-995
-996
-989
-995
-985
-995
-989
-989
-995
-985
-985
-989
-995
-995
-995
-995
-988
-994
-995
-996
-995
-987
-988
-994
-995
-987
-989
-994
-995
-989
-973
-989
-989
-989
-989
-989
-989
-989
-989
-996
-995
-995
-973
-985
-986
-987
-996
-995
-996
-987
-987
-987
-987
-987
-987
-987
-987
-987
-987
-987
-985
-996
-972
-986
-995
-987
-987
-987
-987
-987
-987
-995
-985
-996
-987
-987
-987
-987
-995
-996
-995
-996
-995
-995
-996
-995
-995
-995
-995
-995
-996
-987
-987
-987
-987
-987
-987
-987
-987
-973
-987
-987
-987
-987
-987
-987
-994
-995
-995
-996
-987
-971
-987
-987
-995
-996
-987
-987
-987
-987
-987
-987
-995
-995
-987
-995
-996
-997
-995
-997
-995
-996
-987
-985
-995
-997
-973
-989
-995
-996
-995
-995
-997
-995
-973
-995
-987
-987
-987
-987
-987
-987
-995
-995
-995
-995
-995
-985
-995
-995
-995
-995
-995
-995
-995
-995
-995
-995
-995
-995
-995
-995
-995
-995
-995
-995
-995
-995
-995
-995
-995
-995
-987
-994
-996
-985
-957
-987
-995
-973
-945
-987
-995
-987
-995
-995
-945
-995
-996
-973
-995
-992
-987
-995
-987
-986
-995
-995
-994
-995
-989
-917
-984
-987
-984
-995
-861
-973
-997
-945
-996
-995
-996
-973
-985
-995
-985
-957
-995
-973
-973
-992
-993
-993
-993
-993
-993
-993
-993
-993
-993
-993
-993
-993
-993
-993
-993
-993
-993
-993
-993
-993
-993
-993
-993
-993
-993
-993
-993
-993
-993
-993
-993
-995
-975
-991
-992
-985
-995
-985
-995
-985
-985
-995
-987
-995
-973
-985
-995
-985
-995
-985
-995
-985
-995
-985
-995
-985
-995
-985
-995
-985
-992
-985
-995
-985
-995
-985
-995
-985
-995
-973
-991
-975
-917
-987
-995
-975
-973
-987
-987
-995
-945
-987
-943
-987
-987
-995
-987
-987
-987
-995
-987
-987
-995
-994
-995
-994
-995
-994
-995
-994
-987
-987
-987
-987
-987
-987
-987
-995
-987
-987
-987
-996
-987
-987
-995
-986
-994
-996
-986
-987
-995
-973
-973
-997
-987
-987
-987
-987
-987
-995
-945
-995
-973
-976
-973
-943
-987
-995
-991
-973
-984
-987
-973
-971
-959
-959
-959
-994
-987
-959
-987
-959
-987
-985
-973
-987
-959
-959
-987
-987
-987
-987
-987
-987
-987
-957
-973
-945
-989
-987
-971
-959
-959
-971
-959
-959
-959
-995
-973
-973
-971
-957
-959
-973
-973
-945
-959
-959
-917
-973
-992
-987
-973
-985
-945
-995
-945
-945
-973
-973
-973
-973
-973
-994
-987
-995
-971
-995
-995
-973
-987
-973
-995
-995
-995
-995
-995
-987
-995
-995
-995
-995
-995
-995
-995
-995
-995
-995
-995
-995
-995
-995
-995
-945
-995
-971
-973
-995
-971
-995
-987
-995
-987
-987
-887
-973
-973
-985
-973
-973
-995
-995
-973
-973
-985
-973
-973
-973
-985
-987
-997
-943
-985
-985
-973
-995
-995
-995
-985
-984
-976
-984
-985
-917
-995
-917
-995
-917
-992
-995
-973
-994
-931
-987
-917
-995
-917
-995
-973
-959
-917
-995
-917
-995
-917
-995
-917
-995
-917
-993
-917
-995
-973
-995
-991
-991
-991
-945
-995
-991
-973
-995
-991
-991
-973
-995
-917
-995
-991
-991
-991
-917
-973
-995
-917
-917
-917
-945
-995
-917
-995
-917
-995
-917
-995
-917
-917
-995
-917
-945
-995
-992
-994
-973
-995
-959
-992
-994
-992
-994
-992
-994
-973
-995
-973
-995
-992
-994
-992
-992
-945
-994
-917
-995
-945
-945
-995
-917
-995
-973
-959
-991
-945
-994
-992
-994
-992
-994
-971
-995
-991
-995
-992
-994
-992
-994
-992
-992
-973
-995
-992
-973
-973
-995
-992
-996
-973
-995
-995
-973
-995
-973
-995
-973
-995
-992
-994
-973
-994
-992
-994
-945
-992
-992
-992
-994
-973
-992
-992
-994
-992
-994
-959
-997
-994
-996
-991
-992
-996
-945
-973
-973
-973
-973
-973
-973
-992
-973
-973
-945
-991
-992
-994
-973
-959
-992
-994
-992
-994
-945
-992
-995
-990
-997
-992
-992
-996
-990
-971
-997
-996
-995
-945
-973
-917
-995
-917
-992
-995
-992
-995
-992
-995
-945
-973
-917
-889
-995
-992
-994
-945
-997
-996
-945
-991
-992
-995
-917
-997
-996
-959
-973
-992
-994
-997
-996
-973
-997
-996
-973
-997
-996
-991
-992
-996
-991
-992
-996
-991
-992
-996
-991
-973
-997
-996
-991
-992
-996
-991
-992
-996
-991
-991
-992
-996
-991
-992
-992
-996
-992
-995
-992
-994
-996
-973
-997
-996
-973
-997
-994
-997
-996
-991
-917
-997
-996
-917
-995
-917
-997
-996
-991
-997
-996
-917
-973
-997
-996
-987
-987
-997
-987
-997
-996
-959
-959
-997
-996
-973
-997
-996
-987
-997
-996
-987
-997
-996
-990
-997
-996
-973
-997
-996
-973
-997
-996
-987
-973
-959
-997
-994
-997
-994
-997
-996
-991
-997
-994
-997
-994
-959
-997
-996
-973
-997
-996
-973
-997
-996
-959
-997
-996
-987
-973
-997
-996
-987
-997
-996
-987
-997
-996
-973
-997
-996
