agent: texplore
env: asterix
Environment is episodic.
set statesPerDim to 0 for all dim
feature 0 has range 30
feature 1 has range 30
feature 2 has range 30
reward range: 1001
Parallel ETUCT tracking real state values
Planner using history size: 0
Start model learning threadstart parallel uct planning search thread

Created MultClass 0 with nModels: 5
Created C4.5 decision tree 0 with == and > splits
Created C4.5 decision tree 6 with == and > splits
Created C4.5 decision tree 12 with == and > splits
Created C4.5 decision tree 18 with == and > splits
Created C4.5 decision tree 24 with == and > splits
Created MultClass 3 with nModels: 5
Created C4.5 decision tree 3 with == and > splits
Created C4.5 decision tree 9 with == and > splits
Created C4.5 decision tree 15 with == and > splits
Created C4.5 decision tree 21 with == and > splits
Created C4.5 decision tree 27 with == and > splits
Created MultClass 4 with nModels: 5
Created C4.5 decision tree 4 with == and > splits
Created C4.5 decision tree 10 with == and > splits
Created C4.5 decision tree 16 with == and > splits
Created C4.5 decision tree 22 with == and > splits
Created C4.5 decision tree 28 with == and > splits
Created MultClass 1 with nModels: 5
Created C4.5 decision tree 1 with == and > splits
Created C4.5 decision tree 7 with == and > splits
Created C4.5 decision tree 13 with == and > splits
Created C4.5 decision tree 19 with == and > splits
Created C4.5 decision tree 25 with == and > splits
Created MultClass 2 with nModels: 5
Created C4.5 decision tree 2 with == and > splits
Created C4.5 decision tree 8 with == and > splits
Created C4.5 decision tree 14 with == and > splits
Created C4.5 decision tree 20 with == and > splits
Created C4.5 decision tree 26 with == and > splits
-993
-996
-990
-994
-995
-984
-996
-996
-994
-995
-992
-995
-984
-994
-974
-994
-996
-996
-995
-995
-995
-984
-995
-996
-988
-995
-988
-973
-993
-972
-994
-996
-996
-996
-996
-996
-996
-996
-996
-996
-996
-996
-997
-996
-996
-996
-997
-996
-991
-994
-994
-993
-996
-996
-996
-996
-996
-997
-996
-996
-996
-996
-980
-996
-991
-994
-995
-996
-995
-996
-995
-996
-995
-996
-995
-995
-996
-981
-995
-996
-995
-996
-995
-996
-995
-996
-994
-991
-995
-996
-995
-995
-981
-995
-995
-992
-992
-995
-996
-995
-995
-995
-995
-995
-996
-996
-992
-994
-994
-994
-995
-995
-991
-991
-992
-990
-989
-990
-994
-990
-994
-992
-990
-990
-990
-996
-976
-996
-996
-974
-990
-992
-990
-994
-992
-990
-990
-995
-994
-995
-989
-994
-992
-988
-994
-996
-995
-990
-994
-995
-995
-988
-995
-988
-986
-984
-995
-987
-995
-987
-959
-987
-995
-995
-988
-986
-973
-973
-986
-995
-987
-993
-989
-993
-987
-994
-987
-959
-994
-987
-995
-995
-995
-993
-994
-995
-995
-986
-994
-987
-987
-995
-995
-996
-987
-985
-989
-972
-984
-987
-989
-994
-987
-989
-995
-996
-995
-996
-989
-972
-995
-995
-995
-995
-995
-972
-989
-994
-995
-995
-995
-995
-973
-996
-995
-987
-994
-995
-987
-994
-987
-989
-995
-995
-995
-995
-995
-995
-995
-996
-989
-987
-987
-987
-959
-987
-987
-995
-995
-995
-995
-995
-995
-995
-987
-987
-987
-987
-996
-987
-987
-996
-987
-987
-987
-987
-996
-987
-989
-987
-994
-995
-995
-995
-987
-996
-989
-995
-987
-987
-989
-987
-987
-987
-996
-973
-987
-990
-989
-987
-990
-995
-989
-988
-988
-990
-990
-988
-990
-988
-988
-990
-990
-990
-987
-990
-987
-987
-990
-990
-990
-990
-990
-990
-990
-990
-990
-990
-990
-990
-987
-987
-987
-996
-990
-990
-995
-994
-995
-988
-990
-990
-990
-990
-995
-990
-995
-973
-987
-973
-917
-991
-995
-945
-931
-995
-991
-991
-991
-989
-985
-994
-973
-972
-984
-989
-991
-994
-975
-989
-989
-973
-995
-995
-991
-974
-995
-995
-994
-989
-989
-989
-973
-917
-974
-973
-996
-944
-918
-994
-973
-995
-994
-973
-973
-973
-945
-973
-973
-995
-889
-973
-959
-995
-973
-995
-987
-985
-973
-995
-973
-995
-945
-973
-995
-987
-995
-987
-995
-995
-994
-995
-994
-995
-985
-995
-973
-973
-995
-995
-995
-987
-995
-995
-995
-973
-995
-945
-973
-973
-987
-995
-995
-987
-994
-987
-994
-973
-973
-959
-994
-917
-987
-994
-987
-994
-945
-917
-987
-994
-987
-994
-987
-994
-945
-987
-994
-917
-917
-995
-995
-889
-959
-994
-987
-994
-987
-994
-987
-987
-985
-987
-959
-973
-959
-994
-985
-994
-987
-994
-985
-994
-959
-959
-973
-995
-973
-996
-973
-996
-917
-995
-995
-995
-995
-945
-987
-987
-994
-987
-994
-973
-996
-995
-995
-995
-995
-995
-995
-995
-995
-995
-995
-995
-995
-995
-995
-995
-995
-995
-995
-995
-995
-995
-995
-995
-995
-995
-995
-995
-995
-995
-995
-995
-995
-995
-995
-995
-995
-995
-995
-995
-995
-995
-995
-995
-995
-995
-995
-995
-995
-995
-995
-995
-995
-995
-995
-995
-995
-995
-995
-995
-995
-995
-995
-995
-995
-995
-995
-995
-995
-995
-995
-987
-996
-987
-987
-994
-987
-994
-959
-994
-957
-994
-945
-995
-995
-995
-995
-973
-987
-994
-987
-994
-987
-994
-985
-994
-957
-994
-985
-994
-985
-994
-985
-994
-985
-994
-985
-994
-973
-996
-995
-995
-995
-995
-995
-995
-995
-995
-995
-995
-995
-995
-995
-995
-995
-995
-995
-995
-995
-995
-995
-987
-994
-994
-987
-959
-995
-973
-992
-973
-945
-996
-959
-973
-987
-995
-987
-995
-957
-995
-985
-995
-917
-917
-973
-996
-985
-994
-985
-994
-987
-995
-987
-995
-987
-995
-987
-995
-987
-994
-987
-994
-987
-994
-985
-994
-946
-917
-945
-995
-987
-994
-973
-986
-987
-994
-987
-973
-987
-985
-985
-985
-973
-987
-995
-987
-995
-973
-957
-995
-973
-985
-973
-992
-973
-985
-994
-985
-994
-985
-994
-973
-959
-973
-973
-973
-973
-987
-987
-995
-959
-959
-973
-992
-987
-973
-973
-973
-996
-987
-945
-996
-945
-996
-987
-985
-994
-959
-973
-987
-973
-973
-973
-973
-973
-973
-973
-985
-917
-985
-995
-987
-995
-987
-985
-973
-987
-987
-973
-987
-987
-987
-987
-987
-987
-987
-959
-987
-995
-987
-987
-987
-987
-987
-985
-987
-987
-995
-987
-995
-987
-987
-987
-987
-987
-987
-959
-987
-995
-997
-987
-995
-987
-995
-987
-945
-987
-971
-987
-985
-985
-995
-959
-959
-987
-973
-973
-973
-973
-987
-987
-973
-987
-995
-987
-987
-987
-987
-987
-987
-987
-995
-987
-973
-985
-987
-903
-973
-973
-973
-987
201
-987
-987
-987
-987
-987
-987
-987
-995
-987
-987
-987
-995
-973
-957
-987
-819
-985
-985
-987
-987
-995
-985
-987
-985
-985
-985
-987
-987
-987
-987
-987
-987
-987
-987
-987
-987
-995
-987
-987
-995
-985
-985
-995
-987
-995
-987
-995
-987
-987
-995
-987
-971
-995
-985
-987
-987
-987
-995
-995
-987
-995
-995
-995
-995
-995
-995
-987
-995
-987
-987
-995
-995
-987
-973
-995
-987
-995
-987
-995
-987
-995
-985
-995
-945
-985
-994
-917
-973
-995
-971
-995
-985
-995
-987
-995
-987
-987
-973
-987
-995
-987
-973
-987
-995
-987
-995
-985
-995
-973
-973
-987
-987
-987
-987
-957
-957
-995
-987
-985
-995
-995
-987
-987
-987
-987
-973
-987
-987
-987
-987
-995
-985
-995
-959
-959
-973
-985
-995
-987
-987
-995
-973
-973
-973
-985
-985
-987
-987
-987
-995
-959
-985
-973
-995
-973
-985
-959
-995
-959
-995
-987
-971
-987
-973
-995
-973
