agent: texplore
env: asterix
Environment is episodic.
set statesPerDim to 0 for all dim
feature 0 has range 30
feature 1 has range 30
feature 2 has range 30
reward range: 1001
Parallel ETUCT tracking real state values
Planner using history size: 0
Start model learning thread
start parallel uct planning search thread
Created MultClass 0 with nModels: 5
Created C4.5 decision tree 0 with == and > splits
Created C4.5 decision tree 6 with == and > splits
Created C4.5 decision tree 12 with == and > splits
Created C4.5 decision tree 18 with == and > splits
Created C4.5 decision tree 24 with == and > splits
Created MultClass 3 with nModels: 5
Created C4.5 decision tree 3 with == and > splits
Created C4.5 decision tree 9 with == and > splits
Created C4.5 decision tree 15 with == and > splits
Created C4.5 decision tree 21 with == and > splits
Created C4.5 decision tree 27 with == and > splits
Created MultClass 4 with nModels: 5
Created C4.5 decision tree 4 with == and > splits
Created C4.5 decision tree 10 with == and > splits
Created C4.5 decision tree 16 with == and > splits
Created C4.5 decision tree 22 with == and > splits
Created C4.5 decision tree 28 with == and > splits
Created MultClass 1 with nModels: 5
Created C4.5 decision tree 1 with == and > splits
Created C4.5 decision tree 7 with == and > splits
Created C4.5 decision tree 13 with == and > splits
Created C4.5 decision tree 19 with == and > splits
Created C4.5 decision tree 25 with == and > splits
Created MultClass 2 with nModels: 5
Created C4.5 decision tree 2 with == and > splits
Created C4.5 decision tree 8 with == and > splits
Created C4.5 decision tree 14 with == and > splits
Created C4.5 decision tree 20 with == and > splits
Created C4.5 decision tree 26 with == and > splits
-994
-996
-994
-995
-994
-994
-996
-995
-995
-993
-995
-995
-996
-990
-996
-995
-995
-997
-997
-996
-995
-996
-996
-994
-995
-991
-995
-991
-991
-991
-991
-991
-976
-978
-995
-995
-994
-996
-995
-991
-992
-995
-994
-996
-991
-994
-996
-994
-994
-995
-992
-995
-992
-994
-992
-987
-995
-990
-966
-990
-990
-995
-990
-996
-992
-995
-996
-990
-995
-990
-990
-995
-995
-983
-995
-995
-962
-991
-996
-993
-990
-995
-990
-995
-995
-990
-995
-990
-995
-990
-990
-995
-990
-995
-990
-995
-990
-995
-990
-995
-995
-990
-996
-990
-996
-994
-986
-994
-996
-990
-975
-977
-994
-996
-990
-994
-996
-995
-994
-996
-990
-994
-996
-990
-994
-996
-991
-996
-991
-996
-990
-994
-996
-995
-994
-996
-995
-995
-990
-993
-997
-993
-997
-990
-990
-990
-995
-994
-996
-996
-979
-994
-970
-985
-990
-990
-990
-996
-996
-996
-989
-996
-989
-996
-989
-996
-987
-996
-988
-996
-990
-990
-996
-997
-990
-990
-990
-996
-997
-973
-973
-990
-987
-996
-997
-996
-997
-996
-990
-990
-990
-996
-990
-989
-970
-996
-989
-996
-992
-992
-996
-996
-996
-994
-994
-992
-995
-995
-995
-992
-996
-996
-996
-992
-989
-995
-995
-994
-990
-996
-990
-992
-984
-988
-996
-980
-988
-990
-983
-982
-983
-990
-996
-996
-986
-982
-988
-988
-988
-990
-994
-988
-996
-996
-988
-985
-988
-992
-994
-992
-992
-971
-973
-995
-995
-981
-975
-995
-953
-982
-995
-995
-993
-995
-975
-994
-994
-983
-994
-995
-995
-995
-966
-994
-994
-994
-973
-994
-981
-974
-995
-995
-995
-995
-995
-995
-995
-995
-995
-980
-994
-994
-994
-994
-994
-994
-994
-994
-994
-994
-994
-994
-994
-994
-994
-994
-994
-994
-994
-994
-994
-994
-994
-994
-994
-994
-994
-994
-994
-994
-994
-994
-994
-994
-994
-994
-994
-994
-995
-980
-983
-983
-974
-995
-994
-984
-994
-959
-995
-995
-995
-995
-995
-995
-995
-995
-995
-995
-995
-995
-995
-975
-994
-993
-994
-984
-995
-995
-995
-975
-995
-974
-995
-995
-995
-995
-995
-995
-995
-995
-995
-995
-996
-995
-995
-995
-996
-995
-995
-995
-995
-995
-995
-995
-995
-995
-995
-995
-995
-995
-995
-995
-995
-995
-995
-995
-995
-995
-995
-995
-995
-995
-995
-995
-995
-995
-995
-995
-995
-995
-995
-995
-995
-995
-995
-995
-995
-995
-995
-995
-995
-995
-995
-995
-995
-995
-995
-995
-995
-995
-995
-995
-995
-995
-995
-995
-995
-995
-995
-996
-995
-995
-995
-996
-995
-996
-995
-975
-993
-995
-975
-995
-996
-995
-996
-995
-962
-994
-993
-995
-995
-983
-996
-995
-995
-995
-996
-995
-995
-982
-995
-995
-995
-977
-993
-980
-967
-995
-995
-995
-995
-995
-995
-995
-995
-995
-996
-995
-995
-995
-995
-995
-995
-995
-995
-995
-980
-994
-994
-995
-996
-995
-995
-995
-996
-995
-995
-995
-995
-996
-995
-995
-995
-995
-995
-995
-996
-995
-995
-995
-995
-995
-995
-995
-995
-995
-995
-995
-996
-995
-995
-996
-995
-995
-995
-995
-995
-995
-995
-995
-994
-982
-995
-995
-995
-951
-994
-995
-995
-994
-995
-994
-995
-994
-994
-995
-995
-994
-996
-994
-995
-994
-995
-994
-994
-994
-994
-970
-974
-995
-994
-995
-994
-994
-994
-995
-994
-994
-994
-994
-990
-994
-994
-994
-980
-981
-994
-994
-994
-994
-994
-994
-994
-978
-994
-994
-994
-994
-994
-994
-994
-994
-994
-994
-994
-994
-995
-994
-995
-994
-994
-994
-994
-994
-994
-994
-994
-994
-994
-994
-994
-994
-994
-994
-994
-994
-994
-994
-994
-994
-994
-994
-994
-994
-995
-994
-994
-994
-994
-994
-994
-994
-994
-994
-980
-980
-990
-977
-994
-976
-980
-977
-977
-977
-994
-982
-977
-977
-982
-994
-980
-976
-977
-977
-977
-995
-994
-977
-976
-977
-977
-976
-994
-995
-994
-981
-977
-982
-994
-977
-994
-995
-994
-995
-994
-977
-994
-977
-980
-995
-980
-976
-977
-972
-995
-976
-974
-977
-995
-976
-989
-994
-996
-989
-995
-990
-980
-982
-981
-995
-976
-974
-994
-989
-995
-990
-982
-974
-990
-983
-995
-980
-977
-980
-977
-982
-982
-982
-980
-977
-977
-977
-982
-982
-982
-980
-977
-980
-989
-995
-990
-977
-980
-989
-995
-990
-990
-982
-990
-990
-989
-990
-990
-989
-995
-990
-990
-995
-996
-995
-989
-990
-989
-982
-990
-977
-981
-988
-979
-996
-981
-989
-981
-981
-989
-988
-996
-981
-996
-975
-980
-996
-988
-988
-995
-959
-977
-972
-983
-995
-989
-995
-977
-981
-989
-980
-984
-989
-976
-989
-989
-989
-917
-981
-977
-977
-974
-976
-959
-994
-959
-995
-977
-974
-977
-970
-977
-995
-994
-984
-973
-984
-996
-977
-994
-995
-981
-975
-989
-977
-982
-989
-990
-989
-995
-990
-980
-989
-995
-989
-982
-980
-996
-977
-982
-974
-981
-981
-975
-976
-995
-981
-975
-976
-981
-975
-977
-981
-981
-975
-975
-989
-995
-990
-954
-983
-982
-988
-981
-973
-988
-990
-981
-975
-980
-988
-982
-975
-973
-982
-960
-977
-984
-981
-982
-985
-976
-976
-917
-977
-971
-995
-974
-995
-996
-989
-975
-989
-990
-989
-989
-989
-996
-990
-995
-973
-989
-990
-987
-988
-987
-973
-988
-945
-970
-960
-889
-945
-975
-974
-972
-995
-996
-995
-996
-995
-945
-994
-990
-993
-995
-996
-995
-996
-993
-993
-995
-995
-996
-995
-990
-995
-995
-990
-993
-993
-993
-993
-993
-993
-993
-993
-993
-993
-993
-993
-993
-993
-993
-993
-993
-993
-993
-993
-993
-993
-993
-995
-993
-993
-993
-993
-993
-993
-993
-993
-993
-993
-993
-993
-993
-993
-993
-993
-995
-993
-995
-993
-995
-993
-995
-993
-993
-995
-993
-995
-995
-989
-996
-993
