agent: texplore
env: fuelworld
Environment is episodic.
set statesPerDim to 0 for all dim
feature 0 has range 20
feature 1 has range 30
feature 2 has range 61
reward range: 400
Parallel ETUCT tracking real state values
Planner using history size: 0
Start model learning thread
Created MultClass 0 with nModels: 5
start parallel uct planning search thread
Created C4.5 decision tree 0 with == and > splits
Created C4.5 decision tree 6 with == and > splits
Created C4.5 decision tree 12 with == and > splits
Created C4.5 decision tree 18 with == and > splits
Created C4.5 decision tree 24 with == and > splits
Created MultClass 3 with nModels: 5
Created C4.5 decision tree 3 with == and > splits
Created C4.5 decision tree 9 with == and > splits
Created C4.5 decision tree 15 with == and > splits
Created C4.5 decision tree 21 with == and > splits
Created C4.5 decision tree 27 with == and > splits
Created MultClass 4 with nModels: 5
Created C4.5 decision tree 4 with == and > splits
Created C4.5 decision tree 10 with == and > splits
Created C4.5 decision tree 16 with == and > splits
Created C4.5 decision tree 22 with == and > splits
Created C4.5 decision tree 28 with == and > splits
Created MultClass 1 with nModels: 5
Created C4.5 decision tree 1 with == and > splits
Created C4.5 decision tree 7 with == and > splits
Created C4.5 decision tree 13 with == and > splits
Created C4.5 decision tree 19 with == and > splits
Created C4.5 decision tree 25 with == and > splits
Created MultClass 2 with nModels: 5
Created C4.5 decision tree 2 with == and > splits
Created C4.5 decision tree 8 with == and > splits
Created C4.5 decision tree 14 with == and > splits
Created C4.5 decision tree 20 with == and > splits
Created C4.5 decision tree 26 with == and > splits
-418.6
-417
-418.2
-418.6
-418.2
-417.6
-420.6
-420.4
-420.6
-416.6
-418.2
-416.8
-652
-419.6
-422
-420.8
-418.4
-1207.2
-420.2
-465.2
-506.2
-422
-418.2
-516.2
-611.6
-502.4
-139.8
-509.8
-1083
-418
-132.8
-1214.2
-266.6
-632.4
-685.6
-105.8
-395.4
-505.2
-126.8
-418
-415.6
-506.8
-417.2
-419.2
-509
-416.4
-416.6
-417.8
-417.4
-418
-122.4
-420
-417.8
-417
-418
-416.6
-415.2
-415.6
-416.6
-101.8
-95.4
-153.6
-83.6
-84.8
-87.2
-126.4
-101.8
-85.8
-170.6
-140.2
-95.6
-85.2
-465.8
-96.4
-102.4
-111.6
-96.8
-458.4
-132.4
-550.2
-101.4
-60.2
-78
-127.6
-55.6
-82.6
-52.8
-56.8
-52.4
-52.2
-97
-84.8
-135
-56.6
-88.6
-85.4
-54.8
-53
-79
-128.8
-49.8
-130.4
-91
-97.2
-56.6
-97.8
-53.4
-47.4
-96.2
-54.4
-88.6
-53.8
-94.6
-54.6
-60.4
-51.4
-53
-81.2
-47
-53.4
-61.4
-51
-58
-56.6
-52.8
-55.2
-135.6
-55.8
-49.4
-52.8
-75
-56.6
-56.2
-50.4
-52.2
-57
-50.6
-55.4
-57.8
-59.6
-60.4
-53.4
-78.4
-56.2
-49.2
-54.6
-53.8
-49.8
-67.6
-53.6
-71.6
-50.4
-52.8
-55.8
-86.8
-52.4
-57.4
-54.6
-55
-47.6
-54.2
-47.2
-49.2
-51.8
-78.4
-53.4
-56.4
-53.2
-51.4
-55.4
-54.4
-84.6
-49
-51.6
-59.4
-47.4
-46.2
-51
-54.6
-53.4
-89.2
-152.8
-51
-50.2
-57.4
-54
-53.4
-57
-48.8
-54
-53.2
-52
-70.2
-48.8
-62.2
-50.4
-52
-54.6
-45
-54
-51.6
-56.2
-54.8
-78.4
-55.2
-58.6
-51.4
-54.6
-52.2
-49
-51.8
-53.6
-50.8
-49.4
-75.2
-54.4
-54.6
-53.8
-52.2
-56.8
-53.2
-70.4
-77.4
-48
-46.4
-52.8
-49.4
-49.2
-53.8
-52.6
-47
-53.6
-57.2
-52
-57
-78.4
-48.4
-57.4
-52.6
-68.4
-52.4
-51.6
-56
-47.8
-50
-49
-51
-49.2
-416.8
-52.8
-47.6
-50.4
-48.4
-54.2
-51.8
-48.6
-50.2
-51.8
-57.2
-56.4
-49
-73
-56
-54.2
-51.2
-54
-74.4
-51
-52.4
-45.4
-75.8
-54.4
-51.2
-52.6
-46
-49.8
-71
-54.6
-54
-51
-50
-52.2
-56.2
-49.6
-49.4
-50.6
-48.4
-50.6
-53
-55.2
-48.4
-48
-62.4
-78.2
-54.2
-55.4
-49.4
-71
-48.8
-53
-51.6
-50
-50
-48
-56
-50
-49
-48.2
-49.2
-47.8
-56.4
-54.2
-51.4
-47.6
-47.8
-46.2
-60.2
-53.8
-51
-55.2
-55
-66
-55.2
-74
-54.6
-78.6
-48.4
-72
-57.4
-59.6
-54.4
-56
-57.2
-57.4
-50.8
-48.8
-50.2
-51.6
-52.4
-52.6
-47
-79.4
-52.4
-54.8
-52.4
-51
-49.2
-52
-58.2
-47.6
-57.4
-59.2
-50
-49.8
-58.6
-50.4
-50.6
-49
-48.6
-52.4
-53
-47.6
-50.2
-52.8
-50.6
-50
-55
-47.4
-46.4
-74
-50.8
-54.6
-55.4
-56.4
-76.8
-50
-49.6
-55.6
-59.8
-61.6
-54.8
-60.8
-48.4
-49.2
-57.2
-54.8
-47.4
-73
-47.8
-57.2
-51.6
-54
-54.8
-54.2
-52
-57
-52.4
-75.6
-57.4
-74.6
-48
-56.6
-51.4
-57.4
-57.8
-48
-47.2
-50.6
-51.8
-53
-50.4
-67
-47.4
-45.6
-50.6
-55.8
-52
-54.6
-54.2
-72
-52.8
-57.6
-52.4
-53.2
-66.6
-55.6
-48.6
-47.6
-69.6
-56
-47.4
-51.4
-53.6
-52.2
-46
-54.4
-79.6
-50.2
-55.8
-50.8
-49
-60.2
-54
-52.6
-46.2
-57.4
-54.6
-53.4
-59.2
-52
-50.4
-47
-47.6
-50
-55
-57.2
-54.4
-50.4
-51.6
-50.2
-58
-51.8
-50
-51.8
-55.8
-50.2
-51
-54.8
-55.6
-49.8
-54.8
-53.6
-53
-50.8
-51
-50.6
-52.4
-56.4
-55.8
-59.4
-50.2
-54.2
-50.6
-53
-47.4
-51
-48.8
-48.4
-55
-51.6
-48.4
-54.6
-51.4
-55.8
-50.6
-50.8
-48.8
-74.6
-50.6
-65.6
-47.2
-53
-52.6
-48.6
-45.6
-55
-52.2
-75
-59.8
-50
-52.4
-58.4
-53.4
-52.6
-49
-51.8
-48.2
-53.2
-55.8
-84.4
-54.4
-58.4
-50.6
-48.6
-55.6
-55.2
-49.4
-56
-52.4
-53.4
-49.6
-56.4
-80.4
-48.4
-81
-50
-53.8
-54.2
-54
-52.4
-53.8
-50.8
-51.8
-51.6
-78.4
-47.8
-73
-51.8
-54.4
-50.8
-53.4
-57.8
-46.6
-50.4
-55
-51.8
-51
-58.4
-51.4
-55.8
-60.6
-52
-51
-51.2
-49.4
-56.4
-51.8
-53.2
-53.8
-53.2
-48.4
-47
-51
-54.4
-52.8
-50.4
-54.6
-51.4
-55.6
-47.6
-50
-53.4
-49.6
-49.8
-50.8
-53.2
-47.4
-54.2
-52.4
-50.2
-53.4
-53.6
-52
-56.4
-52.6
-52.6
-48
-52.2
-51.4
-53.6
-55
-66.6
-52.6
-54.4
-64.2
-49.2
-53.8
-55
-55.6
-53.2
-54.8
-53
-55
-53.6
-53.2
-53.4
-57.2
-53.4
-47
-52.4
-52.6
-55.6
-52.2
-59.8
-55.2
-54.2
-53.8
-54.4
-50
-50.8
-54
-51.2
-49.8
-52.6
-53.2
-52.2
-92
-47
-65.4
-56
-57.8
-81
-52.2
-49.4
-55.4
-79
-54
-55.6
-49.2
-48.2
-59.8
-74.2
-49
-50.6
-61.2
-53.2
-46.6
-99
-44.6
-54
-82
-66.6
-51.4
-60.6
-46.2
-55.8
-54.8
-59.4
-57.4
-51.4
-50.2
-52.6
-54
-49.8
-55.4
-78.6
-53.6
-54.4
-53
-47.8
-48.8
-51.6
-50.8
-49.8
-51.2
-51.6
-71.4
-81.6
-46.4
-51.8
-55.6
-54.8
-58.6
-47.4
-56
-55.8
-51
-52
-47
-56.6
-50.6
-49
-54.2
-53
-53.2
-48.6
-52.6
-51.6
-52
-51.8
-50.2
-74.8
-71
-52.8
-52.6
-50
-53.8
-48.2
-50.6
-70.6
-52.8
-50.4
-54
-53.4
-48
-49.6
-50.2
-53.4
-53
-50.6
-54.4
-55.4
-54.6
-81.2
-57.4
-50.4
-50
-50
-46
-51.2
-47.6
-53.6
-49.8
-49.6
-55.2
-60
-55.4
-48.4
-52.6
-49.4
-48.8
-48.6
-61.2
-53.2
-69.2
-57.8
-71
-57.8
-53.4
-55.6
-48.4
-54.4
-50.2
-56.8
-47.4
-61
-60.4
-49.8
-62.6
-56.8
-47.6
-49.4
-55.6
-48
-50
-58.4
-53.2
-51.8
-55.8
-48
-54.6
-54
-52.8
-51
-54
-54.4
-47.4
-51.8
-51.4
-49.6
-48.6
-49.6
-54.6
-50
-54.2
-50.4
-51.4
-49.4
-56
-73.6
-50.8
-49.4
-49.8
-47.2
-57.8
-55.8
-53.8
-54.4
-77.8
-52.4
-51
-53.2
-53.8
-48.4
-63.2
-56.2
-53.8
-50.8
-50.6
-50
-48.4
-50.8
-55.2
-54.4
-52.6
-50.4
-45.6
-49
-51.8
-50.4
-55.6
-55.2
-49.4
-82.4
-48.8
-48.6
-68.4
-79.2
-52.8
-45.6
-54.6
-54.4
-54
-55
-56.2
-54.8
-47.2
-53
-56
-48.8
-54
-53
-48.6
-54.2
-55.6
-54.4
-78.8
-56.2
-51.4
-54
-56.2
-58.4
-53
-60.6
-50.4
-51.8
-53
-51.2
-72.6
-48.8
-73.2
-52.6
-50.4
-53.6
-51.4
-52.4
-50.2
-49
-54.8
-51.4
-54.4
-49.4
-54.8
-55.2
-51.2
-60
-50.6
-55.6
-54.8
-49.6
-55.4
-53
-54.2
-52.8
-52.6
-52.2
-52.2
-48.2
-44
-55.8
-50.6
-48
-59.2
-52.8
-51
-50
-53.8
-77.4
-48
-56.2
-62
-55.4
-50.8
-53.4
-56.2
-48.6
-46.8
-50
-54.6
-51.4
-51.2
-48.6
-53
-56
-49
-53.2
-45.6
-54
-81
-54.6
-56.4
-53.8
-54.4
-45.8
-52
-71.2
-54.2
-52.2
-46.6
-50.4
-48.6
-51.8
-50.2
-48.8
-54
-51.2
-69.8
-50.4
-56.6
-58.8
-50
-47
-72
-47.8
-57
-56.6
-55.6
-57.6
-51.4
-50.4
-46
-52.4
-58
-52.4
-53.2
-62.2
-66
-53
-53.8
-55.6
-48.6
-56.2
-52.2
-74.4
-51.4
-53
-52.2
-52.8
-58.4
-50.2
-55.2
-46.4
-47.2
-52
-48.4
-53.8
-59.8
-62.8
-49.4
-53.6
-60.4
-49.6
-49.6
-63.4
-70.6
-78
-51.8
-61.6
-57.6
-55.4
