agent: texplore
env: asterix
Feature Selection: 0
Environment is episodic.
set statesPerDim to 0 for all dim
feature 0 has range 30
feature 1 has range 30
feature 2 has range 30
feature 3 has range 30
reward range: 1020
Parallel ETUCT tracking real state values
Planner using history size: 0
Start model learning thread
start parallel uct planning search thread
Created MultClass 0 with nModels: 5
Created C4.5 decision tree 0 with == and > splits
Created C4.5 decision tree 6 with == and > splits
Created C4.5 decision tree 12 with == and > splits
Created C4.5 decision tree 18 with == and > splits
Created C4.5 decision tree 24 with == and > splits
Created MultClass 4 with nModels: 5
Created C4.5 decision tree 4 with == and > splits
Created C4.5 decision tree 10 with == and > splits
Created C4.5 decision tree 16 with == and > splits
Created C4.5 decision tree 22 with == and > splits
Created C4.5 decision tree 28 with == and > splits
Created MultClass 5 with nModels: 5
Created C4.5 decision tree 5 with == and > splits
Created C4.5 decision tree 11 with == and > splits
Created C4.5 decision tree 17 with == and > splits
Created C4.5 decision tree 23 with == and > splits
Created C4.5 decision tree 29 with == and > splits
Created MultClass 1 with nModels: 5
Created C4.5 decision tree 1 with == and > splits
Created C4.5 decision tree 7 with == and > splits
Created C4.5 decision tree 13 with == and > splits
Created C4.5 decision tree 19 with == and > splits
Created C4.5 decision tree 25 with == and > splits
Created MultClass 2 with nModels: 5
Created C4.5 decision tree 2 with == and > splits
Created C4.5 decision tree 8 with == and > splits
Created C4.5 decision tree 14 with == and > splits
Created C4.5 decision tree 20 with == and > splits
Created C4.5 decision tree 26 with == and > splits
Created MultClass 3 with nModels: 5
Created C4.5 decision tree 3 with == and > splits
Created C4.5 decision tree 9 with == and > splits
Created C4.5 decision tree 15 with == and > splits
Created C4.5 decision tree 21 with == and > splits
Created C4.5 decision tree 27 with == and > splits
-997
-991
-996
-995
-993
-991
-994
-994
-996
-993
-996
-996
-994
-994
-993
-994
-994
-995
-997
-996
-995
-994
-994
-995
-997
-995
-997
-994
-990
-994
-994
-994
-994
-996
-997
-990
-994
-994
-995
-992
-997
-996
-995
-989
-995
-997
-997
-995
-996
-994
-986
-995
-994
-995
-995
-995
-987
-994
-995
-995
-991
-995
-994
-995
-995
-994
-994
-977
-994
-994
-993
-995
-994
-996
-994
-994
-994
-995
-994
-994
-994
-995
-995
-995
-994
-995
-995
-995
-992
-994
-994
-994
-995
-995
-996
-995
-993
-995
-994
-994
-994
-992
-991
-995
-995
-995
-995
-995
-994
-995
-995
-995
-995
-995
-994
-952
-987
-981
-994
-995
-994
-994
-992
-989
-995
-980
-985
-980
-995
-979
-995
-996
-995
-995
-991
-996
-989
-995
-980
-994
-979
-987
-989
-995
-980
-980
-983
-979
-980
-979
-979
-979
-987
-979
-979
-987
-979
-979
-990
-996
-988
-986
-989
-983
-981
-990
-961
-980
-982
-990
-958
-990
-987
-996
-974
-990
-990
-996
-996
-996
-996
-996
-996
-996
-996
-996
-996
-996
-996
-996
-996
-996
-996
-996
-996
-996
-996
-996
-996
-996
-996
-996
-996
-996
-996
-996
-996
-996
-996
-996
-996
-996
-996
-996
-996
-996
-996
-996
-996
-996
-996
-996
-996
-996
-996
-996
-996
-996
-996
-996
-996
-996
-996
-996
-996
-996
-996
-996
-996
-996
-996
-996
-996
-996
-996
-996
-996
-996
-996
-996
-996
-996
-996
-996
-996
-996
-996
-996
-996
-996
-996
-996
-996
-996
-996
-996
-986
-990
-966
-959
-996
-975
-968
-986
-980
-986
-892
-974
-986
-848
-961
201
201
-967
201
201
-991
-991
201
201
-935
201
201
-918
-960
-960
-890
-974
-959
-946
-975
-973
-974
-960
-959
-973
-876
201
-946
-974
-890
-890
201
-931
-974
-992
201
201
201
201
201
-908
201
201
-890
201
-990
-990
-989
201
201
201
201
201
201
201
201
201
-990
-990
201
201
201
201
-990
201
-990
201
201
201
201
201
201
201
201
201
201
201
201
201
201
201
201
201
201
201
201
201
201
201
201
201
201
201
201
201
-884
-884
201
201
-947
201
-950
-884
201
201
-940
-940
-940
201
-856
-968
-968
-968
-940
-950
201
201
201
201
201
201
201
-936
-828
201
201
201
201
201
-856
-835
-947
201
201
201
201
201
-987
201
201
201
-875
-987
-987
-959
201
201
201
201
201
201
201
201
201
201
201
201
201
201
201
201
201
201
201
201
201
201
201
201
201
201
201
201
201
201
-806
-993
-974
-993
201
-834
-993
201
201
201
201
201
-890
-992
-993
-918
-994
-946
-994
-992
-918
-992
-993
201
-918
-944
-890
-993
201
201
201
201
201
201
201
201
201
201
201
201
201
201
201
201
201
201
201
201
201
201
201
201
201
-874
-959
-987
-987
-945
201
201
201
201
201
201
201
201
201
201
201
201
201
201
201
-981
201
201
201
201
201
201
201
201
201
201
201
201
201
201
201
201
201
201
201
201
201
201
201
201
201
-869
-919
-848
-988
-988
-988
-960
-988
-988
-988
-988
-904
-988
-988
-988
-988
-988
-988
-988
-988
-988
-959
-932
-988
-988
-988
-975
-969
-989
-989
-971
-960
-988
-988
-988
-848
-988
-988
-988
201
201
201
201
201
201
201
201
201
201
201
201
201
201
201
201
201
201
201
201
201
201
201
201
201
201
201
201
201
201
201
201
201
201
201
201
201
201
201
201
201
201
201
201
201
201
201
201
201
201
-884
-903
-926
201
201
201
201
201
201
201
201
201
201
201
201
201
201
201
201
201
201
201
201
201
201
201
201
201
201
201
201
201
201
201
201
201
201
201
201
201
201
-818
-986
-986
-986
-986
-986
-986
-986
-986
-986
-986
-986
-986
-972
-986
-986
-986
-986
-986
-986
-986
-986
-986
-986
-986
-986
-986
-986
-986
-986
-986
-986
-986
-986
-986
-986
-986
-986
-986
-986
-986
-986
-986
-986
-986
-986
-986
-986
-986
-986
-986
-986
-986
-986
-986
-986
-986
-986
-986
-986
-986
-986
-986
-986
-986
-986
-986
-986
-986
-986
-986
-986
-986
-986
-986
-986
-986
-986
-986
-986
-986
-986
-986
-986
-986
-986
-986
-986
-986
-986
-986
-986
-986
-986
-986
-986
-986
-986
-986
-986
-986
-986
-986
-986
-986
-986
-986
-986
-986
-986
-986
-986
-986
-986
-986
-986
-986
-986
-986
-986
-986
-986
-986
-986
-986
-986
-986
-986
-986
-986
-986
-986
-986
-986
-986
-986
-986
-986
-986
-986
-986
-986
-986
-986
-986
-986
-986
-986
-986
-986
-986
-986
-986
-986
-986
-986
-986
-986
-986
-986
-986
-986
-986
-986
-986
-986
-986
-986
-986
-986
-986
-986
-986
-986
-986
-986
-986
-986
-986
-986
-986
-986
-986
-986
-986
-986
-986
-986
-986
-986
-986
-986
-986
-986
-986
-986
-986
-986
-986
-986
-986
-986
-986
-986
-986
-986
-986
-986
-986
-986
-986
-986
-986
-986
-986
-986
-986
-986
-986
-986
-986
-986
-986
-986
-986
-986
-986
-986
-986
-986
-986
-986
-986
-986
-986
-986
-986
-986
-986
-986
-986
-986
-986
-986
-986
-986
-986
-986
-986
-986
-986
-986
-986
-986
-986
-986
-986
-986
-986
-986
-986
-986
-986
-986
-986
-986
-986
-986
-986
-986
-986
-986
-986
-986
-986
-986
-986
-986
-986
-986
-986
-986
-986
-986
-986
-986
-986
-986
-986
-986
-986
-986
-986
-986
-986
-986
-986
-986
-986
-986
-986
-986
-986
-986
-986
-986
-986
-986
-986
-986
-986
-986
-986
-986
-986
