agent: texplore
env: asterix
Feature Selection: 0
Environment is episodic.
set statesPerDim to 0 for all dim
feature 0 has range 30
feature 1 has range 30
feature 2 has range 30
feature 3 has range 30
reward range: 1020
Parallel ETUCT tracking real state values
Planner using history size: 0
Start model learning thread
start parallel uct planning search thread
Created MultClass 0 with nModels: 5
Created C4.5 decision tree 0 with == and > splits
Created C4.5 decision tree 6 with == and > splits
Created C4.5 decision tree 12 with == and > splits
Created C4.5 decision tree 18 with == and > splits
Created C4.5 decision tree 24 with == and > splits
Created MultClass 4 with nModels: 5
Created C4.5 decision tree 4 with == and > splits
Created C4.5 decision tree 10 with == and > splits
Created C4.5 decision tree 16 with == and > splits
Created C4.5 decision tree 22 with == and > splits
Created C4.5 decision tree 28 with == and > splits
Created MultClass 5 with nModels: 5
Created C4.5 decision tree 5 with == and > splits
Created C4.5 decision tree 11 with == and > splits
Created C4.5 decision tree 17 with == and > splits
Created C4.5 decision tree 23 with == and > splits
Created C4.5 decision tree 29 with == and > splits
Created MultClass 1 with nModels: 5
-995
Created C4.5 decision tree 1 with == and > splits
Created C4.5 decision tree 7 with == and > splits
Created C4.5 decision tree 13 with == and > splits
Created C4.5 decision tree 19 with == and > splits
Created C4.5 decision tree 25 with == and > splits
Created MultClass 2 with nModels: 5
Created C4.5 decision tree 2 with == and > splits
Created C4.5 decision tree 8 with == and > splits
Created C4.5 decision tree 14 with == and > splits
Created C4.5 decision tree 20 with == and > splits
Created C4.5 decision tree 26 with == and > splits
Created MultClass 3 with nModels: 5
Created C4.5 decision tree 3 with == and > splits
Created C4.5 decision tree 9 with == and > splits
Created C4.5 decision tree 15 with == and > splits
Created C4.5 decision tree 21 with == and > splits
Created C4.5 decision tree 27 with == and > splits
-994
-994
-996
-994
-994
-994
-995
-995
-994
-994
-985
-989
-997
-994
-996
-995
-994
-994
-982
-996
-994
-995
-995
-995
-995
-994
-994
-995
-992
-993
-990
-992
-994
-975
-975
-992
-992
-996
-992
-995
-995
-996
-992
-992
-992
-994
-989
-989
-992
-992
-992
-989
-995
-992
-991
-992
-992
-992
-992
-992
-982
-994
-982
-991
-995
-984
-994
-977
-992
-979
-995
-994
-982
-994
-989
-994
-996
-994
-991
-921
-991
-991
-996
-994
-996
-994
-996
-994
-992
-994
-996
-994
-996
-994
-996
-994
-996
-994
-997
-994
-994
-994
-994
-994
-994
-990
-997
-994
-994
-959
-994
-994
-995
-996
-917
-994
-994
-987
-994
-997
-917
-945
-995
-995
-959
-987
-964
-994
-945
-980
-861
-917
-964
-992
-992
-946
-992
-918
-987
-987
-992
-992
-992
-974
-987
-992
-973
-958
-959
-974
-987
-987
-974
-946
-931
-973
-985
-987
-959
-994
-987
-987
-987
-987
-987
-987
-987
-987
-987
-987
-987
-987
-987
-987
-987
-987
-987
-987
-987
-987
-987
-987
-987
-987
-987
-987
-987
-987
-987
-987
-987
-987
-987
-987
-987
-987
-987
-987
-987
-987
-987
-987
-987
-987
-987
-987
-987
-987
-987
-987
-987
-987
-987
-987
-987
-987
-987
-987
-987
-987
-987
-987
-987
-987
-987
-987
-987
-987
-987
-987
-987
-987
-987
-987
-987
-987
-987
-987
-987
-987
-987
-987
-987
-987
-987
-987
-987
-987
-987
-987
-987
-987
-987
-987
-987
-987
-987
-987
-987
-987
-987
-987
-987
-987
-987
-987
-987
-987
-987
-987
-987
-987
-987
-978
-957
-987
-988
-987
-987
-987
-987
-987
-987
-987
-959
-987
-973
-987
-987
-987
-973
-987
-987
-987
-987
-987
-987
-987
-987
-987
-987
-987
-987
-987
-988
-987
-959
-993
-987
-987
-987
-987
-987
-987
-993
-993
-988
-987
-959
-993
-993
-993
-993
-993
-987
-930
-917
-902
201
-987
-847
-987
201
201
-833
-973
201
-917
-973
-973
-917
-973
-973
-973
-973
-973
-818
-959
-939
-945
-939
-996
-969
-996
-973
-987
-945
-996
-973
-996
-996
-995
-996
-973
-996
-996
-987
-996
-996
-996
-995
-996
-996
-996
-996
-996
-973
-996
-996
-996
-996
-996
-973
-996
-932
-987
-996
-996
-995
-996
-891
-987
-996
-988
-939
-987
-987
-939
-899
-987
-987
-996
-995
-996
-973
-987
-987
-987
-987
-987
-987
-987
-987
-987
-987
-987
-987
-987
-996
-827
-987
-955
-987
-917
-917
-917
-912
-889
-987
-945
-987
-889
-987
-987
-987
-987
-917
-987
-987
-987
-940
-904
-970
-932
-988
-988
-988
-996
-975
-973
-988
-954
-988
-988
-988
-988
-988
-988
-987
-987
-987
-988
-988
-988
-988
-988
-987
-988
-988
-988
-988
-988
-988
-988
-988
-988
-988
-988
-988
-988
-988
-988
-988
-988
-988
-988
-988
-988
-988
-988
-988
-988
-988
-988
-988
-988
-988
-988
-988
-988
-988
-988
-988
-988
-988
-988
-988
-988
-988
-988
-988
-988
-988
-988
-988
-988
-988
-988
-988
-988
-988
-988
-988
-988
-988
-988
-988
-988
-988
-988
-988
-988
-988
-988
-988
-988
-988
-988
-988
-988
-988
-988
-988
-988
-988
-988
-988
-988
-988
-988
-988
-988
-988
-988
-988
-988
-988
-988
-988
-988
-988
-988
-988
-988
-988
-988
-988
-988
-988
-988
-988
-988
-988
-988
-988
-988
-988
-988
-988
-988
-988
-988
-988
-988
-988
-988
-988
-988
-988
-988
-988
-988
-988
-988
-988
-988
-988
-988
-988
-988
-988
-988
-988
-988
-988
-988
-988
-988
-988
-988
-988
-988
-988
-988
-988
-988
-988
-988
-988
-988
-988
-988
-988
-988
-988
-988
-988
-988
-988
-988
-988
-988
-988
-988
-988
-988
-988
-988
-988
-988
-988
-988
-988
-988
-988
-988
-988
-988
-988
-988
-988
-988
-988
-988
-988
-988
-988
-988
-988
-988
-988
-988
-988
-988
-988
-988
-988
-988
-988
-988
-988
-988
-988
-988
-988
-988
-988
-988
-988
-988
-988
-988
-988
-988
-988
-988
-988
-988
-988
-988
-988
-988
-988
-988
-988
-988
-988
-988
-988
-988
-988
-988
-988
-988
-988
-988
-988
-988
-988
-988
-988
-988
-988
-988
-988
-988
-988
-988
-988
-988
-988
-988
-926
-982
-924
-948
-948
-976
-821
-975
-976
-989
-886
-946
-989
-890
-961
201
-989
201
-890
201
-918
201
-877
201
201
201
201
-946
-961
-946
-961
201
201
201
201
201
201
201
-946
-989
-946
-989
201
201
201
201
201
201
201
201
201
201
201
201
201
201
201
201
201
201
201
201
201
201
201
201
201
201
201
201
201
201
201
201
201
201
201
-994
-958
201
-944
-996
201
-860
-961
-986
-917
-832
-973
201
201
201
-958
-961
-986
-945
-986
-996
-986
-996
-986
-940
-986
-996
-986
201
201
201
201
201
-958
-856
-986
-996
-986
-996
-986
-996
-986
201
-986
-996
-986
-996
-972
-996
201
201
201
201
201
201
201
-944
-996
-986
-996
-986
-996
-958
-996
-986
-996
201
201
201
201
201
201
201
201
201
-996
-917
201
201
-942
-970
-845
-903
-945
-967
-981
-967
-945
201
201
201
201
201
201
-830
-945
201
-917
-967
201
201
-935
201
-945
-967
201
201
-945
-917
-942
-913
-917
-917
-907
-981
-981
-945
-945
-945
-942
-907
-945
-858
-945
201
-914
-970
201
-942
-885
201
201
-917
-833
-915
-885
201
-988
-988
-988
-960
-943
201
-988
-988
201
-988
-988
-988
-988
-988
-914
-942
-830
-970
-988
-988
-988
-988
-988
-988
-988
-988
-988
-988
-988
-988
-988
-988
-988
-988
-988
-988
-988
-988
-988
-988
-988
-988
-988
-988
-988
-988
-988
-988
-988
-988
-988
-988
-988
-988
-914
-970
-970
-970
-970
-970
-970
-970
-970
