agent: texplore
env: asterix
Feature Selection: 0
Environment is episodic.
set statesPerDim to 0 for all dim
feature 0 has range 30
feature 1 has range 30
feature 2 has range 30
feature 3 has range 30
reward range: 1020
Parallel ETUCT tracking real state values
Planner using history size: 0
Start model learning thread
start parallel uct planning search thread
Created MultClass 0 with nModels: 5
Created C4.5 decision tree 0 with == and > splits
Created C4.5 decision tree 6 with == and > splits
Created C4.5 decision tree 12 with == and > splits
Created C4.5 decision tree 18 with == and > splits
Created C4.5 decision tree 24 with == and > splits
Created MultClass 4 with nModels: 5
Created C4.5 decision tree 4 with == and > splits
Created C4.5 decision tree 10 with == and > splits
Created C4.5 decision tree 16 with == and > splits
Created C4.5 decision tree 22 with == and > splits
Created C4.5 decision tree 28 with == and > splits
Created MultClass 5 with nModels: 5
Created C4.5 decision tree 5 with == and > splits
Created C4.5 decision tree 11 with == and > splits
Created C4.5 decision tree 17 with == and > splits
Created C4.5 decision tree 23 with == and > splits
Created C4.5 decision tree 29 with == and > splits
Created MultClass 1 with nModels: 5
Created C4.5 decision tree 1 with == and > splits
Created C4.5 decision tree 7 with == and > splits
Created C4.5 decision tree 13 with == and > splits
Created C4.5 decision tree 19 with == and > splits
-994
Created C4.5 decision tree 25 with == and > splits
Created MultClass 2 with nModels: 5
Created C4.5 decision tree 2 with == and > splits
Created C4.5 decision tree 8 with == and > splits
Created C4.5 decision tree 14 with == and > splits
Created C4.5 decision tree 20 with == and > splits
Created C4.5 decision tree 26 with == and > splits
Created MultClass 3 with nModels: 5
Created C4.5 decision tree 3 with == and > splits
Created C4.5 decision tree 9 with == and > splits
Created C4.5 decision tree 15 with == and > splits
Created C4.5 decision tree 21 with == and > splits
Created C4.5 decision tree 27 with == and > splits
-994
-995
-992
-980
-995
-996
-996
-996
-994
-994
-992
-994
-994
-996
-992
-983
-996
-994
-996
-992
-994
-995
-996
-996
-978
-994
-994
-996
-996
-996
-994
-996
-997
-994
-977
-995
-989
-996
-992
-996
-996
-991
-991
-992
-991
-991
-996
-992
-994
-994
-991
-988
-990
-996
-990
-996
-996
-996
-995
-995
-987
-991
-996
-989
-996
-991
-996
-996
-992
-994
-991
-988
-995
-994
-989
-996
-988
-994
-989
-996
-989
-996
-980
-987
-989
-996
-991
-996
-992
-996
-994
-987
-996
-995
-987
-996
-994
-987
-996
-994
-987
-996
-994
-987
-996
-987
-996
-995
-995
-995
-996
-995
-995
-995
-995
-995
-981
-996
-997
-996
-996
-996
-996
-995
-995
-996
-996
-996
-997
-996
-987
-996
-996
-985
-995
-995
-994
-996
-996
-996
-996
-996
-996
-996
-996
-996
-996
-996
-996
-996
-996
-996
-996
-996
-996
-996
-996
-996
-996
-996
-996
-996
-996
-994
-985
-996
-996
-996
-996
-962
-994
-994
-995
-981
-985
-994
-993
-989
-995
-994
-979
-994
-995
-985
-929
-973
-995
-995
-994
-973
-995
-981
-994
-973
-994
-994
-957
-994
-811
-945
-986
-917
-981
-994
-995
-995
-995
-983
-995
-945
-889
-981
-994
-994
-994
-994
-994
-994
-994
-994
-994
-994
-994
-979
-994
-994
-994
-994
-994
-994
-925
-994
-994
-995
-841
-953
-820
-931
-953
-974
-974
-959
-974
-987
-987
-986
-987
-987
-987
-986
-987
-987
-987
-987
-987
-987
-987
-987
-987
-987
-987
-987
-987
-987
-987
-987
-987
-987
-987
-987
-987
-987
-987
-987
-987
-988
-988
-988
-988
-987
-987
-988
-988
-987
-987
-987
-987
-987
-988
-988
-988
-987
-987
-987
-988
-987
-987
-988
-988
-988
-988
-988
-988
-988
-988
-988
-988
-987
-987
-987
-987
-987
-987
-987
-988
-988
-988
-988
-988
-988
-986
-987
-988
-987
-988
-988
-987
-988
-987
-988
-988
-988
-988
-988
-988
-988
-988
-988
-988
-988
-988
-988
-988
-988
-988
-988
-988
-988
-988
-988
-988
-988
-988
-988
-988
-988
-988
-988
-988
-988
-988
-988
-988
-988
-988
-988
-988
-988
-988
-988
-988
-988
-988
-988
-988
-996
-986
-996
-996
-996
-996
-995
-974
-995
-995
-995
-995
-995
-995
-995
-995
-986
-995
-995
-995
-995
-995
-995
-995
-996
-996
-995
-995
-995
-995
-995
-995
-995
-995
-995
-995
-995
-995
-995
-995
-995
-995
-995
-995
-995
-995
-995
-995
-995
-995
-995
-995
-995
-995
-995
-995
-995
-995
-995
-995
-995
-995
-995
-995
-995
-995
-995
-995
-995
-995
-995
-995
-995
-995
-995
-995
-995
-995
-995
-995
-995
-995
-995
-995
-995
-995
-995
-995
-995
-995
-995
-995
-995
-995
-995
-995
-995
-995
-995
-995
-995
-995
-995
-995
-995
-995
-995
-995
-995
-995
-995
-995
-995
-995
-995
-995
-995
-995
-995
-995
-995
-995
-995
-995
-995
-995
-995
-995
-995
-995
-995
-995
-995
-995
-995
-995
-995
-995
-995
-995
-995
-995
-995
-995
-995
-995
-995
-995
-995
-995
-995
-995
-995
-995
-995
-995
-995
-995
-995
-995
-995
-995
-995
-995
-995
-995
-995
-995
-995
-995
-995
-995
-995
-995
-995
-995
-995
-995
-995
-995
-995
-995
-995
-995
-995
-995
-995
-995
-995
-995
-995
-995
-995
-995
-995
-995
-995
-995
-995
-995
-995
-995
-995
-995
-995
-995
-995
-995
-995
-995
-995
-995
-995
-995
-995
-995
-995
-995
-995
-995
-995
-995
-995
-995
-995
-995
-995
-995
-995
-995
-995
-995
-995
-995
-995
-995
-995
-995
-995
-995
-995
-995
-995
-995
-995
-995
-995
-995
-995
-995
-995
-995
-995
-995
-995
-995
-995
-995
-995
-995
-995
-995
-995
-995
-995
-995
-995
-995
-995
-995
-995
-995
-995
-995
-995
-995
-995
-995
-995
-995
-995
-995
-995
-995
-995
-995
-995
-995
-995
-995
-995
-995
-995
-995
-995
-995
-995
-995
-995
-995
-995
-995
-995
-995
-995
-995
-995
-995
-995
-995
-995
-995
-995
-995
-995
-995
-995
-995
-995
-995
-995
-995
-995
-995
-995
-995
-995
-995
-995
-995
-995
-995
-995
-995
-995
-995
-995
-995
-995
-995
-995
-995
-995
-995
-995
-995
-995
-995
-995
-995
-995
-995
-995
-995
-995
-995
-995
-995
-995
-995
-995
-995
-995
-995
-995
-995
-995
-995
-995
-995
-995
-995
-995
-995
-995
-995
-995
-995
-995
-995
-995
-995
-995
-995
-995
-995
-995
-995
-995
-995
-995
-995
-995
-995
-995
-995
-995
-995
-995
-995
-995
-995
-995
-995
-995
-995
-995
-995
-995
-995
-995
-995
-995
-995
-995
-995
-995
-995
-995
-973
-973
-982
-971
-996
-996
-973
-996
-968
-986
-994
-973
-972
-973
201
201
-996
-994
201
-996
201
201
201
201
201
201
201
-996
201
201
201
-987
-972
201
201
201
201
201
201
201
201
201
201
201
201
201
201
201
201
201
201
201
201
201
-974
-989
-932
-959
-975
-961
-917
-988
-975
-974
-931
201
201
201
201
201
201
201
201
201
-820
-947
-975
-988
-849
-988
-975
201
201
201
-919
-975
-975
-975
-975
-961
201
201
201
201
201
201
201
201
201
201
201
201
201
201
201
201
-959
201
201
201
201
201
201
201
201
201
201
201
201
201
201
201
201
201
201
201
201
201
201
201
201
-968
-982
-968
-983
-950
-936
-870
-903
-988
-862
-972
-986
-917
-902
-970
-986
-816
-946
201
-917
-916
201
201
201
201
-889
201
201
201
201
201
201
-846
201
-875
-917
201
201
-818
-874
201
-931
-987
-973
-973
-987
-959
-959
-973
-987
-973
-959
201
201
201
201
201
201
201
201
-819
-931
201
201
-959
-949
201
-986
-972
-862
-972
-987
-861
201
