agent: texplore
env: asterix
Feature Selection: 0
Environment is episodic.
set statesPerDim to 0 for all dim
feature 0 has range 30
feature 1 has range 30
feature 2 has range 30
feature 3 has range 30
reward range: 1020
Parallel ETUCT tracking real state values
Planner using history size: 0
Start model learning thread
start parallel uct planning search thread
Created MultClass 0 with nModels: 5
Created C4.5 decision tree 0 with == and > splits
Created C4.5 decision tree 6 with == and > splits
Created C4.5 decision tree 12 with == and > splits
Created C4.5 decision tree 18 with == and > splits
Created C4.5 decision tree 24 with == and > splits
Created MultClass 4 with nModels: 5
Created C4.5 decision tree 4 with == and > splits
Created C4.5 decision tree 10 with == and > splits
Created C4.5 decision tree 16 with == and > splits
Created C4.5 decision tree 22 with == and > splits
Created C4.5 decision tree 28 with == and > splits
Created MultClass 5 with nModels: 5
Created C4.5 decision tree 5 with == and > splits
Created C4.5 decision tree 11 with == and > splits
Created C4.5 decision tree 17 with == and > splits
Created C4.5 decision tree 23 with == and > splits
Created C4.5 decision tree 29 with == and > splits
Created MultClass 1 with nModels: 5
Created C4.5 decision tree 1 with == and > splits
Created C4.5 decision tree 7 with == and > splits
Created C4.5 decision tree 13 with == and > splits
Created C4.5 decision tree 19 with == and > splits
Created C4.5 decision tree 25 with == and > splits
Created MultClass 2 with nModels: 5
Created C4.5 decision tree 2 with == and > splits
Created C4.5 decision tree 8 with == and > splits
Created C4.5 decision tree 14 with == and > splits
Created C4.5 decision tree 20 with == and > splits
Created C4.5 decision tree 26 with == and > splits
Created MultClass 3 with nModels: 5
Created C4.5 decision tree 3 with == and > splits
Created C4.5 decision tree 9 with == and > splits
Created C4.5 decision tree 15 with == and > splits
Created C4.5 decision tree 21 with == and > splits
Created C4.5 decision tree 27 with == and > splits
-991
-992
-997
-994
-995
-990
-994
-994
-995
-993
-996
-960
-996
-995
-996
-993
-996
-996
-993
-994
-991
-995
-993
-995
-995
-995
-989
-993
-987
-995
-994
-987
-995
-987
-997
-995
-996
-991
-996
-996
-997
-996
-997
-994
-997
-997
-997
-987
-997
-994
-994
-995
-992
-997
-996
-973
-997
-918
-997
-917
-994
-994
-994
-994
-994
-994
-994
-994
-994
-994
-994
-994
-994
-994
-994
-994
-994
-994
-994
-994
-994
-994
-994
-987
-997
-997
-997
-997
-997
-997
-997
-997
-997
-997
-997
-997
-997
-997
-997
-997
-997
-997
-987
-987
-987
-987
-987
-987
-997
-997
-987
-997
-997
-987
-997
-996
-996
-997
-993
-987
-987
-987
-987
-987
-987
-987
-987
-987
-987
-987
-996
-987
-959
-988
-989
-986
-988
-987
-984
-973
-989
-958
-974
-988
-988
-988
-988
-988
-988
-988
-988
-988
-988
-948
-988
-988
-988
-988
-988
-988
-988
-988
-988
-988
-988
-988
-988
-995
-988
-995
-988
-995
-994
-988
-994
-988
-994
-988
-994
-988
-995
-988
-988
-994
-988
-994
-988
-995
-988
-995
-988
-995
-988
-995
-988
-980
-988
-994
-988
-995
-972
-995
-988
-994
-973
-988
-988
-994
-988
-994
-988
-995
-995
-978
-988
-995
-988
-995
-988
-994
-988
-995
-988
-994
-988
-994
-988
-994
-988
-994
-988
-988
-995
-988
-988
-988
-988
-988
-988
-988
-988
-988
-988
-988
-995
-988
-995
-988
-994
-988
-995
-988
-995
-988
-995
-988
-995
-988
-994
-988
-995
-995
-994
-988
-995
-995
-988
-994
-988
-994
-988
-994
-988
-995
-988
-988
-988
-988
-988
-988
-988
-988
-988
-988
-988
-988
-988
-974
-974
-946
-946
-972
-985
-985
-987
-993
-993
-993
-994
-946
-862
-966
-994
-990
-974
-974
201
201
201
-975
-862
-974
-994
-946
-974
-994
-994
-994
-994
-994
-974
-974
-974
-974
-918
-994
-994
-994
-952
-980
-994
-994
-994
-994
-994
-881
-974
-994
-994
-994
-974
-955
-980
-974
-980
-974
-994
-994
-994
-994
-994
-994
-994
201
201
-911
-948
201
-989
-800
-973
-980
-970
-980
-968
-996
-980
201
-874
-986
-972
-958
-973
-928
-940
-996
-984
-989
-928
-972
-980
-984
-996
-996
-972
-980
-944
-972
-916
201
-916
-952
-944
201
-944
-944
201
-984
-956
-956
-944
-860
-860
-888
201
201
201
-992
201
201
201
201
-981
201
201
201
201
201
201
201
201
201
201
201
201
201
201
201
201
201
201
201
201
-975
201
201
201
201
201
201
201
201
201
201
201
201
201
201
201
201
201
201
201
201
201
201
201
201
201
201
201
201
201
-959
-992
-980
-959
-973
-974
-959
-959
-959
-959
-973
-959
-973
-973
-973
-973
-973
-973
-973
-973
-973
-973
-973
-973
-973
-973
-973
-973
-973
-973
-973
-973
-973
-973
-973
-973
-973
-973
-973
-973
-973
-973
-973
-973
-973
-973
-973
-973
-973
-973
-973
-973
-973
-973
-973
-973
-973
-973
-973
-973
-973
-973
-973
-973
-973
-973
-973
-973
-973
-973
-973
-973
-973
-973
-973
-973
-973
-973
-973
-973
-973
-973
-973
-973
-973
-973
-973
-973
-973
-973
-973
-973
-973
-973
-973
-973
-973
-973
-973
-973
-973
-973
-973
-973
-973
-973
-973
-973
-973
-973
-973
-973
-973
-973
-973
-973
-973
-973
-973
-973
-973
-973
-973
-973
-973
-973
-973
-973
-973
-973
-973
-973
-973
-973
-973
-973
-973
-973
-973
-973
-973
-973
-973
-973
-973
-973
-973
-973
-973
-973
-973
-973
-973
-973
-973
-973
-973
-973
-973
-973
-973
-973
-973
-973
-973
-973
-973
-973
-973
-973
-973
-973
-973
-973
-973
-973
-973
-973
-973
-973
-973
-973
-973
-973
-973
-973
-973
-973
-973
-973
-973
-973
-973
-973
-973
-973
-973
-973
-973
-973
-973
-973
-973
-973
-973
-973
-973
-973
-973
-973
-973
-973
-973
-973
-973
-973
-973
-973
-973
-973
-973
-973
-973
-973
-973
-973
-973
-973
-973
-973
-973
-973
-973
-973
-973
-973
-973
-973
-973
-973
-973
-973
-973
-973
-973
-973
-973
-973
-973
-973
-959
-973
-973
-945
-973
-959
-973
-987
-959
201
201
-983
-945
-833
201
201
-821
-854
-816
201
201
201
201
201
201
201
201
201
201
201
201
201
201
201
201
201
201
201
201
201
201
201
201
201
201
201
-958
-905
-846
201
201
-874
-958
-846
-816
201
-958
-919
201
-874
-902
201
-818
-958
-958
-958
-930
-958
-958
-958
-958
-958
-958
-958
-958
-958
-958
-958
-958
-958
-958
-958
-958
-958
-958
-958
-958
-958
-958
-958
-958
-958
-958
-958
-958
-818
-958
-958
-958
201
-902
-958
-958
-930
-958
-958
-958
-958
-958
-902
-874
-958
-930
-958
201
201
201
201
201
201
201
201
201
201
201
201
201
-974
-918
201
201
201
201
201
201
201
201
201
201
201
201
201
201
201
201
201
201
201
201
201
201
201
201
-974
201
-974
201
201
201
201
201
201
201
201
201
201
201
201
201
201
201
201
201
201
201
201
201
201
201
201
201
201
201
201
201
201
-841
-946
-981
201
201
201
201
201
201
201
201
201
201
201
201
201
201
201
201
201
201
201
201
201
201
201
201
201
201
201
-931
201
201
201
201
201
201
201
201
201
201
201
201
201
201
201
201
201
201
201
201
201
201
201
201
201
201
201
201
201
201
201
201
201
201
201
201
201
201
201
201
201
201
201
201
201
201
201
201
201
201
201
201
201
201
201
201
201
201
201
201
-843
-843
201
-927
201
-815
-927
201
201
201
