agent: texplore
env: asterix
Feature Selection: 0
Environment is episodic.
set statesPerDim to 0 for all dim
feature 0 has range 30
feature 1 has range 30
feature 2 has range 30
feature 3 has range 30
reward range: 1020
Parallel ETUCT tracking real state values
Planner using history size: 0
Start model learning threadstart parallel uct planning search thread

Created MultClass 0 with nModels: 5
Created C4.5 decision tree 0 with == and > splits
Created C4.5 decision tree 6 with == and > splits
Created C4.5 decision tree 12 with == and > splits
Created C4.5 decision tree 18 with == and > splits
Created C4.5 decision tree 24 with == and > splits
Created MultClass 4 with nModels: 5
Created C4.5 decision tree 4 with == and > splits
Created C4.5 decision tree 10 with == and > splits
Created C4.5 decision tree 16 with == and > splits
Created C4.5 decision tree 22 with == and > splits
Created C4.5 decision tree 28 with == and > splits
Created MultClass 5 with nModels: 5
Created C4.5 decision tree 5 with == and > splits
Created C4.5 decision tree 11 with == and > splits
Created C4.5 decision tree 17 with == and > splits
Created C4.5 decision tree 23 with == and > splits
Created C4.5 decision tree 29 with == and > splits
Created MultClass 1 with nModels: 5
Created C4.5 decision tree 1 with == and > splits
Created C4.5 decision tree 7 with == and > splits
-996
Created C4.5 decision tree 13 with == and > splits
Created C4.5 decision tree 19 with == and > splits
Created C4.5 decision tree 25 with == and > splits
Created MultClass 2 with nModels: 5
Created C4.5 decision tree 2 with == and > splits
Created C4.5 decision tree 8 with == and > splits
Created C4.5 decision tree 14 with == and > splits
Created C4.5 decision tree 20 with == and > splits
Created C4.5 decision tree 26 with == and > splits
Created MultClass 3 with nModels: 5
Created C4.5 decision tree 3 with == and > splits
Created C4.5 decision tree 9 with == and > splits
Created C4.5 decision tree 15 with == and > splits
Created C4.5 decision tree 21 with == and > splits
Created C4.5 decision tree 27 with == and > splits
-980
-995
-995
-994
-995
-993
-994
-996
-995
-993
-990
-991
-995
-996
-995
-996
-994
-995
-992
-994
-995
-976
-992
-994
-994
-996
-994
-996
-994
-994
-990
-982
-991
-987
-995
-982
-994
-994
-994
-992
-971
-987
-996
-994
-994
-959
-982
-987
-981
-966
-995
-994
-987
-994
-992
-995
-994
-994
-995
-992
-994
-995
-994
-995
-996
-995
-995
-994
-994
-992
-994
-994
-994
-988
-992
-992
-994
-994
-994
-994
-994
-994
-981
-988
-991
-994
-972
-992
-992
-975
-994
-992
-997
-987
-996
-992
-996
-975
-992
-995
-987
-992
-991
-996
-991
-996
-995
-994
-991
-996
-994
-995
-992
-991
-991
-992
-991
-992
-992
-996
-994
-987
-995
-996
-987
-995
-987
-996
-987
-997
-994
-994
-988
-996
-994
-987
-996
-995
-997
-992
-994
-994
-995
-997
-996
-992
-995
-992
-994
-992
-997
-997
-997
-997
-997
-992
-987
-997
-992
-997
-959
-997
-989
-997
-987
-997
-997
-996
-981
-992
-997
-929
-995
-991
-995
-997
-996
-995
-996
-994
-994
-994
-956
-995
-995
-996
-995
-996
-995
-997
-996
-991
-994
-996
-995
-996
-994
-994
-995
-996
-995
-997
-997
-994
-973
-987
-997
-992
-992
-992
-995
-995
-992
-997
-992
-997
-875
-996
-996
-996
-996
-960
-996
-996
-996
-996
-996
-996
-996
-996
-988
-995
-995
-997
-997
-931
-988
-994
-988
-996
-995
-988
-994
-997
-988
-995
-994
-994
-995
-960
-996
-994
-996
-988
-995
-995
-991
-994
-990
-987
-988
-996
-996
-996
-996
-996
-996
-996
-996
-996
-997
-996
-997
-996
-996
-996
-996
-996
-996
-996
-996
-996
-996
-996
-995
-996
-996
-996
-996
-996
-996
-996
-995
-995
-995
-974
-995
-996
-996
-996
-996
-996
-996
-996
-996
-996
-996
-996
-996
-996
-996
-996
-996
-996
-995
-996
-995
-996
-996
-996
-996
-996
-996
-996
-996
-996
-996
-996
-996
-996
-996
-996
-996
-996
-996
-996
-996
-996
-996
-996
-996
-996
-996
-996
-995
-996
-996
-996
-996
-996
-996
-996
-996
-996
-996
-996
-996
-996
-996
-996
-996
-996
-996
-996
-996
-996
-996
-996
-996
-996
-996
-996
-996
-996
-996
-996
-996
-996
-996
-996
-996
-996
-996
-996
-996
-996
-996
-996
-996
-996
-996
-996
-996
-996
-996
-996
-996
-996
-996
-996
-996
-996
-996
-996
-996
-996
-996
-996
-996
-996
-996
-996
-996
-996
-996
-996
-996
-996
-996
-996
-996
-996
-996
-996
-996
-996
-996
-996
-996
-996
-996
-996
-996
-996
-996
-996
-996
-996
-996
-996
-996
-996
-996
-996
-996
-996
-996
-996
-996
-996
-996
-996
-996
-996
-996
-996
-996
-996
-996
-996
-996
-996
-996
-996
-996
-996
-996
-996
-996
-996
-996
-996
-996
-996
-996
-996
-996
-996
-996
-996
-996
-996
-996
-996
-996
-996
-996
-996
-996
-996
-996
-996
-996
-996
-996
-996
-996
-996
-996
-996
-996
-996
-996
-996
-996
-996
-996
-996
-996
-996
-996
-996
-996
-996
-996
-996
-996
-996
-996
-996
-996
-996
-996
-996
-996
-996
-996
-996
-996
-996
-996
-996
-996
-996
-996
-996
-996
-996
-996
-996
-996
-996
-996
-996
-996
-996
-996
-996
-996
-996
-996
-996
-996
-996
-996
-996
-996
-996
-996
-996
-996
-996
-996
-996
-996
-996
-996
-996
-996
-996
-996
-996
-996
-996
-996
-996
-996
-996
-996
-996
-996
-996
-996
-996
-996
-996
-996
-996
-996
-996
-996
-996
-996
-996
-996
-996
-996
-987
-996
-996
-996
-996
-996
-996
-972
-959
-957
-959
-987
-989
-973
-933
-959
-931
-987
-905
-970
-937
-985
-970
-985
-965
-989
-965
-985
-966
-959
-987
-987
-987
-933
-965
-989
-965
-989
-965
-957
-965
-933
-965
-985
-877
-962
-965
201
-961
-982
-933
-965
-849
-965
-961
-965
-933
-965
-987
-987
-987
-987
-987
-987
-903
-931
-987
-987
-987
-989
-990
-989
-987
-987
-959
-987
-987
-987
-987
-987
-987
-987
-987
-987
-987
-987
-987
-987
-987
-987
-987
-987
-987
-987
-987
-987
-987
-987
-987
-959
-987
-987
-987
-987
-987
-987
-987
-987
-987
-987
-987
-987
-987
-987
-987
-987
-987
-987
-987
-987
-987
-987
-987
-987
-987
-987
-987
-987
-987
-987
-987
-987
-987
-987
-987
-987
-987
-987
-987
-987
-987
-987
-987
-987
-987
-987
-987
-987
-987
-987
-987
-987
-987
-987
-987
-987
-987
-987
-987
-987
-987
-987
-987
-987
-987
-987
-987
-987
-987
-987
-987
-987
-987
-987
-987
-987
-987
-987
-987
-987
-987
-987
-987
-987
-987
-987
-987
-987
-987
-987
-987
-987
-987
-987
-987
-987
-987
-987
-987
-987
-987
-987
-987
-987
-987
-987
-987
-987
-987
-987
-987
-987
-987
-987
-987
-987
-987
-987
-987
-987
-987
-987
-987
-987
-987
-987
-987
-987
-987
-987
-987
-987
-987
-987
-987
-987
-987
-987
-987
-987
-987
-987
-987
-987
-987
-987
-987
-987
-987
-987
-987
-987
-987
-987
-987
-987
-987
-987
-987
-987
-987
-987
-987
-987
-987
-987
-987
-987
-987
-987
-987
-987
-987
-987
-987
-987
-987
-973
-973
-973
-973
-973
-973
-973
-973
-973
-973
-973
-973
-973
-973
-973
-973
-973
-973
-973
-973
-987
-973
-973
201
201
201
-876
-988
201
201
201
201
201
201
201
201
201
201
201
201
201
201
201
201
-872
-917
-994
-945
201
-945
-980
-945
-917
-917
-945
-994
201
-945
-994
-945
-980
-945
-994
-945
-994
-889
-994
201
-917
-994
201
201
-917
-994
-945
-994
-945
-994
-917
-994
201
201
201
-889
-994
-945
-994
-945
-994
-945
-994
-945
-994
201
201
201
201
201
201
201
201
201
201
-805
-994
-931
-987
-994
-959
-989
-989
-994
-971
-987
-994
-987
-994
-994
-973
-973
-994
-973
-973
-995
-987
