agent: texplore
env: asterix
Feature Selection: 2
Environment is episodic.
set statesPerDim to 0 for all dim
feature 0 has range 30
feature 1 has range 30
reward range: 1020
Parallel ETUCT tracking real state values
Planner using history size: 0
Start model learning thread
start parallel uct planning search thread
Created MultClass 0 with nModels: 5
Created C4.5 decision tree 0 with == and > splits
Created C4.5 decision tree 6 with == and > splits
Created C4.5 decision tree 12 with == and > splits
Created C4.5 decision tree 18 with == and > splits
Created C4.5 decision tree 24 with == and > splits
Created MultClass 2 with nModels: 5
Created C4.5 decision tree 2 with == and > splits
Created C4.5 decision tree 8 with == and > splits
Created C4.5 decision tree 14 with == and > splits
Created C4.5 decision tree 20 with == and > splits
Created C4.5 decision tree 26 with == and > splits
Created MultClass 3 with nModels: 5
Created C4.5 decision tree 3 with == and > splits
-996
Created C4.5 decision tree 9 with == and > splits
Created C4.5 decision tree 15 with == and > splits
Created C4.5 decision tree 21 with == and > splits
Created C4.5 decision tree 27 with == and > splits
Created MultClass 1 with nModels: 5
Created C4.5 decision tree 1 with == and > splits
Created C4.5 decision tree 7 with == and > splits
Created C4.5 decision tree 13 with == and > splits
Created C4.5 decision tree 19 with == and > splits
Created C4.5 decision tree 25 with == and > splits
-994
-995
-994
-987
-996
-991
-994
-996
-994
-995
-994
-993
-993
-993
-993
-995
-966
-993
-994
-995
-995
-994
-994
-980
-994
-994
-993
-995
-994
-995
-994
-995
-994
-981
-995
-909
-995
-995
-995
-995
-995
-995
-995
-995
-995
-991
-991
-995
-995
-991
-995
-976
-990
-990
-988
-995
-974
-993
-993
-993
-993
-973
-993
-996
-992
-994
-966
-986
-987
-997
-987
-997
-947
-989
-990
-990
-982
-984
-988
-983
-929
-997
-993
-991
-980
-994
-991
-994
-994
-994
-994
-994
-994
-994
-994
-973
-983
-959
-991
-987
-987
-973
-988
-904
-989
-989
-989
-974
-973
-945
-983
-983
-930
-987
-978
-987
-987
-918
201
-974
-996
201
-892
-977
-948
-991
-977
-992
-947
-961
-975
-975
-993
-991
-984
-994
-959
-994
-959
-987
-987
-994
-960
-957
-989
-885
-820
-932
-960
-942
-946
-961
-984
-933
-947
-955
-933
-973
-974
-991
-985
-986
-986
-988
-991
-986
-986
-986
-988
-989
-956
-991
-991
-976
-991
-963
-985
-985
-985
-985
-991
-985
-990
-984
-946
-970
-974
-956
-970
-984
-983
-975
-989
-989
-989
-989
201
-959
-960
-958
-960
-960
-960
-919
-974
-982
-954
-982
-960
-941
-941
-876
201
-920
-955
-983
-997
-997
-997
-997
-997
-997
-997
-997
-997
-997
-997
-997
-997
-997
-997
-997
-997
-997
-997
-997
-997
-997
-997
-997
-997
-997
-997
-997
-997
-997
-997
-997
-997
-997
-997
-997
-997
-997
-997
-997
-997
-997
-997
-997
-997
-997
-997
-997
-997
-997
-997
-997
-997
-997
-997
-997
-997
-997
-997
-997
-997
-997
-997
-997
-997
-997
-997
-990
-994
-962
-997
-997
-997
-997
-997
-997
-997
-997
-997
-997
-997
-997
-997
-997
-997
-997
-997
-997
-997
-997
-997
-997
-997
-997
-997
-997
-997
-997
-997
-997
-997
-997
-997
-997
-997
-997
-997
-997
-997
-997
-997
-997
-997
-997
-997
-997
-997
-997
-997
-997
-997
-997
-997
-997
-997
-997
-997
-997
-997
-997
-997
-997
-997
-997
-997
-997
-997
-997
-997
-997
-997
-955
-990
-983
-891
-976
-983
-969
-931
-990
-990
-933
-961
-985
-961
-957
-957
-961
-929
201
201
-857
201
-984
-958
-804
-888
-972
-984
-958
-986
-958
-984
-986
-985
-860
-943
-985
-985
-985
-904
-989
-985
-961
-957
-989
-817
-985
-985
-985
-985
-985
-985
-989
-985
-889
-945
-903
-973
-959
-973
-973
-973
-973
-945
-893
201
-995
-809
-995
-995
-844
-851
-934
-934
-928
-816
-973
201
201
-946
-984
-984
-974
-988
-858
-988
-988
-970
-988
-988
-988
-988
-816
-988
-984
-988
-984
-874
-987
-983
-996
-996
-927
-996
-996
-888
-972
-961
-983
-996
-969
-996
-996
-996
-996
-996
-969
-996
-996
-983
-983
-996
-955
-996
-987
-875
-833
-996
-996
-996
-996
-847
-996
-996
-996
-996
-996
-996
-996
-996
-996
-996
-996
-996
-996
-996
-996
-996
-996
-996
-996
-996
-996
-996
-945
-996
-996
-996
-996
-996
-946
-946
-870
-968
-982
-946
201
-996
-946
-870
-819
-906
-990
-990
-892
-990
-990
-976
-990
-990
-962
-975
-903
-987
201
-991
-991
-994
-991
-991
-932
-865
-994
-991
-994
-994
-991
-991
-994
-994
-994
-960
-991
-994
-994
-991
-991
-994
-834
-920
-974
-990
-904
-971
-990
-990
-988
-990
-990
-990
-988
-990
-918
-990
-932
-990
-918
-990
-960
-971
-971
-990
-921
-931
-917
-904
-973
-959
-987
-987
-987
-987
-987
-987
-987
-987
-987
-974
-987
-987
-987
-987
-987
-987
-987
-987
-987
-987
-987
-987
-987
-987
-987
-987
-987
-987
-987
-987
-987
-987
-987
-987
-987
-987
-987
-987
-987
-987
-987
-987
-987
-973
-987
-987
-987
-987
-987
201
-987
-973
-987
-987
-987
-987
-987
-987
-987
-987
-987
-973
-987
-987
-987
-987
-987
-987
-987
-987
-987
-987
-987
-987
-987
-987
-987
-987
-987
-973
-973
-987
-987
-987
-987
-987
-987
-987
-987
-987
-987
-987
-987
-987
-987
-987
-987
-987
-959
201
-987
-987
-973
-987
-973
-973
-987
-973
-973
-973
-987
-973
-987
-987
201
-987
-987
-987
-973
-987
-987
-987
-987
-987
-987
201
201
201
201
-871
201
-970
-904
-848
-984
-956
-990
-990
-990
-990
-990
-990
-990
-990
-990
-990
-990
-990
-990
-960
-956
-956
-956
-956
-960
-990
-990
-990
-990
-990
-990
-960
-984
-990
-990
-990
-990
-990
-990
-990
-990
-990
-990
-990
-990
-990
-990
-990
-990
-990
-990
-990
-990
-990
-861
201
-833
201
201
-847
-851
-898
-948
-979
201
-982
-979
-979
-976
201
-976
-976
201
201
-976
-976
-976
-976
-976
-976
-973
-991
-823
-991
-935
-991
-991
-991
-991
-991
-991
-991
-991
-991
-991
-991
-991
-991
-991
-991
-991
-991
-991
-991
-991
-991
-991
-991
-991
-991
-991
-991
-991
-991
-991
-991
-991
-991
-991
-991
-991
-991
-991
-991
-991
-991
-991
-991
-991
-991
-991
-991
-991
-991
-991
-991
-991
-991
-991
-991
-991
-991
-991
-991
-991
-991
-991
-991
-991
-991
-991
-991
-991
-991
-991
-991
-991
-991
-991
-991
-991
-991
-991
-991
-991
-991
-991
-991
-991
-991
-991
-991
-991
-991
-991
-991
-991
-991
-991
-991
-991
-991
-991
-991
-991
-991
-991
-991
-991
-991
-991
-991
-945
-945
201
201
-945
-973
-945
-973
201
-805
201
-973
201
-863
201
201
201
201
201
-997
-988
201
-863
201
201
201
201
201
201
201
-940
-982
-973
201
201
201
201
201
201
201
201
201
-948
201
-833
201
201
201
201
-948
201
201
201
201
201
201
201
201
201
-985
201
-957
-971
-901
-985
-915
-971
-971
-957
-985
-957
-985
-985
-985
-985
-985
-985
-971
-985
-985
-985
-985
