agent: texplore
env: asterix
Feature Selection: 0
Environment is episodic.
set statesPerDim to 0 for all dim
feature 0 has range 30
feature 1 has range 30
feature 2 has range 30
feature 3 has range 30
reward range: 1020
Parallel ETUCT tracking real state values
Planner using history size: 0
Start model learning thread
start parallel uct planning search thread
Created MultClass 0 with nModels: 5
Created C4.5 decision tree 0 with == and > splits
Created C4.5 decision tree 6 with == and > splits
Created C4.5 decision tree 12 with == and > splits
Created C4.5 decision tree 18 with == and > splits
Created C4.5 decision tree 24 with == and > splits
Created MultClass 4 with nModels: 5
Created C4.5 decision tree 4 with == and > splits
Created C4.5 decision tree 10 with == and > splits
Created C4.5 decision tree 16 with == and > splits
Created C4.5 decision tree 22 with == and > splits
Created C4.5 decision tree 28 with == and > splits
Created MultClass 5 with nModels: 5
Created C4.5 decision tree 5 with == and > splits
Created C4.5 decision tree 11 with == and > splits
Created C4.5 decision tree 17 with == and > splits
Created C4.5 decision tree 23 with == and > splits
Created C4.5 decision tree 29 with == and > splits
Created MultClass 1 with nModels: 5
Created C4.5 decision tree 1 with == and > splits
Created C4.5 decision tree 7 with == and > splits
Created C4.5 decision tree 13 with == and > splits
Created C4.5 decision tree 19 with == and > splits
Created C4.5 decision tree 25 with == and > splits
Created MultClass 2 with nModels: 5
Created C4.5 decision tree 2 with == and > splits
Created C4.5 decision tree 8 with == and > splits
Created C4.5 decision tree 14 with == and > splits
-994
Created C4.5 decision tree 20 with == and > splits
Created C4.5 decision tree 26 with == and > splits
Created MultClass 3 with nModels: 5
Created C4.5 decision tree 3 with == and > splits
Created C4.5 decision tree 9 with == and > splits
Created C4.5 decision tree 15 with == and > splits
Created C4.5 decision tree 21 with == and > splits
Created C4.5 decision tree 27 with == and > splits
-994
-997
-994
-994
-995
-996
-975
-996
-994
-991
-992
-991
-993
-991
-994
-992
-995
-995
-995
-982
-994
-996
-992
-994
-980
-990
-995
-994
-980
-996
-982
-993
-993
-996
-993
-995
-996
-995
-996
-996
-996
-990
-996
-994
-996
-995
-994
-995
-996
-982
-990
-995
-994
-995
-997
-997
-996
-990
-996
-992
-996
-993
-994
-990
-992
-995
-992
-992
-989
-993
-992
-996
-995
-995
-992
-993
-995
-990
-992
-996
-992
-991
-994
-990
-996
-989
-996
-994
-995
-995
-993
-993
-991
-995
-996
-995
-985
-995
-992
-980
-995
-995
-996
-995
-995
-995
-995
-993
-996
-995
-996
-996
-990
-995
-978
-992
-986
-995
-995
-995
-995
-995
-995
-995
-995
-995
-995
-995
-995
-991
-995
-995
-995
-995
-995
-995
-995
-995
-996
-995
-996
-995
-995
-995
-995
-995
-995
-992
-995
-992
-995
-996
-995
-995
-995
-995
-995
-995
-995
-995
-995
-995
-995
-995
-995
-995
-995
-995
-995
-995
-995
-995
-995
-995
-995
-995
-995
-995
-995
-995
-995
-995
-995
-995
-995
-995
-995
-995
-995
-995
-995
-995
-995
-995
-995
-995
-995
-995
-995
-995
-995
-995
-995
-995
-995
-995
-995
-995
-995
-995
-995
-995
-995
-995
-995
-995
-995
-995
-995
-995
-995
-995
-995
-995
-995
-995
-995
-995
-995
-995
-995
-995
-995
-995
-995
-995
-995
-995
-995
-995
-996
-996
-996
-996
-995
-996
-994
-994
-995
-995
-996
-996
-996
-996
-996
-996
-996
-996
-996
-995
-994
-995
-994
-996
-995
-995
-995
-992
-996
-991
-996
-990
-995
-990
-996
-989
-987
-994
-987
-987
-996
-995
-996
-995
-995
-995
-995
-995
-995
-995
-995
-993
-996
-995
-991
-995
-983
-976
-975
-995
-840
-993
-993
-995
-840
201
-931
-981
-924
201
-875
-973
-917
-976
-903
-959
-975
-945
-993
-993
-917
-987
-987
-973
-973
-987
-973
-945
-973
-987
-973
-993
-995
-987
-994
-994
-993
-995
-987
-987
-987
-973
-973
-987
-987
-987
-987
-945
-987
-995
-987
-973
-987
-987
-995
-949
-994
-995
-973
-987
-987
-987
-987
-987
-987
-987
-987
-987
-987
-987
-987
-987
-987
-987
-987
-987
-987
-995
-987
-987
-987
-987
-987
-987
-987
-987
-987
-987
-987
-987
-987
-973
-987
-987
-945
-945
-973
-945
-973
-987
-987
-987
-987
-987
-987
-987
-987
-987
-987
-987
-987
-987
-987
-987
-987
-987
-987
-987
-987
-987
-987
-987
-987
-987
-987
-987
-987
-987
-987
-987
-987
-973
-987
-987
-973
-973
-973
-973
-819
-931
-995
-890
-847
-987
-841
-931
-897
201
-847
-996
-996
-996
-996
-996
-996
-996
-996
-870
-874
-897
201
201
201
201
201
201
201
201
-988
-996
201
201
201
-994
201
201
201
-988
201
201
201
-988
-988
-994
201
-988
-994
201
201
201
201
-988
201
-988
-994
-994
201
201
201
201
-992
201
201
-992
201
201
201
-994
201
-994
201
201
201
-994
201
201
201
201
-994
201
-994
201
201
201
201
201
201
201
201
201
201
201
201
201
201
201
201
201
201
201
201
201
201
201
201
201
201
201
201
201
201
201
201
201
201
201
201
201
201
201
201
201
-987
-917
-987
-987
-973
-987
-931
-959
-987
-987
-959
-987
-987
-987
-973
-987
-987
-987
-987
-987
-987
-987
-987
-973
-987
-987
-987
-987
-991
-987
-987
-987
-987
-987
-987
-987
-973
-959
-973
-973
-903
-987
-973
-973
-959
-987
-987
-987
-959
-987
-987
-959
-987
-987
-987
-987
-987
-987
-987
-987
-987
-987
-987
-987
-987
-987
-987
-987
-987
-959
-987
-987
-987
-987
-973
-959
-987
-987
-987
-987
-987
-959
-987
-973
-987
-987
-959
-987
-987
-987
-987
-987
-987
-987
-987
-987
-987
-987
-987
-987
-987
-987
-987
-987
-987
-987
-987
-987
-987
-959
-987
-987
-987
-987
-987
-987
-987
-987
-987
-987
-987
-987
-987
-987
-987
-987
-987
-987
-987
-987
-987
-987
-987
-987
-987
-987
-987
-987
-987
-987
-987
-987
-987
-987
-987
-987
-987
-987
-987
-987
-987
-987
-987
-987
-987
-987
-987
-987
-987
-987
-987
-987
-987
-987
-987
-987
-987
-987
-987
-987
-987
-987
-987
-987
-987
-987
-987
-987
-987
-987
-987
-987
-987
-987
-987
-987
-987
-987
-987
-987
-987
-987
-987
-987
-987
-987
-987
-987
-987
-987
-987
-987
-987
-987
-987
-987
-987
-987
-987
-987
-987
-987
-987
-987
-987
-987
-987
-987
-987
-987
-987
-987
-987
-987
-987
-987
-987
-987
-987
-987
-987
-987
-987
-987
-987
-987
-987
-987
-987
-987
-987
-987
-987
-987
-987
-987
-987
-987
-987
-987
-987
-987
-987
-987
-987
-987
-987
-987
-987
-987
-987
-987
-987
-987
-987
-987
-987
-987
-987
-987
-987
-987
-987
-987
-987
-987
-987
-987
-987
-987
-987
-987
-987
-987
-987
-987
-987
-987
-987
-987
-987
-987
-987
-987
-987
-987
-987
-987
-987
-987
-987
-987
-987
-987
-987
-987
-987
-987
-987
-987
-987
-987
-987
-987
-987
-987
-987
-987
-987
-987
-987
-987
-987
-987
-987
-987
-987
-987
-987
-987
-987
-987
-987
-987
-987
-987
-987
-987
-987
-987
-987
-987
-987
-987
-987
-987
-987
-987
-987
-987
-987
-987
-987
-987
-987
-987
-987
-987
-987
-987
-987
-987
-987
-987
-987
-987
-987
-987
-987
-987
-987
-987
-987
-987
-987
-987
-987
-987
-987
-987
-987
-987
-987
-987
-987
-987
-987
-987
-987
-987
-987
-987
-987
-987
-987
-987
-987
-987
-987
-987
-987
-987
-987
-987
-987
-987
-987
-987
-987
-987
-987
-987
-987
-987
-987
-987
-987
-987
-987
-987
-987
-987
-987
-987
-987
-987
-987
-987
-987
-987
-987
-987
-987
-987
-987
-987
-987
