agent: texplore
env: fuelworld
Environment is episodic.
set statesPerDim to 0 for all dim
feature 0 has range 20
feature 1 has range 30
feature 2 has range 61
reward range: 400
Parallel ETUCT tracking real state values
Planner using history size: 0
Start model learning thread
start parallel uct planning search thread
Created MultClass 0 with nModels: 5
Created C4.5 decision tree 0 with == and > splits
Created C4.5 decision tree 6 with == and > splits
Created C4.5 decision tree 12 with == and > splits
Created C4.5 decision tree 18 with == and > splits
Created C4.5 decision tree 24 with == and > splits
Created MultClass 3 with nModels: 5
Created C4.5 decision tree 3 with == and > splits
Created C4.5 decision tree 9 with == and > splits
Created C4.5 decision tree 15 with == and > splits
Created C4.5 decision tree 21 with == and > splits
Created C4.5 decision tree 27 with == and > splits
Created MultClass 4 with nModels: 5
Created C4.5 decision tree 4 with == and > splits
Created C4.5 decision tree 10 with == and > splits
Created C4.5 decision tree 16 with == and > splits
Created C4.5 decision tree 22 with == and > splits
Created C4.5 decision tree 28 with == and > splits
Created MultClass 1 with nModels: 5
Created C4.5 decision tree 1 with == and > splits
Created C4.5 decision tree 7 with == and > splits
Created C4.5 decision tree 13 with == and > splits
Created C4.5 decision tree 19 with == and > splits
Created C4.5 decision tree 25 with == and > splits
Created MultClass 2 with nModels: 5
Created C4.5 decision tree 2 with == and > splits
Created C4.5 decision tree 8 with == and > splits
Created C4.5 decision tree 14 with == and > splits
Created C4.5 decision tree 20 with == and > splits
Created C4.5 decision tree 26 with == and > splits
-417.4
-417
-417.4
-419.8
-417.8
-416.8
-418.6
-418.8
-421.4
-419
-417.8
-416.8
-419.6
-417.6
-420
-418.8
-417.8
-420.6
-419
-416.6
-419.4
-422.6
-420.2
-419.8
-419.6
-509.6
-421
-911.6
-512.2
-418.2
-420.6
-1102.4
-902.2
-941.4
-1554.8
-630
-499.6
-256.4
-669.8
-433.2
-603
-580.8
-141.8
-498
-188.4
-545.6
-335
-465
-553.8
-594.2
-20579.8
-95.2
-262
-588
-130.2
-103.6
-87.8
-91
-174
-96
-146.8
-87.2
-97.6
-92.8
-58.8
-177.4
-99.8
-88.2
-62
-107.6
-51.2
-463
-122
-77.4
-87.6
-59.2
-105.6
-135
-90
-271.2
-55.6
-95
-61.6
-506.2
-53.4
-57.8
-52.4
-65.8
-95
-52.2
-54.6
-54.6
-48
-61.6
-53
-52.8
-48.8
-54.6
-85
-51.8
-53.6
-51.6
-50.8
-48.6
-60.8
-55.6
-90.2
-59
-58.2
-504.2
-166.8
-53
-56.4
-51.2
-58.6
-53.2
-65.8
-52.8
-57.4
-94.6
-51
-56
-49
-51.2
-90.2
-55.8
-56.2
-52.8
-51.8
-54.2
-55.6
-90.6
-57.6
-50.6
-52.4
-49.6
-49.4
-50.2
-51.8
-55.8
-60.2
-55.2
-50.2
-55.6
-53.2
-52.2
-55.4
-60.2
-55.2
-46
-52.6
-52.2
-53.4
-52.6
-52
-47.2
-50.6
-58
-53.2
-55.4
-53.8
-50
-54
-50
-50.6
-52
-56.2
-51
-56.4
-49.4
-51.4
-54.8
-53.6
-48
-48.2
-57.8
-54.4
-51.6
-74
-50.4
-51.6
-57.6
-53.2
-51.8
-49.4
-67.8
-47.2
-50.2
-57.2
-53
-53.8
-54
-51.2
-54
-61
-49.6
-52.4
-72.4
-47.6
-49.8
-52.8
-51.2
-46.2
-53.2
-46
-54.8
-59
-53.8
-60.8
-55
-57.4
-50.6
-54.4
-55.6
-57
-49.2
-53.8
-53
-47.8
-51.2
-49.4
-52.8
-50.6
-52.6
-46.6
-69.2
-50.6
-59
-48.8
-50.6
-52.4
-121.6
-50.8
-66.2
-47.6
-54.8
-50.6
-51
-54.8
-52
-70.6
-52.4
-57.4
-49.2
-49.6
-48.6
-51
-51.6
-51.6
-50.2
-51.2
-50.4
-49.2
-53.6
-48.6
-58.8
-55.4
-57.2
-47.4
-50.6
-47.4
-50.2
-51.4
-52
-54
-58.8
-50.8
-49.8
-52
-48.4
-51
-52
-53.4
-54
-48.4
-47.2
-104.2
-48.4
-53.4
-55
-70.8
-46.4
-48.2
-52
-55
-52.6
-56.4
-60.8
-51.4
-58.4
-56.8
-58.6
-51.4
-55.2
-53.2
-54.6
-55.8
-47.6
-56.4
-55.2
-57.2
-51.6
-49
-49.2
-56.6
-52.2
-50.4
-56.2
-51.4
-58.4
-48.8
-49
-49.6
-52.8
-47.8
-48
-60.2
-53.6
-57.2
-54
-47.6
-48.6
-55.2
-70.8
-51.4
-46.6
-79.2
-54.4
-55.2
-52.4
-50.6
-55.2
-51
-51
-48.2
-53.6
-46.6
-52.8
-62.6
-59.2
-51.8
-57.4
-49.8
-57.2
-53.6
-51.8
-51
-55.6
-47.6
-50.4
-49
-50.8
-51
-53.6
-51.4
-47
-50.6
-50
-50.8
-55.6
-54.2
-49.8
-50.8
-57.2
-52.4
-55.4
-52.4
-52.2
-51.2
-48.8
-53.8
-49.8
-55.2
-52.8
-51.4
-53.2
-67.2
-55.2
-56.8
-56.8
-55.4
-55.8
-55.2
-54.2
-58.6
-54.4
-51.8
-55.6
-52.2
-47.4
-55.2
-47.8
-52.4
-49
-51.2
-54.4
-71.6
-55
-55.8
-54.2
-49
-51.2
-56.4
-53.2
-53
-46.2
-53
-48.6
-50.4
-49
-53
-54.2
-48.6
-51.8
-49.8
-52.8
-52.2
-52.4
-58.4
-55.6
-55.8
-52.8
-55.6
-52.4
-49.2
-53.6
-59.4
-59
-52.8
-50
-51
-50
-60.6
-50.8
-68.6
-54.8
-56
-58.2
-50.6
-55.4
-55.2
-54.4
-48
-58.4
-48.4
-56.8
-51.2
-61.2
-80
-54.2
-58.2
-46
-49.2
-50.8
-50.6
-58.4
-56
-50.4
-53.8
-49.6
-50
-55
-51.4
-59.4
-51.4
-50.2
-49.4
-51
-47.8
-51.2
-56.6
-49.4
-53
-51
-51
-50
-73.2
-49.4
-49
-55
-60.8
-47.4
-58
-47.6
-49
-49.2
-50.4
-47
-54.4
-56.6
-51.8
-55.8
-55.4
-54.2
-53.8
-53.8
-50.2
-58
-52
-52
-53.2
-57.2
-57.6
-52.8
-58
-48.8
-52
-49.8
-52
-51.4
-49
-50.4
-55
-50.8
-48.2
-71
-52.6
-73
-52.4
-48.2
-58.2
-53.8
-59.4
-51.2
-55.4
-51.4
-50
-48.4
-51
-69.6
-52.4
-51.8
-50.6
-49.4
-52.4
-54.2
-58.4
-58
-52.4
-49.8
-58.8
-72.6
-50.2
-52.2
-55.2
-52
-52
-51.6
-51.6
-55.8
-49.8
-48.4
-47.6
-55.6
-55
-79.4
-49.8
-63
-55.8
-53
-51.8
-47
-77
-82
-61.6
-53.8
-53.4
-47.2
-48.6
-54.8
-52.8
-49.6
-52.8
-56.2
-55.8
-48
-56.4
-50.4
-48
-51.8
-55
-53
-52.2
-50
-55
-49.6
-94.2
-51.6
-53.2
-68.8
-50.6
-56.8
-78
-53.4
-55.2
-48.4
-48.2
-56
-50.4
-48.4
-55.4
-47.4
-52.4
-72.4
-50.4
-50
-61.4
-49.6
-51.4
-47.4
-47.2
-49.4
-54.4
-51.6
-49
-46.8
-56
-48.6
-54
-77.6
-55.8
-52
-54
-54
-51.8
-46.6
-57.4
-52.4
-56.8
-49.4
-47.4
-51
-53.6
-53.4
-50.6
-47.8
-52.2
-54.6
-56.6
-59.2
-52.4
-54
-52.4
-50.4
-48.8
-53.4
-50
-54.2
-54
-52.6
-50.8
-48.6
-51
-54.6
-54.8
-51.4
-49.4
-51
-55.8
-461.6
-48.6
-55.6
-48.2
-53
-48.4
-48.6
-45.4
-50.6
-51.2
-53
-53
-50.4
-48
-50.8
-72.6
-50.4
-53.2
-58.6
-56.8
-60.4
-53.8
-45.8
-50.8
-71.6
-54
-56.6
-55.2
-81
-55.8
-49.6
-51.8
-59.2
-59.2
-95.2
-55.4
-52.6
-50.4
-55.4
-59.4
-58
-58
-53.2
-56.4
-49.8
-49.4
-54.6
-51.6
-49.2
-59.8
-53.2
-52
-48.8
-60
-56.6
-53.4
-53
-47
-48.8
-50.8
-47.8
-54.4
-50.6
-48.8
-56
-49
-72.2
-59.8
-50
-48
-52
-52
-54.4
-60.2
-48.8
-49
-50.4
-50
-52.4
-52
-61
-47.4
-52.8
-53.8
-54.2
-54.6
-78.6
-50.8
-52.2
-73.6
-50.6
-52
-51.6
-52.4
-52.8
-51.8
-54.2
-48.8
-53.8
-51.4
-52.6
-51.6
-55.2
-50.4
-49
-53.6
-49.4
-55
-53.6
-58.2
-58.8
-53.2
-51.6
-51.2
-52.6
-52.8
-55
-55.2
-59.4
-53
-51
-49.2
-59.2
-79
-54.4
-51.6
-52.4
-73.8
-55.8
-52.4
-56.6
-54.2
-47
-52.4
-50.2
-50.4
-53.6
-69
-53.4
-70
-55.4
-57.6
-51.8
-54.2
-51.8
-50
-50.4
-53
-50.2
-51
-53.2
-52.4
-47.8
-52
-52.8
-54.8
-53
-53
-48.8
-50.2
-50.6
-51.2
-50
-53.2
-50.6
-51.4
-54.8
-56.6
-50.6
-52.6
-47.6
-52.8
-47.6
-49.4
-51.2
-49.8
-54
-53.6
-50.6
-49.6
-77.6
-54
-53
-51.2
-53
-53
-53.8
-54
-48.4
-49.2
-54.4
-53.2
-50.4
-48.2
-50.8
-57.6
-51
-49.2
-53.2
-59.2
-68.2
-49.8
-56.2
-51.6
-58.4
-56.6
-55.8
-55.4
-58.8
-52.8
-58
-54.6
-51.4
-53.2
-73
-61.4
-53.8
-57.6
-461.2
-72
-64.6
-137.6
-55.2
-53.8
-58.4
-53.8
-59
-51
-57.8
-58.2
-57.4
-48.6
-53.8
-50.6
-53.6
-72
-50
-55
-51.6
-55.4
-458.8
-84.2
-50.6
-53.4
-52.4
-49.2
-55.4
-54.6
-54.2
-49.4
-49.8
-53
-54
-55.4
-53.4
-58.8
-56.8
-54
-50
-50.8
-57.2
-52.4
-54.2
-54.8
-51
-56.2
-54.4
-49.6
-57.4
-54.8
-51.4
-59.6
-46.8
-51.4
-50.4
-51
-52.2
-54
-58.2
-49
-50.4
-58.8
-57
-54.4
-58.4
-60.2
-51.8
-54.2
-51.2
-51.8
-50.4
-52.4
-136
-57.8
-56.2
-58.4
-48
-56
-61.4
-56
-61.8
-55.8
-59.4
-56.4
-59.6
-52
-53.8
-51.8
-49.4
-54.4
-54.2
-47.8
-57.4
-52
-56.8
-52.6
-51.8
-51.6
-51.6
-59.2
-52.4
-58.4
-54.6
-48
-50.6
-50.6
-47.8
-49.6
-56.6
-44.6
-49.2
-50.8
-53.4
-51.6
-50.8
-50.4
-49
-52.4
-48.6
-56
-51.8
