agent: texplore
env: asterix
Feature Selection: 2
Environment is episodic.
set statesPerDim to 0 for all dim
feature 0 has range 30
feature 1 has range 30
reward range: 1020
Parallel ETUCT tracking real state values
Planner using history size: 0
Start model learning thread
start parallel uct planning search thread
Created MultClass 0 with nModels: 5
Created C4.5 decision tree 0 with == and > splits
Created C4.5 decision tree 6 with == and > splits
Created C4.5 decision tree 12 with == and > splits
Created C4.5 decision tree 18 with == and > splits
Created C4.5 decision tree 24 with == and > splits
Created MultClass 2 with nModels: 5
Created C4.5 decision tree 2 with == and > splits
Created C4.5 decision tree 8 with == and > splits
Created C4.5 decision tree 14 with == and > splits
Created C4.5 decision tree 20 with == and > splits
Created C4.5 decision tree 26 with == and > splits
Created MultClass 3 with nModels: 5
Created C4.5 decision tree 3 with == and > splits
-996
Created C4.5 decision tree 9 with == and > splits
Created C4.5 decision tree 15 with == and > splits
Created C4.5 decision tree 21 with == and > splits
Created C4.5 decision tree 27 with == and > splits
Created MultClass 1 with nModels: 5
Created C4.5 decision tree 1 with == and > splits
Created C4.5 decision tree 7 with == and > splits
Created C4.5 decision tree 13 with == and > splits
Created C4.5 decision tree 19 with == and > splits
Created C4.5 decision tree 25 with == and > splits
-994
-994
-994
-994
-978
-995
-993
-996
-996
-994
-993
-983
-997
-993
-995
-933
-996
-996
-996
-992
-992
-996
-992
-994
-996
-996
-996
-996
-996
-996
-996
-996
-992
-992
-992
-992
-992
-983
-976
-995
-983
-983
-995
-994
-995
-995
-959
-995
-996
-994
-995
-995
-995
-995
-995
-977
-973
-959
-995
-975
-990
-989
-987
-959
-874
-991
-995
-995
-959
-995
-996
-994
-995
-996
-987
-991
-984
-960
-987
-991
-962
-997
-997
-997
-997
-997
-997
-990
-962
-962
-980
-987
-994
-987
-994
-994
-988
-987
-985
-989
-991
-974
-991
-945
-988
-970
-956
-990
-964
-996
-985
-834
-988
-991
201
-959
201
-956
-918
-946
-820
-996
-996
-819
-992
-992
-992
-994
-974
-945
-983
-992
-994
-959
-992
-994
-994
201
-984
-990
-905
201
-983
-983
-928
-860
-985
-996
-995
-993
-902
-993
-993
-995
-993
-993
-987
-996
-979
-993
-993
-993
201
-995
-995
201
-995
-995
-992
-898
-877
-960
-989
-988
-993
-986
-986
-972
-993
-992
201
-831
-991
-997
-957
-991
-997
-991
-997
-991
-997
-863
-921
-991
-991
201
-834
-960
201
-995
-995
-889
-904
-889
-979
201
-994
-979
-976
-897
201
-981
-981
-953
-808
201
201
-978
-978
-978
-992
-964
-850
201
-938
-994
-994
201
-994
-994
-994
-994
-994
201
201
-834
201
201
-978
-946
-992
-985
-992
-974
-804
-992
-974
-992
-985
-974
-986
-974
-992
-974
-992
-929
201
201
201
201
201
201
201
201
-903
-987
-819
-987
201
201
201
201
201
201
201
201
-971
-837
201
201
201
-844
201
201
-988
-988
-988
201
201
201
201
-891
201
201
201
-996
201
201
-996
-996
201
201
201
201
201
201
201
201
201
-938
201
201
201
201
201
201
201
201
201
-972
-987
-972
-977
-890
-986
-986
-986
-927
-960
-837
-932
-949
-988
-977
-988
-977
-988
-977
-988
-921
201
201
-837
-949
201
-949
201
201
-989
-991
201
-989
-989
-989
-989
-989
-989
-989
-989
-989
-989
-989
-989
-989
-989
-989
-989
-989
-989
-989
-989
-989
-989
-989
-989
-989
-989
-989
-989
-989
-989
-989
-989
-989
-989
-989
-989
-989
-989
-989
-989
-989
-989
-989
-989
-989
-989
-989
-989
-989
-989
-989
-989
-989
-989
-989
-989
-989
-989
-989
-989
-989
-989
-989
-989
-989
-989
-989
-989
201
201
-955
-927
-983
-983
-983
201
201
201
201
201
201
-877
201
201
201
201
201
-934
201
-976
201
-990
201
-976
201
-821
-984
-942
-984
-984
-984
-944
-807
-990
-989
-984
-984
-984
-990
-989
-984
-990
-947
-984
-986
201
-933
-984
-984
-956
-984
-984
-984
-984
-984
-984
-984
-984
-984
-984
-984
-984
-984
-984
-984
-984
-984
-984
-984
-984
-984
-984
-984
-990
201
201
-958
-944
-986
-995
-972
201
-995
-995
-995
-995
-995
-995
-995
201
-995
-995
-995
-995
-995
-995
-995
-995
-995
-995
-995
-995
-995
-995
-995
-995
-995
201
201
201
201
201
201
201
201
201
201
201
201
201
-959
-957
201
201
201
201
201
201
201
201
201
201
201
201
201
-863
-807
-975
-918
-988
-988
-835
201
-954
-876
-988
-988
-988
-954
-949
201
-954
-954
201
201
-975
201
201
-836
201
201
201
201
201
201
201
201
201
201
201
201
201
201
-962
-920
-990
-990
-990
-990
-990
-990
-990
-990
-990
-990
-990
-990
-990
-990
-990
-990
-990
-990
-990
-990
-990
-990
-990
-990
-990
-990
-990
-990
-990
-990
-990
-990
-990
-990
-990
-990
-990
-990
-990
-990
-990
-990
-990
-990
-990
-990
-990
-990
-990
-990
-990
-990
-990
-990
-990
-990
-990
-990
-990
-990
-990
-990
-990
-990
-990
-990
-990
-990
-990
-990
-990
-990
-990
-990
-990
-990
-990
201
-975
201
201
201
201
201
201
201
-890
-862
-890
-974
201
201
201
201
-904
201
201
-845
201
-842
-954
-904
201
201
201
201
-918
201
201
201
201
201
201
201
201
201
-862
-918
-917
-974
-973
-973
-974
-945
-974
-945
-974
-946
-974
-973
-974
-974
-974
-974
-974
-973
-974
-974
-974
-974
-974
-974
-974
-974
-974
-973
-974
-973
-974
-917
-974
-917
-974
201
201
201
201
201
201
201
201
-814
-940
-870
-982
-814
-982
201
-982
201
201
201
201
-820
201
201
201
201
201
201
201
201
201
201
201
-905
201
201
201
201
201
-904
201
201
201
-988
201
-960
201
-988
201
201
201
201
201
-904
201
201
201
201
201
201
201
201
201
201
201
201
201
201
201
201
201
201
201
201
201
201
201
201
201
-987
201
201
201
201
201
201
201
201
201
201
201
201
201
201
201
201
201
201
201
201
201
201
201
201
201
201
201
201
201
201
201
201
201
201
201
201
-843
-955
201
201
201
201
201
201
201
201
201
201
201
201
201
201
201
201
201
201
201
201
201
201
201
201
201
201
201
201
201
201
201
201
201
201
201
-833
201
201
201
201
201
201
201
201
201
201
201
201
201
201
201
201
-972
201
201
201
201
201
201
201
201
201
201
201
201
201
201
201
201
201
201
201
201
-953
201
201
201
201
201
201
201
201
201
201
201
201
201
201
201
201
201
201
201
201
201
201
201
201
201
201
201
201
201
201
201
201
201
201
201
201
201
201
201
201
201
201
201
201
201
201
201
201
201
201
201
201
201
201
201
201
201
201
-849
