agent: texplore
env: asterix
Feature Selection: 0
Environment is episodic.
set statesPerDim to 0 for all dim
feature 0 has range 30
feature 1 has range 30
feature 2 has range 30
feature 3 has range 30
reward range: 1020
Parallel ETUCT tracking real state values
Planner using history size: 0
Start model learning thread
start parallel uct planning search thread
Created MultClass 0 with nModels: 5
Created C4.5 decision tree 0 with == and > splits
Created C4.5 decision tree 6 with == and > splits
Created C4.5 decision tree 12 with == and > splits
Created C4.5 decision tree 18 with == and > splits
Created C4.5 decision tree 24 with == and > splits
Created MultClass 4 with nModels: 5
Created C4.5 decision tree 4 with == and > splits
Created C4.5 decision tree 10 with == and > splits
Created C4.5 decision tree 16 with == and > splits
Created C4.5 decision tree 22 with == and > splits
Created C4.5 decision tree 28 with == and > splits
Created MultClass 5 with nModels: 5
Created C4.5 decision tree 5 with == and > splits
Created C4.5 decision tree 11 with == and > splits
Created C4.5 decision tree 17 with == and > splits
Created C4.5 decision tree 23 with == and > splits
Created C4.5 decision tree 29 with == and > splits
Created MultClass 1 with nModels: 5
Created C4.5 decision tree 1 with == and > splits
Created C4.5 decision tree 7 with == and > splits
Created C4.5 decision tree 13 with == and > splits
Created C4.5 decision tree 19 with == and > splits
Created C4.5 decision tree 25 with == and > splits
Created MultClass 2 with nModels: 5
Created C4.5 decision tree 2 with == and > splits
Created C4.5 decision tree 8 with == and > splits
Created C4.5 decision tree 14 with == and > splits
Created C4.5 decision tree 20 with == and > splits
Created C4.5 decision tree 26 with == and > splits
Created MultClass 3 with nModels: 5
Created C4.5 decision tree 3 with == and > splits
Created C4.5 decision tree 9 with == and > splits
Created C4.5 decision tree 15 with == and > splits
Created C4.5 decision tree 21 with == and > splits
Created C4.5 decision tree 27 with == and > splits
-989
-996
-994
-994
-995
-994
-992
-995
-991
-993
-995
-981
-995
-992
-991
-995
-990
-995
-982
-996
-991
-995
-995
-992
-994
-994
-992
-991
-994
-991
-993
-992
-982
-991
-991
-995
-992
-995
-987
-994
-994
-996
-973
-987
-994
-989
-989
-995
-996
-989
-994
-987
-994
-997
-996
-996
-990
-996
-996
-996
-996
-996
-996
-987
-996
-996
-973
-996
-997
-996
-996
-997
-997
-997
-997
-997
-997
-989
-997
-997
-997
-997
-997
-996
-997
-996
-997
-997
-995
-994
-996
-993
-994
-996
-996
-994
-994
-995
-995
-995
-995
-996
-994
-994
-994
-995
-995
-997
-995
-996
-995
-995
-994
-994
-994
-994
-994
-994
-995
-995
-996
-995
-996
-994
-994
-994
-994
-994
-994
-995
-994
-995
-994
-994
-996
-994
-994
-994
-994
-997
-997
-997
-997
-997
-996
-996
-997
-997
-997
-997
-997
-994
-994
-997
-996
-994
-997
-989
-997
-994
-994
-997
-997
-997
-997
-997
-997
-997
-997
-997
-997
-997
-997
-997
-997
-997
-997
-997
-997
-997
-997
-997
-997
-997
-997
-997
-997
-997
-997
-997
-997
-997
-997
-997
-997
-997
-994
-997
-997
-997
-997
-997
-997
-997
-997
-997
-997
-997
-997
-997
-997
-997
-997
-997
-997
-997
-997
-997
-997
-997
-997
-997
-997
-997
-997
-997
-994
-994
-994
-994
-994
-994
-994
-959
-994
-997
-997
-997
-997
-997
-997
-997
-997
-997
-997
-997
-997
-997
-997
-997
-997
-997
-997
-997
-997
-997
-997
-997
-997
-997
-997
-997
-997
-997
-997
-997
-997
-997
-997
-997
-997
-997
-997
-997
-997
-997
-997
-997
-997
-997
-997
-997
-997
-997
-997
-997
-997
-997
-994
-994
-994
-994
-994
-994
-994
-994
-994
-994
-994
-997
-997
-994
-994
-997
-994
-994
-959
-994
-997
-997
-996
-997
-997
-997
-997
-997
-997
-997
-997
-997
-997
-997
-997
-997
-997
-997
-997
-997
-997
-997
-997
-997
-997
-997
-997
-997
-996
-996
-997
-997
-996
-996
-997
-997
-997
-997
-997
-996
-996
-996
-994
-994
-996
-996
-997
-997
-997
-997
-996
-996
-996
-995
-996
-996
-996
-996
-996
-997
-997
-997
-996
-997
-996
-997
-996
-996
-997
-997
-997
-996
-996
-996
-996
-996
-997
-997
-997
-997
-997
-996
-993
-994
-996
-996
-996
-997
-997
-997
-997
-997
-997
-996
-996
-987
-965
-973
-979
-994
-987
-994
-973
-994
-994
-979
-994
-994
-994
-979
-994
-994
-980
-978
-975
-994
-987
-987
-980
-959
-994
-979
-994
-979
-979
-994
-959
-987
-987
-979
-979
-978
-979
-979
-966
-959
-931
-987
-987
-987
-959
-987
-987
-959
-987
-987
-987
-987
-987
-987
-987
-987
-987
-987
-987
-987
-987
-987
-987
-987
-987
-987
-987
-987
-987
-987
-987
-987
-987
-987
-987
-987
-987
-987
-987
-987
-987
-987
-987
-987
-987
-987
-987
-987
-987
-987
-987
-987
-987
-987
-987
-987
-987
-983
-973
-959
-985
-973
-957
-918
-933
-935
-929
-913
-985
-993
-985
-966
-914
201
201
-946
-979
-973
-957
-993
-974
-993
-959
-993
-987
-993
-958
-993
-987
-993
-958
-957
-979
-973
-973
-957
-992
-964
-941
-964
-992
-992
-992
-992
-992
-992
-993
-987
-993
-985
-985
-993
-982
-993
-985
-993
-987
-901
-992
-993
-987
-985
-993
-974
-993
-931
-987
-993
-987
-987
-993
-974
-993
-974
-993
-973
-973
-973
-973
-973
-973
-974
-987
-974
-959
-974
-993
-987
-974
-993
-974
-993
-974
-903
-989
-986
-987
-973
-993
-993
201
201
-979
201
-993
201
-993
201
-993
201
-993
201
-993
201
-976
201
-993
201
201
-993
201
-993
201
-993
201
-993
201
-993
201
-995
-995
-995
201
-995
-995
-995
-995
-995
-995
201
-847
201
-959
-995
-995
-931
-995
-995
-995
-995
-995
-995
-995
-995
-995
-995
-995
-995
-995
-987
-987
-995
-995
-987
-987
-987
-995
-995
-995
-995
-995
-995
-995
-995
-995
-995
-995
-995
-995
-995
-995
-995
-995
-995
-995
-995
-995
-995
-995
-995
-995
-995
-987
-987
-995
-995
-995
-995
-995
-995
-995
-995
-995
-995
-995
-995
-995
-995
-995
-995
-995
-995
-995
-995
-995
-995
-995
-995
-995
-995
-995
-995
-995
-995
-995
-995
-995
-995
-995
-995
-995
-995
-995
-995
-995
-995
-995
-995
-995
-995
-995
-995
-995
-995
-995
-995
-995
-995
-995
-995
-995
-995
-995
-995
-995
-995
-995
-995
-995
-995
-995
-995
-995
-995
-995
-995
-995
-995
-995
-995
-995
-995
-995
-995
-995
-995
-995
-995
-995
-995
-995
-995
-995
-995
-995
-995
-995
-995
-995
-995
-995
-995
-995
-995
-995
-995
-995
-995
-995
-995
-995
-995
-995
-995
-995
-995
-995
-995
-995
-995
-995
-995
-995
-995
-995
-995
-995
-995
-995
-995
-995
-995
-995
-995
-995
-995
-995
-995
-995
-995
-995
-995
-995
-995
-995
-995
-995
-995
-995
-995
-995
-995
-995
-995
-995
-995
-995
-995
-995
-995
-995
-995
-995
-995
-995
-995
-995
-995
-995
-995
-995
-995
-995
-995
-995
-995
-995
-995
-995
-995
-995
-995
-995
-995
-995
-995
-995
-995
-995
-995
-995
-995
-995
-995
-995
-995
-995
-995
-995
-995
-995
-995
-995
-995
-995
-995
-995
-995
-995
-995
-995
-995
-995
-995
-995
-995
-995
-995
-995
-995
-995
-995
-995
-995
-995
-995
-995
-995
-995
-995
-995
-995
-995
-995
-995
-995
-995
-995
-995
-995
-995
-995
-995
-995
-995
-995
-995
-995
-995
-995
-995
-995
-995
-995
-995
-995
-995
-995
-995
-995
-995
-995
-995
-995
-995
-995
-995
-995
-995
-995
-995
-995
-995
-995
-995
-995
-995
-995
-995
-995
-995
-995
-995
-995
-995
-995
-995
-995
-995
-995
-995
-995
-995
-995
-995
-995
-995
-995
-995
-995
-995
-995
-995
-995
-995
-995
