agent: texplore
env: fuelworld
Environment is episodic.
set statesPerDim to 0 for all dim
feature 0 has range 20
feature 1 has range 30
feature 2 has range 61
reward range: 400
Parallel ETUCT tracking real state values
Planner using history size: 0
Start model learning thread
start parallel uct planning search thread
Created MultClass 0 with nModels: 5
Created C4.5 decision tree 0 with == and > splits
Created C4.5 decision tree 6 with == and > splits
Created C4.5 decision tree 12 with == and > splits
Created C4.5 decision tree 18 with == and > splits
Created C4.5 decision tree 24 with == and > splits
Created MultClass 3 with nModels: 5
Created C4.5 decision tree 3 with == and > splits
Created C4.5 decision tree 9 with == and > splits
Created C4.5 decision tree 15 with == and > splits
Created C4.5 decision tree 21 with == and > splits
Created C4.5 decision tree 27 with == and > splits
Created MultClass 4 with nModels: 5
Created C4.5 decision tree 4 with == and > splits
Created C4.5 decision tree 10 with == and > splits
Created C4.5 decision tree 16 with == and > splits
Created C4.5 decision tree 22 with == and > splits
Created C4.5 decision tree 28 with == and > splits
Created MultClass 1 with nModels: 5
Created C4.5 decision tree 1 with == and > splits
Created C4.5 decision tree 7 with == and > splits
Created C4.5 decision tree 13 with == and > splits
Created C4.5 decision tree 19 with == and > splits
Created C4.5 decision tree 25 with == and > splits
Created MultClass 2 with nModels: 5
Created C4.5 decision tree 2 with == and > splits
Created C4.5 decision tree 8 with == and > splits
Created C4.5 decision tree 14 with == and > splits
Created C4.5 decision tree 20 with == and > splits
Created C4.5 decision tree 26 with == and > splits
-417.4
-418.2
-418.2
-417.4
-419
-416
-510.4
-415.8
-419
-414.8
-552.6
-417.6
-419.8
-419.6
-422.4
-420.8
-513.4
-415.6
-419.8
-603
-417.2
-419.2
-1790.2
-556.2
-507
-503.4
-504
-264.4
-147.8
-181.8
-273.6
-132.6
-269.6
-242.8
-199.6
-265.8
-591.4
-88
-509.4
-286.6
-374
-132.6
-547.4
-94.8
-144.8
-57.8
-460.2
-99.6
-188
-86.8
-468.6
-52
-100.6
-462.6
-131.8
-53.2
-461.8
-94.8
-89.8
-97.4
-57.6
-91.4
-93.8
-134.8
-59.8
-94.2
-176.4
-86.2
-52.8
-65.4
-52.8
-95.8
-97.6
-76.6
-103.4
-55.8
-51.6
-60
-49.8
-58.2
-60
-101.4
-48.4
-57
-77.6
-98.2
-55.4
-51.2
-53.4
-84.2
-57.4
-65
-91.4
-54.2
-56
-81.4
-58.8
-50.6
-55.4
-47
-49.6
-48.8
-47.4
-54.2
-60.8
-53.2
-51.8
-55.8
-89.6
-55
-54.8
-56.2
-51.2
-51.8
-57.8
-47.6
-50.8
-56
-55.6
-67.2
-55.8
-99
-53.2
-59.2
-53.8
-48
-61.6
-50.6
-51
-68.2
-53.4
-53.8
-54.4
-51.8
-56.6
-52.8
-49.2
-57.6
-56.2
-47.6
-46.6
-84.4
-50.2
-51.6
-49.8
-59.6
-52.2
-56.4
-50.4
-53.8
-55.4
-55
-61.2
-55.4
-48.8
-50.8
-54.8
-54.6
-49.6
-56.2
-64.8
-65.2
-56.2
-56
-53.4
-49.8
-47.6
-48
-49.8
-53
-71.4
-56.4
-54
-50
-52
-55.6
-52.6
-52
-49.4
-47.2
-50.8
-56.8
-48.6
-48.6
-58
-50.4
-56.4
-50.2
-51
-91.6
-53.6
-60.2
-462.2
-90.2
-52.8
-56.8
-51.4
-56.2
-49.6
-61.4
-51.4
-49.8
-50.6
-50
-57.2
-52
-116
-52
-60.4
-59
-55.8
-51.6
-52.2
-48
-51
-59.6
-69
-60.6
-48
-49.4
-53.6
-54.2
-48.8
-50.6
-54
-54
-51.4
-53.8
-50
-64.8
-48.8
-49.4
-50.8
-51.8
-50.2
-48
-113.8
-49.6
-54.6
-57.8
-70.8
-78.6
-51
-51.4
-57.2
-50
-52.4
-64.4
-58
-50.4
-50.4
-61.8
-53.2
-48
-50.8
-53.4
-47.8
-53
-53.2
-57
-48.4
-60.2
-57.4
-61.2
-53.8
-48.2
-47.8
-48.4
-51.8
-52.4
-49.6
-48.2
-58
-48.4
-68
-48.4
-52.2
-55
-51.4
-51
-47.6
-54.8
-48.4
-56.4
-49.6
-53.2
-54.2
-49
-50.8
-60.2
-54.8
-77.2
-50.4
-56.8
-48.6
-52
-52
-52.4
-55.6
-99.4
-54
-61.2
-49.8
-51
-51.4
-56.8
-51.4
-57.6
-51.8
-59.6
-48.8
-55.8
-49.4
-53
-48.4
-58.2
-48.8
-50
-60.4
-50
-48.4
-50
-53.8
-54.6
-49
-50.6
-51.4
-57.6
-48.4
-58.8
-61.2
-56.8
-53.4
-46.2
-50.6
-50.4
-59.4
-51.2
-49.8
-51.2
-49.8
-48.8
-50.6
-59.8
-46.6
-55.2
-51.6
-58.4
-47.6
-52
-54
-48.6
-52.4
-48
-54.4
-49.8
-56.6
-55.6
-49.8
-49.6
-56.4
-56
-60.4
-58.4
-58.8
-48.2
-47.2
-50
-71.4
-55.6
-46.2
-50
-65
-53.2
-52.2
-57
-60.2
-51.6
-70.4
-54.6
-62.2
-52.2
-54.6
-77.2
-52.6
-73.4
-51.6
-56.2
-47
-53.4
-70.6
-55.4
-55
-48.2
-52.2
-55.4
-54
-54.8
-50.2
-124.8
-49
-58
-83
-66
-47.4
-48.4
-50.4
-53.4
-52.6
-47
-51.4
-48.4
-48.6
-51.4
-55.4
-61.8
-50.4
-54.8
-48.4
-49.6
-53.8
-55.8
-57.2
-54.8
-52.2
-56
-55.4
-52.4
-66.4
-56.4
-47.8
-48.6
-47.4
-56.8
-52.4
-51.4
-86.6
-52.2
-57
-50.6
-55.8
-47
-47.8
-59.6
-50
-50.2
-50
-75.4
-63
-54.8
-57.2
-57.8
-56.6
-51.8
-46.2
-51.2
-52.4
-52
-57.4
-55.2
-49
-52.2
-50.8
-50.4
-47.4
-54
-52.4
-51
-47.2
-52.6
-49
-49.6
-49.2
-50.4
-56.2
-60.8
-51.4
-58.2
-50.6
-47
-54.4
-50.6
-54.8
-61
-56.6
-50.6
-53.4
-49.4
-51.8
-56.4
-52.8
-49.4
-89.8
-52.2
-50
-51.4
-51.2
-50.2
-58.2
-49.4
-45.2
-48
-50.6
-53.4
-59.8
-48.2
-128.2
-49.4
-59.8
-49.4
-57.2
-75.8
-45.4
-57
-48.2
-53.2
-57.4
-56.6
-54
-59.8
-50.6
-50
-77.2
-51.4
-60.6
-59.8
-57.6
-49.8
-49.6
-54.4
-49.4
-49
-50.6
-127
-98.2
-54
-88.2
-74.4
-47.6
-50
-57.6
-55.4
-52.2
-51.8
-48.6
-47.2
-57.6
-50.2
-55
-55.4
-52.8
-53.4
-53.6
-50.6
-54.6
-48.4
-48
-47.6
-55.8
-58.6
-53.4
-59.2
-52
-56.4
-51.8
-82.2
-58
-52
-53
-55.2
-53.2
-52
-49.8
-49.4
-47.2
-54
-47
-54.4
-54.4
-51.6
-56.8
-52
-50.6
-51.6
-51.8
-56.2
-50
-59
-70.4
-58.8
-51
-47.2
-52
-53.8
-89.4
-53.4
-51.2
-55.2
-56
-50
-50.2
-52
-50.4
-55.6
-50.2
-57.6
-53.2
-58.6
-52.2
-52
-47.8
-47.8
-52.6
-50.6
-52.6
-52
-55.4
-55.6
-56
-52
-57
-48.2
-56
-49.2
-53
-50.2
-50.4
-48
-52
-52.8
-50.2
-52.2
-54.4
-50.4
-47
-54.8
-46.4
-50.6
-50.8
-51.6
-51.2
-53.8
-51.2
-54.6
-50.6
-56.6
-58.4
-51.4
-57.4
-48.4
-56.6
-47.6
-58.6
-49.8
-55.2
-70.8
-50.8
-52.8
-55
-52
-51.8
-49
-47.6
-52.8
-53.4
-51.2
-52.6
-48
-56.4
-44.6
-46.2
-54.4
-59.2
-54.6
-49.8
-56.2
-54.8
-48.2
-53
-48
-54
-52.2
-48.4
-82
-57.2
-59.6
-57.4
-60
-46.6
-50.4
-55
-53.6
-51.2
-49.4
-56.2
-52.2
-53
-58.2
-52.2
-52
-51.6
-50.8
-66
-49.4
-66.6
-53
-46.4
-48.6
-54.2
-55.4
-462.4
-56
-48.6
-50
-52.6
-53.6
-49.4
-51.4
-49.4
-53.6
-73.4
-58.8
-53.2
-48.4
-56.2
-50.8
-55
-54
-51.6
-58.8
-50
-51.4
-56
-76.8
-69.4
-71.6
-47.8
-50.4
-84.2
-62.4
-48.2
-55.6
-55.2
-56.4
-54.8
-50.8
-55.2
-54.4
-50.4
-47.8
-54.8
-66.2
-56.6
-50.2
-52.4
-49
-94.8
-53.6
-50.6
-47.2
-69
-58.4
-55.6
-52.6
-54.8
-49
-54.6
-58.4
-52.4
-57.8
-52.6
-50.2
-50
-50
-78.4
-50.4
-49.6
-49
-55.2
-57.8
-52.8
-49.4
-51
-47.6
-55.4
-53.6
-48.8
-57.8
-51.2
-52.2
-52.6
-54.6
-68.8
-59
-56
-47.4
-60.6
-49
-59.2
-58.2
-51.2
-57.4
-48.8
-48
-52.4
-74
-55
-50.6
-89
-51
-51.4
-61.4
-50.2
-46.8
-49.8
-47.4
-54.4
-51.4
-55.4
-52.6
-53.2
-54.8
-49
-48.4
-50.6
-48.4
-72.8
-48.2
-57.6
-55.4
-57
-73
-51
-72
-54
-48.6
-46.8
-59.2
-65
-50.4
-56.4
-57.6
-46.4
-55.4
-53.6
-48.6
-53.8
-56.4
-50.2
-46
-70.4
-54.6
-49.8
-49.6
-47.6
-54.4
-50
-55.6
-49.2
-54.4
-58.4
-57
-57.2
-55.6
-50
-55.6
-64.8
-51.8
-51.8
-67.4
-75.8
-58.8
-50.6
-46
-49.6
-67
-56
-56.6
-57.2
-52
-58.8
-52.8
-54.8
-46.4
-52.4
-50.8
-79.6
-68.4
-51
-53.8
-46.2
-50
-57.8
-70
-55.8
-52
-49.6
-52
-48.2
-52.4
-46.6
-57
-49.4
-47.2
-55.4
-59.2
-48.8
-59.8
-54
-50.6
-54.6
-47.4
-60.2
-58
-52.6
-55.8
-58.8
-54.4
-52
-55.4
-55.8
-48.6
-52.8
-52.2
-50
-59
-52.6
-57.4
-48.6
-51.8
-50.4
-58.6
-46.4
-50.6
-57.4
-62
-49
-55.8
-49
-51.6
-77.4
-49
-51.8
-48.4
-52.6
-50.6
-52.2
-55.4
-50
-73.4
-48.8
-54.6
-54
-52.8
-75.4
-54
-54.8
-48.6
-49.8
-58.2
-58.4
-50.2
-52.8
-47
-54
-54.6
-58
-54.6
-52
-69
-51.6
-49.8
-47.6
-53.6
-52.8
-56
-53.4
-51.4
-58.2
-49.2
-54.2
-460.2
-53.2
-50.6
-64.8
-55
-48.4
-50.4
-53
-51.4
-52.4
-46
-51.2
-51.4
-50.8
-48.4
-51
-51.6
-55
-48.4
