agent: texplore
env: asterix
Feature Selection: 2
Environment is episodic.
set statesPerDim to 0 for all dim
feature 0 has range 30
feature 1 has range 30
reward range: 1020
Parallel ETUCT tracking real state values
Planner using history size: 0
Start model learning thread
start parallel uct planning search thread
Created MultClass 0 with nModels: 5
Created C4.5 decision tree 0 with == and > splits
Created C4.5 decision tree 6 with == and > splits
Created C4.5 decision tree 12 with == and > splits
Created C4.5 decision tree 18 with == and > splits
Created C4.5 decision tree 24 with == and > splits
Created MultClass 2 with nModels: 5
Created C4.5 decision tree 2 with == and > splits
Created C4.5 decision tree 8 with == and > splits
Created C4.5 decision tree 14 with == and > splits
Created C4.5 decision tree 20 with == and > splits
Created C4.5 decision tree 26 with == and > splits
Created MultClass 3 with nModels: 5
Created C4.5 decision tree 3 with == and > splits
Created C4.5 decision tree 9 with == and > splits
Created C4.5 decision tree 15 with == and > splits
Created C4.5 decision tree 21 with == and > splits
Created C4.5 decision tree 27 with == and > splits
Created MultClass 1 with nModels: 5
Created C4.5 decision tree 1 with == and > splits
Created C4.5 decision tree 7 with == and > splits
Created C4.5 decision tree 13 with == and > splits
Created C4.5 decision tree 19 with == and > splits
Created C4.5 decision tree 25 with == and > splits
-992
-995
-992
-993
-995
-996
-994
-993
-994
-976
-987
-995
-994
-996
-991
-996
-997
-991
-985
-994
-973
-995
-996
-996
-996
-996
-990
-962
-975
-991
-918
-994
-986
-973
-987
-974
-987
-988
-988
-972
-987
-959
-994
-995
-992
-994
-995
-990
-996
-960
-960
-989
-988
-988
-989
-889
-947
-989
-969
-989
-955
-995
-997
-974
-971
-997
201
-985
-995
-995
-991
-991
-847
-984
-996
-987
-984
-993
-987
-993
-993
-996
-992
-993
-933
-990
-983
-983
-960
-960
-964
-994
-960
-984
-988
-988
-988
-915
-971
-985
-983
-975
-991
-975
-989
-991
-991
-991
-861
-994
-991
-875
-945
-960
201
-975
-991
-975
-994
-989
-996
-989
-995
-995
-969
201
-865
-971
-976
-985
-976
-996
-985
-985
-990
-996
-993
-990
-990
-994
-962
-994
-994
-906
-994
-994
-994
-994
-994
-994
-994
-995
-955
-991
-991
-996
-899
-991
-991
-996
201
-994
-990
201
-949
-978
-978
-978
201
201
-935
-990
-953
-985
201
-984
-979
-990
-993
-847
-907
-888
-874
-986
-877
-994
-989
-984
-994
-984
-931
-989
-975
-961
-945
-989
-989
-989
-989
-972
-995
-941
-997
-997
-989
-989
-989
-989
-989
-989
-983
-942
-971
-955
-976
-971
-970
-995
-970
-995
-971
-944
-986
-972
-986
-986
-972
-986
-986
-986
-986
-986
-986
-958
-986
-986
-986
-986
-986
-986
-930
-918
-974
-984
-918
-974
-946
-889
-875
-995
-995
-995
-995
-981
-925
-806
-973
-996
-862
-996
-918
-996
-996
-996
-996
-996
-996
-996
-996
-994
-994
-994
-994
-994
-994
-994
-994
-995
-994
-994
-994
-994
-994
-995
-995
-994
-994
-994
-994
-994
-994
-994
-994
-995
-994
-995
-995
-994
-994
-995
-994
-994
-994
-994
-994
-994
-994
-994
-994
-994
-994
-994
-994
-994
-994
-994
-994
-994
-994
-994
-994
-994
-994
-994
-994
-994
-994
-994
-994
-994
-994
-994
-994
-994
-994
201
201
-931
-956
-920
-948
-948
-948
-984
-920
201
201
-975
-985
-957
-987
-959
-973
-995
-987
-989
-989
-989
-995
-989
-989
-989
-989
-989
-995
-989
-989
-995
-989
-989
-995
-989
-989
-995
-989
-989
-989
-995
-989
-995
-989
-989
-995
-989
-989
-995
-989
-995
-989
-989
-995
-989
-989
-989
-989
-989
-989
-989
-989
201
-989
-989
-989
-989
-989
-989
-989
-989
-989
-989
-989
-989
-989
201
-960
-946
201
-974
201
-990
201
-984
201
201
-914
-983
-975
-984
-984
-983
-989
-975
-984
-983
-984
-984
-984
-983
-984
-984
-983
-984
-983
-984
-983
-983
-983
-983
-983
-983
-983
-983
-983
-984
201
-983
201
-972
-983
201
-988
-988
-960
-960
-993
201
-988
-993
-857
-988
-993
-993
-988
-993
-993
-993
-993
-988
-988
-988
-974
-993
201
-932
-918
-848
-960
-960
-974
-974
-974
-974
-960
201
-892
201
201
-976
-806
-890
201
201
201
-918
-918
-870
-918
-946
-946
-834
-974
-946
201
-943
-985
-985
-985
-943
-985
-985
201
-985
-985
-985
201
-985
201
-985
-985
-943
201
-946
-929
-890
-985
-985
-971
-890
-918
-918
-918
-918
201
-918
201
201
-946
201
201
201
-977
-914
-984
-942
-919
-977
-951
-977
-867
-951
-947
-977
-984
-984
-984
-970
-942
-919
-977
201
-997
201
201
201
201
201
-985
-957
-957
-957
-971
-971
-971
-985
-957
-985
-971
-957
-985
-985
-985
-985
-985
-985
-943
-985
-985
-985
-985
-943
-985
-985
-957
-985
-985
-985
-985
-971
-943
-971
-985
-985
-985
-985
-985
-985
-971
-985
201
201
201
201
201
-863
201
-995
-995
201
-995
-995
-995
-995
-995
-995
-995
-995
-995
-995
-995
-995
-995
-995
-995
-995
-995
-995
-995
-995
-995
-995
-995
-995
-995
-995
-995
-995
-995
-995
-995
-995
-995
-995
-995
-995
-995
-995
-995
-995
-995
-995
-995
-995
-995
-995
-995
-995
-995
-995
-995
-995
-995
-995
-995
-995
-995
-995
-995
-995
-995
-995
-995
-995
-995
-995
-995
-995
-995
-995
-995
-995
-995
-995
-995
-995
-995
-995
-995
-995
-995
-995
-995
-995
-995
-995
-995
-995
-995
-995
-995
-995
-995
-995
-995
-995
-995
-995
-995
-995
-995
-995
-995
-995
-995
-995
-995
-995
-995
-995
-995
-995
-995
-995
-995
-995
-995
-995
-995
-995
-995
-995
-995
-995
-995
-995
-995
-995
-995
-995
-995
-995
-995
-995
-995
-995
-995
-995
-995
-995
-995
-995
-995
-995
-995
-995
-995
-995
-995
-995
-995
-995
-995
-995
-995
-995
-995
-995
-995
-995
-995
-995
-995
-995
-995
-995
-995
-995
-995
-995
-995
-995
-994
201
201
201
201
201
201
201
201
201
201
201
201
201
201
201
201
201
201
-805
-863
201
201
-863
201
-891
201
-891
201
201
-917
201
201
201
-891
201
201
201
201
201
201
201
-920
-988
201
201
-960
201
201
-844
-877
-956
-933
-989
201
-961
-989
-989
-989
-989
201
-989
-989
-989
-989
-989
-989
-989
-989
-989
-989
-989
-989
-989
-989
-989
-989
-989
-989
-989
-989
-989
-989
-989
-989
-989
-989
-989
-989
-989
-989
-989
201
-989
-989
-989
201
-989
201
201
201
-876
201
-992
201
201
201
201
201
201
201
201
201
201
201
201
201
201
-994
-849
-994
201
201
201
-994
201
-810
201
201
201
201
201
201
201
201
201
201
201
201
-904
201
201
201
201
201
201
201
201
201
201
201
201
-930
-958
201
201
201
-947
-861
-973
-970
-961
-973
-987
-973
-987
-987
-973
-973
-989
-989
-989
-989
-962
-989
-973
-973
-973
-959
-973
-987
-973
-959
-959
-973
-973
-973
-973
-973
-973
-973
-973
-973
-989
-989
-973
-973
-973
-989
-973
