agent: texplore
env: asterix
Environment is episodic.
set statesPerDim to 0 for all dim
feature 0 has range 30
feature 1 has range 30
feature 2 has range 30
reward range: 1001
Parallel ETUCT tracking real state values
Planner using history size: 0
start parallel uct planning search thread
Start model learning thread
Created MultClass 0 with nModels: 5
Created C4.5 decision tree 0 with == and > splits
Created C4.5 decision tree 6 with == and > splits
Created C4.5 decision tree 12 with == and > splits
Created C4.5 decision tree 18 with == and > splits
Created C4.5 decision tree 24 with == and > splits
Created MultClass 3 with nModels: 5
Created C4.5 decision tree 3 with == and > splits
Created C4.5 decision tree 9 with == and > splits
Created C4.5 decision tree 15 with == and > splits
Created C4.5 decision tree 21 with == and > splits
Created C4.5 decision tree 27 with == and > splits
Created MultClass 4 with nModels: 5
Created C4.5 decision tree 4 with == and > splits
Created C4.5 decision tree 10 with == and > splits
Created C4.5 decision tree 16 with == and > splits
Created C4.5 decision tree 22 with == and > splits
Created C4.5 decision tree 28 with == and > splits
Created MultClass 1 with nModels: 5
Created C4.5 decision tree 1 with == and > splits
Created C4.5 decision tree 7 with == and > splits
Created C4.5 decision tree 13 with == and > splits
Created C4.5 decision tree 19 with == and > splits
Created C4.5 decision tree 25 with == and > splits
Created MultClass 2 with nModels: 5
Created C4.5 decision tree 2 with == and > splits
Created C4.5 decision tree 8 with == and > splits
Created C4.5 decision tree 14 with == and > splits
Created C4.5 decision tree 20 with == and > splits
Created C4.5 decision tree 26 with == and > splits
-993
-994
-994
-994
-996
-995
-995
-995
-995
-994
-997
-997
-991
-995
-994
-992
-994
-995
-994
-995
-997
-980
-981
-995
-994
-995
-995
-992
-996
-995
-995
-991
-996
-994
-989
-988
-988
-991
-991
-995
-994
-995
-996
-995
-994
-996
-994
-994
-994
-996
-991
-995
-995
-995
-995
-996
-995
-987
-987
-987
-987
-975
-987
-987
-973
-996
-993
-991
-982
-987
-996
-995
-987
-996
-987
-959
-986
-987
-995
-995
-995
-995
-995
-995
-987
-973
-987
-987
-987
-987
-981
-983
-979
-987
-986
-973
-987
-987
-987
-987
-987
-987
-987
-987
-987
-987
-986
-975
-994
-982
-986
-993
-994
-987
-994
-987
-993
-994
-986
-994
-986
-994
-987
-994
-986
201
-961
-960
-988
-917
-994
-994
-994
-953
-928
-994
-928
-987
-925
-925
-919
-928
-994
-919
-974
-994
-987
-988
-988
-988
-995
-988
-995
-988
-995
-994
-988
-995
-988
-994
-988
-876
-988
-994
-988
201
-988
201
-988
201
-987
-987
-987
-987
-987
-987
-987
-987
-987
-987
-987
-987
-987
-987
-987
-987
-987
-987
-987
-987
-987
-987
-987
-987
-987
-987
-987
-987
-987
-987
-987
-987
-987
-987
-987
-987
-987
-987
-987
-987
-987
-987
-987
-987
-987
-987
-987
-987
-987
201
-974
-814
-954
201
201
-969
-982
-917
-995
-995
-995
-995
-996
-912
-995
-889
-996
-995
-995
-995
-995
-995
-995
-995
-995
-995
-995
-995
-995
-995
-995
-995
-995
-995
-995
-995
-995
-995
-995
-995
-995
-995
-995
-995
201
201
-988
-988
-994
-988
-988
-988
-988
-988
-988
-988
-988
-988
-988
-988
-988
-988
-988
-988
-988
-988
-988
-988
-988
-988
-988
-988
-988
-988
-988
-988
-988
-988
-988
-988
-988
-988
-988
-988
-988
-988
-917
-945
201
-829
-956
-984
-994
-804
-958
-986
-986
-984
-984
-984
-984
-984
-984
-984
-984
-984
-984
-984
-970
-970
-984
-984
-984
-984
-984
-984
-984
-984
-984
-984
-984
-984
-984
-984
-984
-984
-984
-984
-984
-984
-984
-984
-984
-984
-984
-984
-984
-984
-984
-984
201
201
-986
201
201
201
201
201
201
201
201
201
-986
-966
201
-944
-986
-986
-986
-986
-986
201
201
-987
-983
-987
-847
-987
-987
-987
-987
-987
-987
-987
-959
-987
-987
-987
-987
-987
-987
-959
-959
-987
-987
-987
-987
-987
-987
-987
-959
-987
-987
-987
-987
-987
-987
-987
-959
201
201
201
-804
-986
-987
-971
-972
-986
-986
-987
-986
201
201
-972
-987
-987
-903
-987
-987
-987
-987
-987
-987
-987
-987
-987
-987
-987
-987
-987
-987
-987
-987
-987
-987
-987
-987
-987
-987
-987
-987
-987
-987
-987
-987
-987
-987
-987
-987
-987
-987
-987
-987
-987
-987
-987
-987
-987
-987
-987
-987
-987
-987
-987
-987
-996
-987
-987
-903
-996
-996
-996
-996
-996
-987
-996
-996
-996
-996
-987
-987
-987
-987
-987
-996
-987
-996
-996
-996
-996
-996
-996
-987
-987
-987
-987
-987
-987
-987
-987
-987
-987
-987
-987
-987
-987
-987
-987
-987
-987
-987
-987
-987
-987
-987
-987
-987
-987
-987
-987
-987
201
201
201
-816
-956
-926
-956
-981
-996
-955
-954
-954
-956
-982
-956
-987
-956
-987
-984
-956
-956
-956
-956
-956
-956
-956
-982
201
201
201
201
201
-973
201
201
201
201
201
201
201
201
201
201
201
201
201
201
201
-886
201
-980
201
201
-833
-917
-913
201
-969
201
-987
-987
-987
-994
-987
-987
-980
-952
-987
-987
-987
-987
201
-987
201
-987
201
-987
201
-987
-987
-987
-987
-987
-987
-987
-987
-987
-987
-987
-987
-987
-987
201
201
201
-996
-996
-996
-996
201
-996
-996
201
-996
-996
-996
-996
201
-996
-996
-996
-996
-996
-996
-996
-996
-996
-996
201
-996
-996
-996
-996
-996
-996
-996
-996
-996
-996
-996
-996
-996
-996
-996
-996
-996
-996
-996
-996
-996
-996
-996
201
-994
201
-913
201
201
-829
201
201
201
201
201
201
201
201
201
201
201
201
201
201
201
201
201
201
201
201
201
201
-931
201
-931
201
201
201
201
201
201
201
201
201
201
201
201
201
201
201
201
201
201
-863
-995
-995
-995
-995
-995
-995
-995
-995
-995
-995
-995
-995
-995
-995
-995
-995
-995
-995
-995
-995
-995
-995
-995
-995
-995
-995
-995
-995
-995
-995
-995
-995
-995
-995
-995
-995
-995
-995
-995
-995
-995
-995
-995
-995
-995
-995
-995
-995
-995
-995
-995
-995
-995
-995
-995
-995
-995
-995
-995
-995
-995
-995
-995
-995
-995
-995
-995
-995
-995
-995
-995
-995
-995
-995
-995
-995
-995
-995
-995
-995
-995
-995
-995
-995
-995
-995
-995
-995
-995
-995
-995
-995
-995
-995
-995
-995
-995
-995
-995
-995
-995
-995
-995
-995
-995
-995
-995
-995
-995
-995
-995
-995
-995
-995
-995
-995
-995
-995
-995
-995
-995
-995
-995
-995
-995
-995
-995
-995
-995
-995
-995
-995
-995
-995
-995
-995
-995
-995
-995
-995
-995
-995
-995
-995
-995
-995
-995
-995
-995
-995
-995
-995
-995
-995
-995
-995
-995
-995
-995
-995
-995
-995
-995
-995
-995
-995
-995
-995
-995
-995
-995
-995
-995
-995
-995
-995
-995
-995
-995
-995
-995
-995
-995
-995
-995
-995
-995
-995
-995
-995
-995
-995
-995
-995
-995
-995
-995
-995
-995
-995
-995
-995
-995
-995
-995
-995
-995
-995
-995
-995
-995
-995
-995
-995
-995
-995
-995
-995
-995
-995
-995
-995
-995
-995
-995
-995
-995
-995
-995
-995
-995
-995
-995
-995
-995
-995
-995
-995
-995
-995
-995
-995
-995
-995
-995
-995
-995
-995
-995
-995
-995
-995
-995
-995
-995
-995
-995
-995
-995
-995
-995
-995
-995
-995
-995
-995
