agent: texplore
env: fuelworld
Environment is episodic.
set statesPerDim to 0 for all dim
feature 0 has range 20
feature 1 has range 30
feature 2 has range 61
reward range: 400
Parallel ETUCT tracking real state values
Planner using history size: 0
Start model learning thread
start parallel uct planning search thread
Created MultClass 0 with nModels: 5
Created C4.5 decision tree 0 with == and > splits
Created C4.5 decision tree 6 with == and > splits
Created C4.5 decision tree 12 with == and > splits
Created C4.5 decision tree 18 with == and > splits
Created C4.5 decision tree 24 with == and > splits
Created MultClass 3 with nModels: 5
Created C4.5 decision tree 3 with == and > splits
Created C4.5 decision tree 9 with == and > splits
Created C4.5 decision tree 15 with == and > splits
Created C4.5 decision tree 21 with == and > splits
Created C4.5 decision tree 27 with == and > splits
Created MultClass 4 with nModels: 5
Created C4.5 decision tree 4 with == and > splits
Created C4.5 decision tree 10 with == and > splits
Created C4.5 decision tree 16 with == and > splits
Created C4.5 decision tree 22 with == and > splits
Created C4.5 decision tree 28 with == and > splits
Created MultClass 1 with nModels: 5
Created C4.5 decision tree 1 with == and > splits
Created C4.5 decision tree 7 with == and > splits
Created C4.5 decision tree 13 with == and > splits
Created C4.5 decision tree 19 with == and > splits
Created C4.5 decision tree 25 with == and > splits
Created MultClass 2 with nModels: 5
Created C4.5 decision tree 2 with == and > splits
Created C4.5 decision tree 8 with == and > splits
Created C4.5 decision tree 14 with == and > splits
Created C4.5 decision tree 20 with == and > splits
Created C4.5 decision tree 26 with == and > splits
-417
-419
-417.4
-419
-418.2
-418
-421
-420.4
-419.8
-418.6
-419
-416.4
-420.4
-420.8
-916.8
-419.6
-462
-465.6
-420.4
-416.4
-418
-419.6
-537.8
-417.2
-147.8
-760.4
-597.8
-508.6
-515.6
-316
-838
-595.6
-86.8
-541.2
-554.8
-501.6
-624.4
-551.4
-602.4
-91.8
-107.6
-88.8
-511.8
-605
-181.2
-101.6
-418
-88
-87.2
-466.8
-96.8
-97.2
-111.2
-140
-85
-142.2
-417.8
-49
-105.8
-90.6
-83.2
-104
-58.4
-143.2
-420.8
-91.8
-98.6
-87.4
-422.4
-499.8
-423.2
-422.2
-415.6
-506
-466.6
-89.4
-140.2
-419.4
-420.4
-59.6
-416.4
-60.2
-54
-94.2
-55.8
-54.2
-61.8
-56.6
-183.4
-186
-62.2
-90.6
-128
-53.4
-56
-101.6
-53.2
-97.4
-51.8
-47.6
-52.8
-95
-52.2
-102.4
-87.6
-87.2
-54
-102.2
-65.2
-56
-49.4
-55.6
-57.2
-86.4
-49.6
-59.2
-102.6
-50.4
-59.4
-53
-51.6
-50
-54
-58.2
-93
-104.4
-52.6
-53.6
-51.4
-51.6
-53.4
-62
-49.8
-54.6
-57.8
-66.4
-50
-59.2
-50.8
-58.4
-52
-55.8
-127.4
-52
-52.6
-90.8
-48.6
-49.8
-97
-54.4
-51
-57.2
-52.8
-56
-60
-51.6
-51
-65
-55.2
-50.2
-55
-51
-50
-53.2
-51
-55
-52.8
-58.2
-55.4
-83.4
-55.4
-49.2
-53.8
-52.4
-53.4
-47.6
-73.8
-51
-50.8
-50.4
-49.8
-54
-58.8
-53
-49.4
-50.2
-52
-51.2
-50.4
-47.4
-58.8
-48
-54.4
-56
-50.2
-54.4
-74.6
-95.8
-53.2
-56
-50
-51
-49.4
-55.8
-92.8
-54.2
-52.2
-53.2
-50.4
-98.4
-57.6
-53
-50.2
-74.8
-59
-57.4
-55.4
-49.8
-50.8
-53.2
-53.4
-51.4
-50.6
-52
-52.8
-49
-51.6
-50.2
-50.8
-54.6
-51.8
-56.4
-54
-55.8
-51.8
-53
-53
-57.2
-54
-59.2
-52
-51.8
-136.4
-47.4
-52.2
-55.2
-53.4
-51
-51.6
-52.6
-54.2
-57.8
-48.4
-47.8
-51.2
-48.8
-50.2
-46.6
-51.4
-52.8
-68.6
-56
-54.6
-57
-50
-71.2
-52.4
-49
-55.2
-48.8
-48.6
-51.2
-51.2
-54
-50.2
-49.2
-53
-52.4
-49.2
-50.2
-48.4
-55.2
-52.2
-53.8
-45.4
-48.4
-49.2
-52.8
-53.8
-48.6
-55.4
-56
-51.4
-50.2
-49.8
-54.4
-53
-52.8
-49.2
-57
-49.4
-47.4
-52.8
-55.2
-83.6
-60.6
-60.6
-51.2
-50.2
-54.8
-49.2
-54.6
-57.6
-53.6
-53.8
-59.2
-47.6
-53
-54.8
-59
-48
-56.8
-54.4
-57
-55.2
-53.6
-50.6
-49.8
-467
-71
-69.4
-54.4
-65.8
-51.6
-46.6
-49.4
-50.8
-49.8
-93
-54.2
-92.8
-52
-48.4
-49
-57.2
-53
-51.2
-56.4
-60
-48.6
-64
-58.6
-56
-59.4
-51
-55.6
-48
-48.2
-51.8
-54.6
-56.8
-51.4
-52.6
-54.4
-61
-57.2
-55.6
-54.4
-55.6
-57
-51.2
-55.8
-55.6
-50.8
-50.4
-50.6
-54
-49.6
-58.8
-53.6
-57.4
-49
-48.4
-59.8
-50.6
-55.2
-47
-53
-61.8
-52.2
-48.2
-53.4
-55.6
-52.4
-55.8
-57
-48
-45.8
-51.2
-50.6
-57.8
-55.4
-52
-51.2
-52.4
-53.4
-50.8
-55
-51.6
-53.8
-54.4
-76.6
-50.6
-53.6
-55.6
-51.2
-51.4
-49.8
-55.2
-50.8
-58
-78
-47
-50.8
-80.4
-48.4
-58
-50
-50.6
-59
-56.4
-46.8
-49
-48.2
-83
-54
-55
-52.2
-56.2
-58
-54.8
-49.6
-58.2
-49
-50.6
-57.6
-52.2
-49.2
-53.6
-54
-46.8
-52.8
-52.6
-49.6
-55.8
-54
-53.4
-59
-49
-49.4
-57.4
-53.6
-59.4
-53
-55.8
-71
-52.2
-56.8
-55
-52.8
-56
-48.6
-54.4
-48.4
-56.6
-49
-52.6
-54.4
-56.2
-52.2
-49
-55
-55.6
-57.4
-97.8
-56.4
-55.4
-52.2
-49
-52.2
-48.4
-69.6
-73.8
-54.4
-56
-51.8
-51.8
-49.6
-60.8
-51.2
-48.6
-54.2
-53.8
-54.2
-49.4
-60.4
-80.4
-48.2
-49.6
-52.6
-50.4
-79.4
-50.6
-50.2
-56
-50.4
-56.6
-45
-48
-48.6
-46.8
-48.6
-60
-58.8
-54.8
-47.8
-46.4
-50.6
-61.2
-51.2
-48.4
-54.4
-54
-53
-50
-50.4
-56
-52.8
-51
-57.6
-48.8
-54.4
-54.6
-56
-51.2
-52.8
-53
-51.6
-56.2
-50.4
-68.2
-47.6
-54.6
-52.4
-71.8
-49
-51.6
-55.2
-50
-53.4
-54.4
-50.4
-49
-55.6
-67.4
-50.8
-50.4
-51.6
-55.4
-57.6
-53.2
-52
-50
-52.6
-54.8
-51.2
-51.6
-45.2
-49.2
-59
-50
-69.2
-46.6
-51.2
-50.4
-51
-54
-52.8
-48.4
-48.2
-56.8
-55.4
-54.2
-54.4
-58.2
-54.2
-53.8
-50
-55
-54.2
-59.6
-47.2
-48.8
-59.2
-48
-50
-52.4
-49.8
-50.2
-81.8
-57.8
-50.6
-52.8
-45.2
-58
-50.6
-55.2
-52.6
-54.4
-53.4
-55.6
-51.8
-52.8
-55
-52.8
-52.2
-51
-51.2
-47.4
-48.8
-53.4
-54.4
-46.4
-80.4
-52.2
-59.8
-58.2
-92.2
-65
-57.2
-55.4
-50.4
-46.4
-59.6
-50
-50
-79.4
-55.4
-50.4
-55.6
-46.2
-52.8
-53.4
-47.6
-50.8
-51.4
-83.4
-60.6
-53.4
-51.2
-70.2
-58.8
-50.4
-55.4
-53.8
-48.4
-50.8
-54.6
-50.6
-57.8
-55.6
-47.8
-47.8
-49.6
-54.6
-51.8
-51.4
-52.6
-50.2
-50.6
-72
-57
-50
-49.4
-46.8
-50.8
-47
-52
-51.4
-51
-56.2
-55.6
-52.2
-52.4
-55.6
-56.8
-55.6
-51.2
-55.6
-58.2
-47.2
-52.8
-56
-417.8
-65.2
-48.4
-53.4
-49.6
-47.2
-57.6
-71.6
-56.4
-50.6
-53.4
-56.4
-56.6
-47.6
-55
-57.8
-56
-48.8
-52.8
-55.4
-50.6
-50.4
-58
-53.6
-59.6
-53.6
-49.6
-48.4
-47.2
-57.2
-74.8
-52.4
-48.4
-78.4
-60.4
-57.8
-54.8
-51.6
-50.4
-48.4
-49.4
-48.6
-50.6
-46.2
-87.6
-53
-58.6
-56.4
-49.8
-58
-48.8
-49.6
-52.8
-56.4
-51.6
-50.8
-50.4
-53.6
-51.2
-49
-57
-48.4
-52.8
-46.6
-49.6
-55.8
-47.6
-54.6
-55
-46.8
-52.8
-69.8
-53.4
-60.8
-53.6
-54.8
-51.6
-59.6
-56.6
-77
-51.4
-57.6
-58.8
-53.8
-56
-47.6
-53
-50.6
-47.2
-52
-52.4
-49
-54.8
-49.6
-51.4
-51.4
-60.6
-54.2
-52
-54.4
-54.6
-54.2
-51.4
-51.8
-52
-80.2
-52.2
-49.2
-50.4
-53.4
-55.6
-47.6
-71.2
-49.8
-53.2
-49.6
-53.6
-54.8
-57.2
-51.8
-53.4
-52.8
-54.6
-54
-51.6
-54.8
-52.6
-59.4
-50.6
-53.6
-50
-52
-49.8
-51.2
-49.4
-52.4
-48
-50
-50.6
-50.8
-59.8
-52.2
-53.4
-55.8
-48
-48.6
-56
-48.8
-51.8
-52.6
-77.8
-53.6
-51.6
-47
-56.6
-52
-54.8
-50.2
-51.6
-50.8
-51.4
-52.4
-458.4
-54.6
-50.6
-52.8
-46.6
-49.8
-51.2
-59
-54
-61
-47
-71.2
-59.8
-48.6
-53.6
-57.4
-84.2
-59.6
-57
-57.8
-49.4
-52.8
-48.6
-53.8
-55.4
-52.8
-53
-56
-69.6
-50.2
-49.4
-53.6
-57
-69
-45.8
-58.6
-60
-65
-49.4
-60.4
-96.6
-49.4
-55.2
-52.8
-79
-643.4
-53.8
-47
-70
-49
-52.2
-50
-57.2
-57.8
-54.4
-65.8
-57.2
-52.8
-54.8
-57.8
-51.6
-56.8
-49.4
-46.6
-53.2
-53.2
-59
-57.8
-61.4
-54.4
-1509.4
-51.8
-51.4
-56.8
-47.6
-56.2
-51.4
-55.2
-51.6
-52.4
-50.2
-79.2
-75.8
-48.4
-47.2
-56.4
-57.6
-52.8
-50
-48.6
-47.4
-56
-49.6
-53
-55.4
-53.2
-47.6
-59.4
-53.4
-58
-50.4
-50.2
-47.2
-48.6
-69.4
-52.8
-47.8
-54
-47.4
-47.8
-49
-47.8
-56.4
-55.6
-57.4
-55.2
-56.8
-55.2
-47
-49.8
-50
-49
-49.4
-48.4
-48.8
-53.2
-51.2
-47.8
-58.8
-55.2
-56.6
-55.6
-46.6
-56
-54.6
