agent: texplore
env: fuelworld
Environment is episodic.
set statesPerDim to 0 for all dim
feature 0 has range 20
feature 1 has range 30
feature 2 has range 61
reward range: 400
Parallel ETUCT tracking real state values
Planner using history size: 0
Start model learning thread
Created MultClass 0 with nModels: 5
start parallel uct planning search thread
Created C4.5 decision tree 0 with == and > splits
Created C4.5 decision tree 6 with == and > splits
Created C4.5 decision tree 12 with == and > splits
Created C4.5 decision tree 18 with == and > splits
Created C4.5 decision tree 24 with == and > splits
Created MultClass 3 with nModels: 5
Created C4.5 decision tree 3 with == and > splits
Created C4.5 decision tree 9 with == and > splits
Created C4.5 decision tree 15 with == and > splits
Created C4.5 decision tree 21 with == and > splits
Created C4.5 decision tree 27 with == and > splits
Created MultClass 4 with nModels: 5
Created C4.5 decision tree 4 with == and > splits
Created C4.5 decision tree 10 with == and > splits
Created C4.5 decision tree 16 with == and > splits
Created C4.5 decision tree 22 with == and > splits
Created C4.5 decision tree 28 with == and > splits
Created MultClass 1 with nModels: 5
Created C4.5 decision tree 1 with == and > splits
Created C4.5 decision tree 7 with == and > splits
Created C4.5 decision tree 13 with == and > splits
Created C4.5 decision tree 19 with == and > splits
Created C4.5 decision tree 25 with == and > splits
Created MultClass 2 with nModels: 5
Created C4.5 decision tree 2 with == and > splits
Created C4.5 decision tree 8 with == and > splits
Created C4.5 decision tree 14 with == and > splits
Created C4.5 decision tree 20 with == and > splits
Created C4.5 decision tree 26 with == and > splits
-418.2
-419
-418.6
-419
-417.8
-416
-420.2
-418.4
-420.2
-417
-417.8
-416.8
-419.2
-418.8
-419.6
-420.8
-418.2
-420.6
-417.8
-419.4
-417
-552.6
-418.8
-418.8
-630.8
-504.8
-602.6
-504.6
-1176
-719
-584
-152.6
-669.4
-554
-61.8
-118
-629.4
-856.2
-826.8
-94.4
-159.8
-126.6
-133.6
-92.6
-89.4
-418
-108.4
-417.6
-419.4
-417.8
-172.2
-95
-81.4
-421.4
-130.2
-145.4
-416.6
-80
-53.2
-83.6
-458.2
-86.4
-106.4
-462.2
-105
-57.4
-55.8
-79.2
-49.8
-50.2
-51.6
-96.8
-97.6
-102.6
-57.2
-49.8
-54.2
-54
-61.2
-49.2
-57.8
-61
-101.6
-87
-51.8
-53.6
-56
-65.8
-50
-56.2
-61.8
-49
-49.4
-109.4
-50.6
-56.6
-109.6
-57.2
-47.6
-55
-131.6
-52.2
-87.8
-47.2
-62.4
-52.6
-55
-79.4
-54
-86.6
-97.8
-57.2
-51.8
-56
-53.2
-54.6
-50.6
-52.4
-55.4
-108
-51.6
-57.8
-47.4
-61.2
-59.8
-50
-87
-59.2
-59.2
-51.6
-54.6
-62.2
-52.2
-54.2
-56
-96.6
-52.2
-51.6
-51.6
-53.6
-56
-55.8
-54
-56.8
-52.4
-58.4
-50.2
-55.2
-54.2
-53.4
-53.2
-51.6
-56.4
-49
-51
-51.6
-55.2
-54.6
-49.4
-50.6
-53.4
-48.6
-49.2
-78
-55.2
-53
-61.2
-53.6
-54.8
-54.6
-103.6
-101.2
-50.6
-53.6
-54
-50.2
-52.4
-53.2
-54.2
-58.8
-53.8
-52.4
-53.6
-46.4
-49.4
-57.4
-47.4
-55.6
-101.4
-49.8
-51.4
-52.8
-48
-55.8
-57.8
-49
-52.8
-59.4
-57.2
-49
-54.6
-59
-56.6
-53.2
-55.6
-51.6
-49.8
-48.2
-50
-49.4
-51
-52.4
-46.2
-53
-58.8
-50.4
-51
-50.8
-56
-57
-52.8
-80.8
-52.6
-49.2
-52.2
-50.2
-53.8
-58
-55.2
-58.6
-95.2
-47.8
-49.4
-49.4
-48.8
-50.4
-47.8
-49.8
-48.2
-48.8
-53.8
-49.6
-53
-54.8
-48.4
-58.2
-51.4
-51.4
-60
-52
-55
-54.4
-55.8
-51.8
-53.6
-51
-52.8
-52.2
-50
-54.8
-57.4
-51.4
-87.8
-52
-59.6
-50.6
-47.4
-52.8
-56.4
-48
-56.6
-53.6
-56
-51
-52.2
-52.2
-56.2
-49.8
-52.6
-52.2
-49.6
-50
-50.8
-52.4
-57.2
-51
-50.6
-56.4
-49.2
-51.8
-51
-51.8
-48.6
-51.4
-53.2
-51.4
-58.6
-54
-59.6
-49.8
-49.8
-58.2
-55
-99.2
-52.2
-54.4
-50.2
-83
-52.2
-49.4
-51.8
-50
-55.2
-52.6
-49
-47.8
-49.4
-54.4
-54.4
-50.4
-82.8
-51.6
-54
-50.8
-48.8
-55.2
-97.6
-54.6
-49.8
-58.6
-61.4
-52
-50.8
-53.2
-50
-82
-57.8
-52
-51.2
-78.4
-49.6
-58.6
-54.8
-54.2
-55.6
-53.4
-56.2
-54.6
-51.6
-55.6
-50.4
-50.4
-51.6
-52.8
-52.6
-48.4
-54.6
-49.8
-52.4
-55.2
-55.2
-52.6
-56.8
-58.2
-56.6
-47.4
-53.2
-50
-55.4
-60.6
-47.2
-55.8
-53.4
-53
-51
-51.2
-54.6
-52.4
-62
-55
-47.8
-46.6
-97
-54
-50
-48.6
-56
-82.2
-53.2
-50.8
-57.4
-50.2
-55.6
-51
-50.6
-51.6
-52.6
-52.4
-50
-53
-63.4
-49.6
-54.6
-51.4
-54.6
-57.6
-48.4
-52.8
-54.4
-53.4
-51
-60
-53.6
-57
-49.6
-83.2
-57
-53.8
-49.6
-51
-51.8
-49
-51.2
-48.4
-52.8
-49
-50.8
-58.4
-51.6
-49
-48.8
-50.2
-94
-49.8
-51.4
-50.4
-58.6
-56.8
-49.6
-48.6
-52
-47.2
-51.8
-49
-97.2
-53
-119.2
-51.4
-55
-55.8
-53.4
-52
-47.4
-52.6
-64.8
-48.8
-53.4
-49.2
-50.6
-49.8
-53.4
-47.2
-49
-48.6
-50.4
-53.2
-50.2
-64.4
-49.2
-90
-47.4
-54
-54.8
-50.6
-52.8
-104
-53.8
-48.4
-52.2
-47.8
-52.2
-49
-53.2
-48.2
-58.4
-52.8
-53.2
-54
-50.4
-47.4
-56.8
-46.2
-55.2
-54.4
-53.8
-46.8
-104.2
-48.6
-50.2
-99.6
-53.6
-51
-58
-47.6
-55.2
-57.4
-64.6
-52.8
-50.4
-50
-49.6
-46.6
-56
-58.4
-48.4
-63
-52.6
-51.6
-48.6
-49
-53.6
-54.4
-44.4
-51.2
-47.4
-54.4
-54
-51.4
-51.6
-91.8
-53.8
-48.4
-47.6
-50.2
-54.4
-50.8
-54.4
-55
-47.6
-49.6
-53.4
-52.8
-48.8
-72.2
-53
-48.2
-49.6
-51.2
-50.6
-52.2
-54
-50.2
-63.4
-55.4
-55.2
-51.4
-47.6
-52.2
-47.6
-51
-51.2
-49.6
-49.8
-56.2
-53.6
-55
-53.6
-58
-47.2
-50
-55.6
-55.2
-46.8
-51.2
-51.8
-56.8
-53.8
-48.4
-49.6
-57.4
-52.2
-56.2
-50.6
-48.4
-47.6
-48.8
-52
-47.4
-52
-53.4
-49
-55
-54.6
-56.2
-54.8
-51.2
-56.8
-49
-56.4
-49.8
-51.4
-49
-50.4
-45.6
-50.4
-50.8
-54.8
-55.8
-50.8
-55.4
-48.4
-55.4
-51.2
-52
-51.2
-56.6
-60.2
-52.4
-50.4
-55
-58.4
-50.8
-53.2
-53
-49.4
-50
-52.8
-47
-56.6
-50.4
-48
-51.8
-62.4
-59
-62.2
-47.2
-57
-49.8
-49
-50
-52.2
-49
-53.4
-55.2
-52.8
-60.4
-49.8
-51
-52
-61.4
-47.4
-46.6
-59.2
-52.8
-56.8
-53.6
-53.8
-60
-56.6
-59.4
-50.6
-47.2
-51
-57.4
-52.2
-56.4
-49
-60.2
-54.4
-49.8
-49.6
-59.4
-48.8
-51.4
-50.8
-48
-51.6
-48.6
-51.8
-47.6
-49
-52.6
-49.8
-50
-57
-54
-51.8
-51
-52.6
-49
-48.6
-50.8
-50.4
-48.4
-49.4
-52.8
-419.8
-54.6
-48.6
-51.6
-49.8
-50.8
-48
-59
-77.2
-50.4
-49.6
-50.2
-52.8
-55
-46.4
-81
-63.6
-54.8
-52.6
-46.4
-54.2
-48.4
-60
-48.2
-55.2
-46.6
-50.2
-51.2
-48.4
-55.4
-50.8
-54
-50.8
-48.6
-51.4
-46.8
-116
-50.2
-55.4
-90.6
-53
-47.8
-50.8
-53.2
-51
-57.8
-46.8
-58.8
-55
-52.2
-50.2
-51.8
-50.2
-51.8
-50.6
-48
-82
-49
-420.2
-51
-58.4
-53.4
-97.8
-58
-54
-58.2
-49
-54.2
-48
-55
-63.8
-56.8
-50.2
-50.4
-47.8
-45.4
-51.8
-57.4
-51.2
-52.2
-49.8
-48.4
-60.4
-57.4
-56.8
-49.4
-50
-53.6
-53.2
-75.8
-55.2
-51.2
-49.6
-52
-47.8
-49.4
-51.8
-102
-52
-53.8
-50
-49.6
-51
-52.2
-56.6
-91.2
-65
-49.2
-57.8
-62.2
-56.8
-44.4
-54
-48
-56.2
-51.6
-47.2
-50.2
-49
-52
-58.6
-47.6
-56.2
-49.6
-54.4
-78
-49.8
-54
-58.6
-54.6
-56
-50.8
-51.2
-96.2
-58.6
-56
-50.2
-53
-54.4
-55.8
-49.4
-51.6
-56.8
-51.4
-52.8
-79.6
-63.2
-55.2
-73.2
-51.4
-50.4
-48.4
-51
-55.8
-49
-54.8
-50.6
-49
-52
-53.6
-53.8
-53
-49.4
-51.6
-49.6
-62.2
-49
-56.8
-51.8
-60.2
-50.4
-53.4
-49.6
-50.4
-57.4
-51.6
-49
-51.8
-52.4
-58.6
-49.6
-52.6
-51.8
-72
-56.2
-52.4
-52.6
-47.6
-57
-55.6
-56.6
-62.4
-50.2
-56.6
-53
-50.4
-50.4
-47.2
-51.2
-57.8
-53.2
-47.8
-59.4
-69.6
-53.6
-51.4
-53.2
-50.2
-56.4
-58.2
-51.2
-51.4
-51.6
-52.2
-48.8
-49.6
-51.4
-57.4
-55
-54
-53
-50.2
-49.6
-58.2
-56.2
-58.2
-54
-54.2
-53.4
-49.6
-54.8
-53
-51.2
-52.2
-51.4
-53.8
-49.8
-55.6
-48
-50.6
-57.2
-51
-54.2
-60
-51.4
-51.6
-52.4
-75.4
-53
-51
-49.6
-58.8
-70.2
-48
-50.2
-46
-48.2
-52.6
-48.8
-50.2
-53
-53
-56.8
-51.2
-52.6
-51
-50
-50.4
-50.4
-50.4
-45.8
-51.2
-56.8
-51.4
-56.2
-55
-55.8
-51.6
-49.2
-51.8
-54.8
-57.6
-86.6
-50.2
-56.6
-51
-51
-49.6
-48.6
-54
-47.4
-68
-84.2
-52
-57.8
-54.2
-52.4
-54.8
-51.2
-49.8
-57.6
-49.2
-50.6
-53.6
