agent: texplore
env: asterix
Feature Selection: 2
Environment is episodic.
set statesPerDim to 0 for all dim
feature 0 has range 30
feature 1 has range 30
reward range: 1020
Parallel ETUCT tracking real state values
Planner using history size: 0
Start model learning threadstart parallel uct planning search thread

Created MultClass 0 with nModels: 5
Created C4.5 decision tree 0 with == and > splits
Created C4.5 decision tree 6 with == and > splits
Created C4.5 decision tree 12 with == and > splits
Created C4.5 decision tree 18 with == and > splits
Created C4.5 decision tree 24 with == and > splits
Created MultClass 2 with nModels: 5
Created C4.5 decision tree 2 with == and > splits
Created C4.5 decision tree 8 with == and > splits
Created C4.5 decision tree 14 with == and > splits
Created C4.5 decision tree 20 with == and > splits
Created C4.5 decision tree 26 with == and > splits
Created MultClass 3 with nModels: 5
Created C4.5 decision tree 3 with == and > splits
Created C4.5 decision tree 9 with == and > splits
Created C4.5 decision tree 15 with == and > splits
Created C4.5 decision tree 21 with == and > splits
Created C4.5 decision tree 27 with == and > splits
Created MultClass 1 with nModels: 5
Created C4.5 decision tree 1 with == and > splits
Created C4.5 decision tree 7 with == and > splits
Created C4.5 decision tree 13 with == and > splits
Created C4.5 decision tree 19 with == and > splits
Created C4.5 decision tree 25 with == and > splits
-994
-994
-983
-994
-994
-995
-994
-996
-995
-991
-995
-995
-987
-995
-992
-995
-995
-995
-995
-995
-995
-995
-995
-985
-994
-993
-993
-984
-993
-983
-986
-988
-989
-985
-989
-995
-989
-973
-996
-990
-946
-993
-959
-995
-995
-994
-995
-994
-995
-995
-995
-927
-979
201
201
-947
201
-992
-832
-994
-994
-993
-994
-994
-994
-994
-994
-994
-889
-959
-959
-995
-994
-946
-992
-988
-932
-974
-974
-994
-992
-991
-948
-973
-996
-996
-990
-996
-996
-996
-996
-996
-996
-996
-996
-996
-991
-996
-996
-991
-996
-996
-996
-996
-996
-991
-996
-996
-996
-996
-996
-996
-996
-996
-996
-861
-993
-987
-993
-973
-995
-973
-959
-973
-987
-919
-906
-989
-990
-993
-993
-990
-993
-976
-990
-990
-962
-992
-992
-990
-990
-987
-890
-974
-942
-971
-943
-990
-941
-990
-990
-990
-956
-993
-993
-990
-990
-993
-857
-992
-988
-992
-992
-992
-974
-995
-995
-995
-992
-992
201
-995
-837
-991
-975
-995
-919
-961
-933
-989
-989
-992
-989
-989
-989
-989
-989
-921
-988
-948
-946
-982
-994
-982
-994
-994
-996
-940
-994
-994
-982
-994
-994
-994
-994
-994
-982
-996
-982
-987
-978
-973
-982
-982
-982
-982
201
-879
-972
-989
-989
-889
-988
-987
-988
-989
-988
201
-989
-889
-990
-994
-976
-996
-997
-997
-997
-997
-997
-997
-997
-997
-997
-997
-997
-996
-997
-997
-997
-997
-997
-996
-997
-997
-997
-997
-997
-997
-997
-997
-997
-997
-997
-997
-997
-997
-997
-997
-996
-997
-997
-997
-997
-997
-997
-997
-997
-997
-997
-997
-997
-997
-997
-997
-997
-997
-997
-997
-997
-997
-997
-997
-997
-997
-997
-997
-997
-997
-997
-997
-997
-997
-997
-993
-991
-933
-991
-969
-991
-990
-991
-969
-975
-984
-969
-991
-989
-953
-990
-984
-990
-990
-990
-984
-984
-984
-984
-983
-983
-991
-983
-989
-989
-984
-984
-984
-983
-989
-984
-990
-903
201
-945
-973
-973
-977
-987
201
-973
-923
-992
-992
-981
-967
-981
-992
-992
-981
-992
-992
-992
-992
-992
-992
-992
-992
-992
-961
-961
-992
-992
-992
-992
-922
-976
-978
-992
-992
-992
-992
-992
-992
-992
-992
-992
-978
-978
-978
-978
-978
-978
-978
-992
-978
-921
201
-976
-994
-977
-994
-976
-966
-976
-885
201
-815
-991
-991
-991
-991
-991
-991
-991
-991
-991
-991
-991
-991
-991
-991
-991
-991
-991
-991
-991
-991
-991
-991
-991
-991
-991
-991
-991
-991
-991
-991
-991
-991
-991
-991
-991
-991
-935
-988
-863
201
-872
-970
-975
-943
-984
-984
-971
-984
-984
-984
-970
-893
-907
-985
-973
-957
-976
-945
-974
-973
201
-943
-990
-974
-956
-948
-975
-975
-990
-962
-990
201
-975
-976
-975
-990
-975
-975
-890
201
-886
-928
-970
-975
-948
201
-875
-934
-981
-981
-981
-979
-981
-981
-979
-979
-986
-972
-981
-986
-972
-981
-981
-986
-986
-982
-935
201
-934
201
201
-985
-985
-985
-988
-985
-971
-985
-985
-985
-985
-943
-985
-985
-849
-988
-887
-915
201
-990
201
-934
-962
-948
-976
-976
-976
-933
-990
-934
-976
201
-959
-973
-982
-987
-996
-996
-973
-982
-996
-875
-903
-979
-996
-996
-996
-996
-996
-996
-996
-973
-996
-996
-996
-987
-987
-987
-996
-987
-987
-987
-996
-996
-996
-996
-996
-996
-996
-996
-996
-996
-996
-996
-996
-996
-996
-996
-996
-996
-996
-996
-996
-996
-996
-995
-973
-939
-982
201
-995
-931
-945
-967
-995
-878
-995
-995
-934
-981
-995
-995
-995
-995
-933
-976
-990
201
-990
-990
-990
-990
-990
-990
-990
-990
-990
-990
-990
-990
-990
-990
-990
-990
-990
-990
-990
-990
-990
-990
-990
-990
-990
-990
-990
-990
-990
-990
-990
-990
-990
-990
-990
-990
-990
-990
-990
-990
-990
-990
-990
-990
-990
-990
-990
-990
-990
-990
-990
-990
-990
-990
-990
-990
-990
-990
-990
-990
-990
-887
201
-983
-985
-922
201
201
-893
201
-977
201
201
201
201
-991
201
-922
-974
-978
-932
-960
-932
-909
-922
-810
-866
-972
-972
-916
-978
-972
-978
-978
-978
-986
-944
-986
-986
-978
-978
-986
-986
-986
-978
-978
-978
-978
-978
-978
-978
-978
-986
-946
201
-978
-974
-946
-978
-972
-986
-986
-986
-986
-902
-975
201
-903
-986
-959
-930
-989
-990
-990
-986
-972
-972
-972
-991
-990
-990
-986
-959
201
201
-918
-946
-975
-918
-946
-975
-918
-989
-946
-989
-946
-989
-946
-989
-946
-989
-946
-989
-946
-989
-946
-946
-946
-946
-974
-974
-974
-974
-946
-989
201
-957
-929
-856
201
201
201
-968
-996
-968
201
-876
201
201
201
-959
201
201
201
-933
-996
-980
-961
-905
-926
-849
201
201
201
-849
-849
201
-905
201
201
201
-949
-949
-931
-991
-903
-931
-959
-931
-991
-959
-991
201
-991
201
-939
-995
-995
-995
-953
-971
-995
-932
-995
-995
-995
-995
-939
-995
-995
-995
-932
-981
-995
-995
-995
-995
-995
-995
-995
-932
-932
-995
-995
-995
-995
-995
-995
-960
-995
-960
-960
-960
-960
-967
-995
-995
-995
-995
-995
-995
-995
-995
-995
-995
-995
-932
-939
-995
-995
-995
-995
-995
-995
-995
-995
-995
-981
-995
-995
-995
-995
-995
-995
-995
-995
-995
-995
-995
-995
-995
-995
-995
-995
-995
-995
-995
-995
-995
-995
-995
-995
-995
-995
-995
-995
-995
-995
-995
-995
-995
-932
201
-904
201
201
201
201
201
-904
-932
-932
-932
201
201
201
201
201
201
201
201
201
-991
201
-921
-991
-991
201
201
201
201
201
201
201
201
201
201
201
201
201
201
-850
201
201
201
-847
-875
-847
-931
-959
-866
-959
201
-991
201
201
