agent: texplore
env: asterix
Feature Selection: 0
Environment is episodic.
set statesPerDim to 0 for all dim
feature 0 has range 30
feature 1 has range 30
feature 2 has range 30
feature 3 has range 30
reward range: 1020
Parallel ETUCT tracking real state values
Planner using history size: 0
start parallel uct planning search thread
Start model learning thread
Created MultClass 0 with nModels: 5
Created C4.5 decision tree 0 with == and > splits
Created C4.5 decision tree 6 with == and > splits
Created C4.5 decision tree 12 with == and > splits
Created C4.5 decision tree 18 with == and > splits
Created C4.5 decision tree 24 with == and > splits
Created MultClass 4 with nModels: 5
Created C4.5 decision tree 4 with == and > splits
Created C4.5 decision tree 10 with == and > splits
Created C4.5 decision tree 16 with == and > splits
Created C4.5 decision tree 22 with == and > splits
Created C4.5 decision tree 28 with == and > splits
Created MultClass 5 with nModels: 5
Created C4.5 decision tree 5 with == and > splits
Created C4.5 decision tree 11 with == and > splits
Created C4.5 decision tree 17 with == and > splits
Created C4.5 decision tree 23 with == and > splits
Created C4.5 decision tree 29 with == and > splits
Created MultClass 1 with nModels: 5
Created C4.5 decision tree 1 with == and > splits
Created C4.5 decision tree 7 with == and > splits
Created C4.5 decision tree 13 with == and > splits
Created C4.5 decision tree 19 with == and > splits
Created C4.5 decision tree 25 with == and > splits
Created MultClass 2 with nModels: 5
Created C4.5 decision tree 2 with == and > splits
Created C4.5 decision tree 8 with == and > splits
Created C4.5 decision tree 14 with == and > splits
Created C4.5 decision tree 20 with == and > splits
Created C4.5 decision tree 26 with == and > splits
Created MultClass 3 with nModels: 5
Created C4.5 decision tree 3 with == and > splits
Created C4.5 decision tree 9 with == and > splits
Created C4.5 decision tree 15 with == and > splits
Created C4.5 decision tree 21 with == and > splits
Created C4.5 decision tree 27 with == and > splits
-994
-994
-985
-992
-995
-995
-992
-994
-990
-995
-996
-996
-983
-994
-994
-993
-993
-995
-994
-996
-993
-995
-994
-995
-975
-994
-996
-995
-994
-995
-979
-988
-990
-981
-996
-995
-993
-987
-993
-993
-991
-993
-990
-990
-994
-994
-959
-988
-992
-991
-994
-995
-989
-987
-996
-996
-994
-996
-996
-996
-996
-996
-996
-996
-996
-976
-992
-996
-996
-996
-996
-996
-996
-996
-996
-996
-996
-996
-996
-996
-996
-996
-996
-996
-996
-996
-996
-996
-996
-996
-996
-996
-996
-996
-996
-996
-996
-996
-996
-996
-996
-996
-996
-996
-996
-996
-996
-996
-996
-996
-996
-996
-996
-996
-996
-996
-996
-996
-996
-996
-996
-996
-996
-996
-996
-996
-996
-988
-992
-993
-989
-989
-995
-996
-990
-996
-996
-996
-996
-996
-996
-988
-987
-987
-994
-996
-977
-959
-985
-996
-977
-995
-995
-995
-921
-994
-977
-994
-951
-990
-916
-945
-975
-959
-994
-977
-977
-987
-987
-945
-973
-975
-977
-987
-994
-969
-994
-977
-973
-987
-963
-972
-954
-977
-977
-987
-973
-945
-944
-973
-972
-917
-926
201
-940
201
-916
-995
-944
-995
-995
-995
-972
-944
-995
-995
-832
201
201
-974
-932
201
-849
201
-809
201
-806
-806
-945
-995
-959
-995
-992
-995
-987
-995
-988
-959
-931
201
-988
-973
201
-995
201
201
-988
201
-995
201
-917
-973
-925
-995
201
-945
-893
201
-981
-978
-959
-950
-967
-936
-967
-925
-992
-849
201
201
201
201
-992
-813
-981
201
201
201
201
201
201
201
201
201
201
201
201
201
-959
-940
-973
-894
-973
-967
-931
-959
-959
-847
-959
-967
-978
-931
-959
201
-833
-889
-903
201
-945
-945
-959
-931
-917
-987
-987
-917
-945
-987
-805
-987
-987
-987
-889
-917
-987
-917
-987
-987
-987
-917
-987
-945
-945
-945
-917
-917
201
-987
-987
201
-834
201
-801
201
201
201
-833
-945
201
201
-945
201
201
-996
201
201
201
201
201
201
201
201
201
201
201
201
201
201
201
201
201
201
201
201
-988
-969
201
-938
-880
-945
-973
-946
-994
-994
-988
201
-973
-943
-971
-943
-943
-835
-890
-978
201
-974
-975
-946
-946
-866
-835
-947
-919
-891
-947
-947
-964
-918
201
-834
-891
-910
-966
-938
-863
-947
-919
-919
-862
201
201
-918
-918
-978
201
-978
-978
-978
-978
-978
-891
-919
-918
201
-863
-891
-890
-919
-919
-863
-918
-835
-919
-919
-919
-919
-947
-919
-947
-919
-947
201
201
201
-806
201
201
201
201
201
201
201
201
201
201
201
201
201
201
201
201
201
201
201
201
201
201
201
201
201
201
201
201
201
201
201
201
201
201
201
201
201
201
201
201
201
201
201
201
201
201
201
201
201
201
201
201
201
201
201
201
201
201
201
201
201
201
201
201
201
201
201
201
201
201
201
201
201
201
201
201
201
201
201
201
201
201
201
201
201
201
201
201
201
201
201
201
201
201
201
201
201
201
201
201
201
201
201
201
201
201
201
201
201
201
201
201
201
201
201
201
201
201
201
201
201
201
201
201
201
201
201
201
201
201
201
201
201
201
201
201
201
201
201
201
201
201
201
201
201
201
201
201
201
201
201
201
201
201
201
201
201
201
201
201
-903
201
201
201
201
201
201
201
201
201
201
201
201
201
201
201
201
201
201
201
201
201
201
201
201
201
201
201
201
201
201
201
201
201
201
201
201
201
201
201
201
201
201
201
201
-944
201
-944
201
201
-972
201
-972
201
-972
201
-986
201
-986
201
-986
201
-986
201
-986
201
-972
201
-986
201
-986
201
-986
201
-986
201
-986
201
-986
201
-986
201
-986
201
-986
201
-986
201
-986
201
-986
201
-986
201
-986
201
-986
201
-986
201
-986
201
-986
201
-986
201
-986
201
-986
201
-986
201
-986
201
-972
201
-986
201
-986
201
-986
201
-986
201
-986
201
-986
201
-986
201
-986
201
-986
201
-986
201
-986
201
-986
201
-986
201
-986
201
-986
201
-986
201
-986
201
-986
201
-986
201
201
201
201
201
201
201
201
201
201
201
201
201
201
201
201
201
201
201
201
201
201
201
201
201
201
201
201
201
201
201
201
201
201
201
201
201
201
201
201
201
201
201
201
201
201
201
201
201
201
201
201
201
201
201
201
201
201
201
201
201
201
201
201
201
201
201
201
201
201
201
201
201
201
201
201
201
201
201
201
201
201
201
201
201
201
-888
-985
-986
-986
-958
201
201
201
-832
-916
-986
-970
-958
-972
-858
-804
-958
-972
-970
201
-888
-969
-972
-969
-860
-972
-972
-944
-972
-972
-972
-942
-972
-972
-972
-972
-972
-972
-972
-972
-972
-972
-972
-970
-972
-972
-942
201
-944
-972
-972
-972
-972
-972
-972
-972
-972
-972
-972
-972
-972
-972
-972
-972
-972
-972
-972
-972
-972
-972
-972
-972
-972
-972
-972
-972
-972
-972
-944
-972
-972
-972
-972
-972
-970
-804
201
201
201
-969
-913
-970
201
201
201
201
-860
-972
-944
-969
-972
-972
-972
-972
-972
-972
-972
-972
-972
-972
-972
-972
-972
-972
-972
-972
-972
-972
-972
-972
-972
-972
-972
-972
-972
-972
-944
-972
-969
-888
-972
-972
-972
-969
-916
-972
-972
-972
-972
-972
-972
-972
-972
-972
-972
-972
-972
-972
-972
-969
-972
-972
-972
-972
-972
-972
