agent: texplore
env: asterix
Feature Selection: 0
Environment is episodic.
set statesPerDim to 0 for all dim
feature 0 has range 30
feature 1 has range 30
feature 2 has range 30
feature 3 has range 30
reward range: 1020
Parallel ETUCT tracking real state values
Planner using history size: 0
Start model learning thread
start parallel uct planning search thread
Created MultClass 0 with nModels: 5
Created C4.5 decision tree 0 with == and > splits
Created C4.5 decision tree 6 with == and > splits
Created C4.5 decision tree 12 with == and > splits
Created C4.5 decision tree 18 with == and > splits
Created C4.5 decision tree 24 with == and > splits
Created MultClass 4 with nModels: 5
Created C4.5 decision tree 4 with == and > splits
Created C4.5 decision tree 10 with == and > splits
Created C4.5 decision tree 16 with == and > splits
Created C4.5 decision tree 22 with == and > splits
Created C4.5 decision tree 28 with == and > splits
Created MultClass 5 with nModels: 5
Created C4.5 decision tree 5 with == and > splits
Created C4.5 decision tree 11 with == and > splits
Created C4.5 decision tree 17 with == and > splits
Created C4.5 decision tree 23 with == and > splits
Created C4.5 decision tree 29 with == and > splits
Created MultClass 1 with nModels: 5
Created C4.5 decision tree 1 with == and > splits
Created C4.5 decision tree 7 with == and > splits
Created C4.5 decision tree 13 with == and > splits
Created C4.5 decision tree 19 with == and > splits
Created C4.5 decision tree 25 with == and > splits
Created MultClass 2 with nModels: 5
Created C4.5 decision tree 2 with == and > splits
Created C4.5 decision tree 8 with == and > splits
Created C4.5 decision tree 14 with == and > splits
Created C4.5 decision tree 20 with == and > splits
Created C4.5 decision tree 26 with == and > splits
Created MultClass 3 with nModels: 5
Created C4.5 decision tree 3 with == and > splits
Created C4.5 decision tree 9 with == and > splits
Created C4.5 decision tree 15 with == and > splits
Created C4.5 decision tree 21 with == and > splits
Created C4.5 decision tree 27 with == and > splits
-995
-996
-994
-997
-994
-993
-996
-995
-991
-992
-992
-992
-994
-946
-986
-995
-994
-994
-987
-995
-990
-994
-995
-985
-995
-995
-995
-994
-995
-995
-995
-981
-985
-994
-995
-995
-994
-972
-994
-987
-995
-987
-986
-973
-995
-994
-994
-995
-994
-974
-994
-995
-991
-994
-994
-995
-994
-994
-987
-988
-994
-994
-994
-987
-995
-995
-995
-994
-994
-994
-994
-994
-994
-994
-995
-995
-995
-995
-995
-995
-995
-995
-994
-994
-994
-994
-994
-995
-995
-995
-994
-988
-995
-977
-982
-996
-986
-978
-996
-995
-995
-990
-992
-994
-973
-964
-987
-995
-985
-981
-991
-976
-982
-978
-978
-989
-982
-981
-991
-972
-978
-997
-997
-996
-997
-997
-989
-985
-990
-996
-997
-997
-997
-997
-997
-991
-996
-997
-997
-997
-997
-997
-997
-997
-997
-997
-997
-997
-997
-997
-997
-997
-997
-997
-997
-997
-997
-997
-997
-997
-997
-997
-997
-997
-997
-997
-997
-997
-997
-997
-997
-997
-997
-997
-997
-997
-997
-997
-997
-997
-997
-997
-997
-997
-997
-997
-997
-997
-997
-997
-997
-997
-997
-997
-997
-997
-997
-997
-997
-997
-997
-997
-997
-997
-997
-997
-997
-997
-997
-997
-997
-997
-997
-997
-997
-997
-997
-997
-997
-997
-997
-997
-997
-997
-997
-997
-997
-997
-997
-997
-997
-997
-997
-997
-997
-997
-997
-997
-997
-997
-997
-997
-997
-997
-997
-997
-997
-997
-997
-997
-997
-997
-997
-997
-997
-997
-997
-997
-997
-997
-997
-997
-997
-997
-997
-997
-997
-997
-997
-997
-997
-997
-997
-997
-997
-997
-997
-997
-997
-997
-997
-997
-997
-997
-997
-997
-997
-997
-997
-997
-997
-997
-997
-997
-997
-997
-997
-997
-997
-997
-997
-997
-997
-997
-997
-997
-997
-997
-997
-997
-997
-997
-997
-997
-997
-997
-997
-997
-997
-997
-997
-997
-997
-997
-997
-997
-997
-997
-997
-997
-997
-997
-997
-997
-997
-997
-997
-997
-997
-997
-997
-997
-997
-997
-997
-997
-997
-997
-997
-997
-997
-997
-997
-997
-997
-997
-997
-997
-997
-997
-997
-997
-997
-997
-997
-997
-997
-997
-997
-997
-997
-997
-997
-997
-997
-997
-997
-997
-997
-997
-997
-997
-997
-997
-997
-997
-997
-997
-997
-997
-997
-997
-997
-997
-997
-997
-997
-997
-997
-997
-997
-997
-997
-997
-997
-997
-997
-997
-997
-997
-997
-997
-997
-997
-997
-997
-997
-997
-997
-997
-997
-997
-997
-997
-997
-997
-997
-997
-997
-997
-997
-997
-997
-997
-997
-997
-997
-997
-997
-997
-997
-997
-997
-997
-997
-997
-997
-997
-997
-997
-997
-997
-997
-997
-997
-997
-997
-997
-997
-997
-997
-997
-997
-997
-997
-997
-997
-997
-997
-997
-997
-997
-997
-997
-997
-997
-997
-997
-997
-997
-997
-997
-997
-997
-997
-997
-997
-997
-997
-997
-997
-997
-997
-997
-997
-997
-997
-997
-997
-996
-990
-992
-974
-989
-992
-992
-959
-992
-960
-990
-932
-992
-974
-988
-945
-931
-992
-981
-961
-988
-974
-988
-988
-988
-931
-989
-988
-978
-971
-992
-975
-992
-992
-990
-933
-992
-976
-992
-992
-992
-990
-919
-990
-988
-989
-988
-889
-988
-992
-975
-992
-992
-992
-990
-992
-990
-992
-992
-992
-992
-975
-990
-992
-992
-992
-990
-992
-992
-940
-990
-992
-996
-990
-989
-945
-988
-989
-990
-989
-990
-989
-989
-989
-876
-996
-996
-990
201
-869
-990
-953
-996
-990
-992
-992
-981
-990
-950
-990
-977
-980
-990
-978
-978
-978
-978
-978
-978
-978
-978
-978
-978
-963
-963
-963
-963
-963
-945
-959
-963
-966
-963
-963
-963
-963
-935
-963
-978
-978
-987
-987
-989
-963
-979
-979
-979
-979
-895
-980
-903
-979
-982
-987
-919
-975
-975
-973
201
201
201
201
201
201
201
-951
201
201
-991
-978
201
-950
201
201
-933
-978
-975
-947
-975
-959
-975
-987
-975
-987
-975
-987
-975
-922
-975
201
-969
201
-933
-975
-975
-975
-961
-975
-975
-975
-975
-975
-975
-975
-975
-975
-975
-975
-975
-975
-975
-975
-975
-975
-975
-975
-975
-975
-975
-975
-975
-975
-975
-950
-975
-987
-975
-975
-975
-975
-975
-950
-975
-894
-975
-975
-975
-975
-975
-975
-975
-975
-975
-975
-975
-975
-975
-975
-975
-975
-975
-975
-975
-975
-975
-975
-975
-975
-975
-975
-975
-975
-975
-975
-975
-975
-975
-975
-975
-975
-975
-975
-975
-975
-975
201
-905
-975
-975
-975
-975
-975
-975
-975
-975
-975
-975
-975
-989
-989
-989
-989
-978
-975
-989
-989
-989
-989
-989
-989
-978
-975
-978
-989
-989
-989
-978
-978
-961
-978
-963
-963
-989
-978
-949
-977
-807
-949
-977
-977
-977
-919
-986
-991
201
-977
-986
-875
-944
-913
201
-959
-819
-903
-991
-959
201
-977
-947
201
-977
-977
-977
-980
-991
-980
-992
-992
201
201
201
-980
201
-980
201
-961
-903
-959
-819
-975
-903
201
-877
-992
-992
-992
-975
-863
-992
-975
-975
201
-947
-991
-963
-991
-947
201
-991
-947
-992
201
-977
-919
201
-940
-940
-991
-926
-870
-982
-870
-982
-990
-982
-977
-954
-990
-982
-982
-982
-982
-974
201
201
201
201
201
-967
-946
201
201
201
201
201
201
201
201
-960
-965
-974
-960
-988
-984
-988
-974
201
201
-965
-974
-918
-965
-946
201
201
201
201
201
201
-965
-970
-973
201
201
201
201
201
-965
-946
-965
-946
-965
-974
-965
-974
-965
-974
-965
-974
-965
-974
201
-965
-974
-965
-974
-965
-946
-965
-974
-965
-946
-965
-946
-965
-960
-965
-945
-960
-965
-889
-976
-976
-974
-976
-946
-988
-953
-967
-959
-970
-984
-984
-984
-984
-971
-988
-984
-960
-890
-970
-970
-956
-984
-970
-883
-827
-939
-868
-967
-959
