agent: texplore
env: fuelworld
Environment is episodic.
set statesPerDim to 0 for all dim
feature 0 has range 20
feature 1 has range 30
feature 2 has range 61
reward range: 400
Parallel ETUCT tracking real state values
Planner using history size: 0
Start model learning thread
start parallel uct planning search threadCreated MultClass 
0 with nModels: 5
Created C4.5 decision tree 0 with == and > splits
Created C4.5 decision tree 6 with == and > splits
Created C4.5 decision tree 12 with == and > splits
Created C4.5 decision tree 18 with == and > splits
Created C4.5 decision tree 24 with == and > splits
Created MultClass 3 with nModels: 5
Created C4.5 decision tree 3 with == and > splits
Created C4.5 decision tree 9 with == and > splits
Created C4.5 decision tree 15 with == and > splits
Created C4.5 decision tree 21 with == and > splits
Created C4.5 decision tree 27 with == and > splits
Created MultClass 4 with nModels: 5
Created C4.5 decision tree 4 with == and > splits
Created C4.5 decision tree 10 with == and > splits
Created C4.5 decision tree 16 with == and > splits
Created C4.5 decision tree 22 with == and > splits
Created C4.5 decision tree 28 with == and > splits
Created MultClass 1 with nModels: 5
Created C4.5 decision tree 1 with == and > splits
Created C4.5 decision tree 7 with == and > splits
Created C4.5 decision tree 13 with == and > splits
Created C4.5 decision tree 19 with == and > splits
Created C4.5 decision tree 25 with == and > splits
Created MultClass 2 with nModels: 5
Created C4.5 decision tree 2 with == and > splits
Created C4.5 decision tree 8 with == and > splits
Created C4.5 decision tree 14 with == and > splits
Created C4.5 decision tree 20 with == and > splits
Created C4.5 decision tree 26 with == and > splits
-419.4
-417.4
-417
-419.4
-417
-416.4
-561.6
-867.2
-465.4
-421
-417.8
-420.6
-420.2
-605.4
-418
-416.4
-417.6
-420
-417.2
-419.2
-420.4
-420.8
-554.4
-777.8
-467
-421.6
-419.8
-419.8
-421.8
-866
-418.2
-422.8
-420.4
-419.6
-420.2
-229.2
-421.6
-420.4
-418.4
-421
-506.6
-418.6
-923.4
-638.8
-156.6
-105.4
-108.6
-762.201
-954
-551
-590.2
-174.8
-550.4
-581.2
-379.8
-179.4
-417.6
-631.4
-252.6
-267.4
-142
-238.6
-109
-197.4
-196.8
-101.8
-147
-132.2
-136.2
-81.2
-419
-128.8
-81
-90.8
-126.8
-88
-87.2
-54
-61.2
-51.2
-57.4
-131
-50
-54.8
-58.4
-48
-78.2
-60.4
-54.8
-85.2
-51.8
-56.4
-55.4
-58.2
-53
-460.4
-59
-419.6
-94.2
-417.8
-51.8
-416
-419.8
-419
-420.8
-419
-416.8
-422.4
-419.4
-418
-421.2
-418.2
-419
-418.6
-418.4
-418.2
-417.4
-416.4
-422.4
-416.6
-420.2
-418.8
-417.8
-416.8
-418.4
-420.8
-417.6
-52.2
-53.4
-420.2
-419.8
-53
-56.8
-98.6
-53
-79
-53.4
-102.4
-51.6
-93.6
-57.4
-56
-57.4
-50.8
-53.4
-64.2
-50.8
-78.4
-50.8
-56.6
-59.4
-52.4
-54.6
-54.6
-59.2
-56.2
-56.2
-52.2
-52.4
-61
-49.4
-52.4
-49
-53.8
-888.801
-50.4
-49.2
-55.4
-56.6
-54
-54.2
-71.2
-47.6
-54.6
-57.2
-55.4
-92
-50.6
-60.8
-57.8
-53.4
-54.8
-54.4
-51.2
-63.4
-60.8
-49
-56.6
-56
-54.4
-54.6
-51.6
-54.4
-52.6
-55.4
-50
-56.2
-58
-55.4
-54
-50.6
-56
-51.2
-51.6
-53.8
-51.4
-48.4
-49.4
-49.2
-72.6
-53
-56.6
-50.4
-53.8
-53.4
-56.8
-61
-51
-84.6
-55.8
-54.2
-49.8
-49
-60.2
-57.8
-52.6
-54.8
-54.6
-51.4
-59.6
-53
-52.2
-47.6
-54.4
-52.2
-51.4
-54.6
-57.4
-49.8
-69.8
-54.8
-69
-49.8
-51.2
-57.4
-58.2
-50.6
-51.2
-81.4
-55
-55.8
-50.6
-49.4
-56.8
-54.4
-59.6
-51.6
-49.6
-49.4
-56.4
-51
-47.8
-49
-55.6
-53
-59.8
-53.8
-53.4
-49.6
-56.2
-104.6
-54.2
-56.8
-55
-52.2
-50
-52.4
-56.4
-57
-85.4
-52.8
-56.6
-58.6
-49.8
-49.4
-51.6
-53.2
-56
-52.4
-48.6
-51.4
-50.8
-52.6
-72.6
-54.8
-60.8
-49.4
-57.4
-53.4
-49.8
-54
-48.2
-49.2
-50
-52.8
-54.8
-53.4
-54.6
-49
-57.8
-48.4
-52.8
-55
-52.8
-53.4
-53.8
-55.6
-48.6
-55.4
-51.6
-51
-51
-50
-47.8
-50.6
-55.2
-52.6
-51.4
-53.6
-58
-52.4
-52.4
-54.4
-52.8
-77.8
-49.6
-49.8
-55
-57.6
-50.4
-46
-74
-54.4
-52.6
-45
-48.8
-55.6
-59
-51.8
-45.6
-55.6
-53.4
-51.8
-50.4
-57.4
-49.6
-56.6
-54.6
-54.4
-49.4
-52
-52.4
-49.2
-49.8
-49.2
-51.2
-51.4
-55.4
-53
-53
-55.4
-54.2
-57
-56.4
-54
-54.4
-54
-51.2
-48
-49.6
-53.6
-55.4
-47
-46.4
-53
-52
-51.2
-49
-51.4
-50.4
-51.2
-52.4
-57.4
-54
-50.6
-54
-52
-53
-55.6
-52.2
-52.4
-47.6
-47.8
-53.4
-50.6
-48.8
-51.2
-66.6
-49.4
-46.8
-51.2
-50.8
-57.2
-53
-54.8
-47.6
-49.6
-54.4
-50.6
-50.4
-47.8
-50
-55.8
-53.6
-55.2
-54.8
-52.2
-49.6
-50.4
-58.8
-51.2
-51.4
-53.8
-54.2
-52
-49.8
-75
-66.4
-56.2
-51
-45
-78.8
-53.6
-52.6
-48
-56.4
-52.8
-53.2
-54.4
-60.2
-52.6
-56.6
-51
-54.4
-51.2
-53.6
-56.6
-56.2
-50.2
-53.8
-57.8
-52.2
-53.8
-52
-56.2
-49.8
-52
-78
-55
-52.6
-50.8
-48
-48.2
-54.2
-52
-47.4
-54.4
-55.2
-47.6
-51.8
-50.2
-53
-54
-59.2
-59
-66.8
-50.6
-54.8
-50.6
-50.2
-50
-51.4
-55.2
-50.4
-55.8
-52.4
-51.4
-52.2
-49
-56
-71
-53.6
-50.8
-59.8
-55
-54.2
-55
-52.4
-53
-49.4
-48.4
-49.2
-53.4
-53.8
-75.2
-51.2
-56
-55.2
-50
-51.6
-53
-52
-53.4
-59.2
-53
-50
-51
-53.2
-50.6
-52.4
-54.6
-74
-55.6
-50
-51.4
-50.6
-54
-51.8
-49.2
-76.4
-54.8
-52
-55
-55.2
-54.2
-49.6
-57.4
-58.8
-56
-55
-50.4
-50.4
-52.6
-54.6
-51.8
-51.2
-54.2
-58
-51
-50.4
-49.4
-51
-51
-53.6
-48.6
-53.8
-46.8
-50.4
-52
-48.4
-102.8
-51.2
-54.4
-54.4
-55.2
-48.2
-49.2
-51.4
-56.6
-49
-51
-51.2
-58.6
-47.6
-60
-97.8
-53.2
-53.6
-78
-56
-55.2
-49.4
-54.6
-80.4
-56.2
-56.8
-56.6
-47.4
-53.6
-51
-59.4
-73.6
-57
-53.8
-52.4
-51
-49
-54.2
-51.6
-52.2
-57.6
-51.6
-78.2
-57
-54.4
-50.6
-53.8
-54.6
-54.4
-48.6
-52.4
-48.4
-54.8
-54.2
-53.6
-71.2
-53.2
-52.8
-51.8
-53.2
-56
-51
-53.4
-54.4
-56
-55.2
-46.8
-53
-54.6
-45.8
-49.4
-52
-52.4
-57.8
-46.8
-50.6
-51.4
-49.4
-49
-54.6
-52
-55
-55.8
-56.4
-45
-49.4
-52
-77.4
-54.4
-72
-54
-49
-52.8
-49.4
-49.4
-56.4
-54.6
-50.4
-71.4
-55.2
-57.6
-49
-53.6
-55.6
-54
-48
-54.4
-74.8
-52.2
-46.2
-56.2
-50.8
-46
-75.2
-56.6
-53.2
-72.6
-52.4
-52.6
-52.2
-47.6
-55.6
-54.4
-51.6
-53.8
-49.8
-49
-49.8
-49.4
-55
-52.2
-55.4
-49.4
-53.4
-51.2
-54.6
-54.8
-51.2
-52.6
-53.2
-54.8
-53
-73.8
-53.2
-51.8
-78.8
-55.2
-51.6
-49.2
-48.4
-48.2
-51.4
-48.6
-82.8
-53.6
-53.8
-51.8
-45.2
-52.2
-60
-48
-51
-46
-47.8
-50.4
-53.4
-52.6
-55.8
-50
-48.6
-49.4
-53
-52
-54.2
-55.2
-51.4
-56.2
-58.4
-59.4
-53.2
-53.4
-51.8
-49
-50.2
-52.8
-55.2
-52
-51.6
-54.6
-48
-51.4
-51.2
-55.4
-52.8
-52.6
-54.2
-51.2
-53.4
-49.8
-48.8
-75.4
-53.8
-60.6
-51.8
-53.6
-79.4
-51
-55.2
-46.6
-54.4
-68.8
-49.6
-53.2
-52.4
-49.8
-49.8
-54
-54.6
-53.4
-54.2
-55
-49.2
-52.4
-54.6
-54.4
-49.2
-59.8
-52.4
-57.2
-53.8
-55.4
-55.4
-52.4
-49.4
-51.2
-50.8
-55.2
-48.4
-49.2
-51.8
-54.4
-46.8
-53
-54.2
-52
-47.6
-53.8
-82.2
-51.4
-49.2
-52.8
-91.6
-58.8
-55.6
-53.8
-51
-53
-46.6
-48.4
-53.2
-50.4
-51
-57.4
-57.4
-55.2
-54.6
-54.6
-79
-53.8
-53.6
-51.8
-57.8
-54.2
-50.4
-56
-54.4
-52.8
-51.8
-47.2
-48.4
-50.4
-54
-54.8
-58.8
-54
-53.8
-53
-47.8
-54.8
-56.2
-52.6
-54.6
-53
-52
-57.8
-53.8
-52
-52.8
-80.6
-48.4
-53
-56.6
-50.8
-46.2
-47.8
-54
-50
-56.2
-54.2
-54.8
-55.6
-51
-49.8
-55
-57
-52
-54
-50
-49.6
-53.4
-54.6
-49.4
-56.6
-51.4
-51.4
-47.4
-49.4
-55
-52.4
-56.8
-105.6
-51.2
-55.6
-53.2
-50.4
-48
-50.2
-49.8
-45.2
-53.4
-55.4
-90.8
-57.4
-55.8
-52.8
-52.4
-53.2
-58.4
-48.4
-49.8
-53.8
-56.2
-51
-53
-80
-47.8
-46
-52.2
-47.6
-54.2
-78.6
-54.2
-57.4
-49.4
-52.4
-48
-53.8
-52.4
-52.6
-48.6
-58.6
-53.8
-53.6
-51
-54.2
-50.6
-49.8
-52.4
-47.4
-52.8
-54.4
-59
-57.6
-45.6
-54.6
-56.6
-57.2
-51.8
-53.6
-51.6
-49.8
-51.8
-51.6
-51
-49.4
-55.6
-52.2
-51.6
-52.2
-56.2
-48
-48
-62.6
-49.8
-54.6
-54
-69
-50
-58.2
-57.2
-50.6
-47
-51
-48.4
-48.8
-52.2
-51.8
-49.4
-76.8
-52.8
-54
-50.8
-65
-44.6
-55.2
-53
-51.4
-69.2
-49.2
-49
