agent: texplore
env: fuelworld
Environment is episodic.
set statesPerDim to 0 for all dim
feature 0 has range 20
feature 1 has range 30
feature 2 has range 61
reward range: 400
Parallel ETUCT tracking real state values
Planner using history size: 0
Start model learning thread
Created MultClass 0 with nModels: 5
start parallel uct planning search thread
Created C4.5 decision tree 0 with == and > splits
Created C4.5 decision tree 6 with == and > splits
Created C4.5 decision tree 12 with == and > splits
Created C4.5 decision tree 18 with == and > splits
Created C4.5 decision tree 24 with == and > splits
Created MultClass 3 with nModels: 5
Created C4.5 decision tree 3 with == and > splits
Created C4.5 decision tree 9 with == and > splits
Created C4.5 decision tree 15 with == and > splits
Created C4.5 decision tree 21 with == and > splits
Created C4.5 decision tree 27 with == and > splits
Created MultClass 4 with nModels: 5
Created C4.5 decision tree 4 with == and > splits
Created C4.5 decision tree 10 with == and > splits
Created C4.5 decision tree 16 with == and > splits
Created C4.5 decision tree 22 with == and > splits
Created C4.5 decision tree 28 with == and > splits
Created MultClass 1 with nModels: 5
Created C4.5 decision tree 1 with == and > splits
Created C4.5 decision tree 7 with == and > splits
Created C4.5 decision tree 13 with == and > splits
Created C4.5 decision tree 19 with == and > splits
Created C4.5 decision tree 25 with == and > splits
Created MultClass 2 with nModels: 5
Created C4.5 decision tree 2 with == and > splits
Created C4.5 decision tree 8 with == and > splits
Created C4.5 decision tree 14 with == and > splits
Created C4.5 decision tree 20 with == and > splits
Created C4.5 decision tree 26 with == and > splits
-417.4
-418.2
-418.6
-418.2
-418.6
-417.2
-419.4
-418.4
-420.2
-415.4
-417.4
-416
-417.2
-418.4
-419.6
-418.8
-416.6
-419
-416.6
-417
-417.8
-420.2
-419
-420.6
-418.4
-420.4
-422.4
-420.4
-419.4
-419.8
-418.4
-419.4
-419.2
-515
-416.8
-417.8
-161.4
-417.2
-466.4
-558
-420.2
-510
-214.6
-417
-679
-132.8
-949.802
-167.2
-91.4
-62.2
-141.8
-86.4
-87.2
-178
-90.4
-149
-513.8
-50.6
-102
-112.4
-90.2
-57.6
-91.8
-105.4
-52.2
-92.6
-57.8
-91
-89.6
-62.2
-55.2
-148.2
-60.6
-52.6
-56
-91.8
-120.6
-61.6
-54.4
-50
-136.2
-52.4
-52.8
-54.8
-87.6
-77.2
-96.2
-96.4
-52.4
-55.8
-91
-59.6
-88.2
-54.4
-59
-51.6
-92.4
-56.2
-51.2
-50
-78.4
-52
-50.2
-58
-51.4
-73.4
-53.6
-54.2
-53.2
-52.6
-64.2
-55
-52.2
-457.8
-49.2
-52.8
-68.4
-53.6
-50.8
-58.6
-53.8
-52.6
-55
-50
-52.4
-60
-56.2
-54.8
-48.8
-51.4
-53.8
-75.4
-50.8
-54.2
-51.8
-50.6
-55.2
-52.8
-60
-55.6
-54.8
-51
-55.6
-51.6
-57.8
-53
-51.8
-77
-54
-53.8
-57.2
-55.2
-80.8
-53.4
-59
-50
-74.8
-56
-55.8
-52
-46.4
-51.8
-53.6
-55.6
-52.4
-55
-50
-77
-50
-57.8
-69.2
-48.4
-51.6
-51.6
-52.2
-49.2
-53
-52.2
-53.4
-55.4
-50.2
-49
-58.2
-52
-56.6
-53
-52.6
-70.8
-49.4
-57.2
-53.4
-50.2
-55.4
-54
-52.6
-52.6
-84.6
-50.4
-57
-53.6
-56.2
-58.6
-52.4
-53
-51.8
-55.6
-54.8
-55.8
-49.4
-54.8
-51.8
-54.6
-53.4
-47.4
-49.6
-49.6
-52
-52
-81.4
-52.8
-54.4
-49.2
-49
-54.8
-52.4
-51.8
-52.2
-52.2
-47.2
-56
-54
-52.8
-53.2
-81
-56.8
-51.8
-54.6
-50.4
-52.4
-52.4
-52
-55.6
-55.2
-51.2
-55
-57
-51.6
-57.2
-51.4
-79.2
-420.2
-55.4
-54.4
-50.2
-58.8
-51.2
-56.4
-52.8
-50.4
-51
-51.2
-52.6
-54.6
-56.4
-51.8
-52.6
-48.8
-50.6
-52.4
-96.6
-52
-60.6
-53.2
-52.8
-75
-55.8
-55.2
-50.8
-56.6
-56.6
-51.4
-54.8
-53.6
-50.6
-50
-48.6
-53
-53.4
-52.4
-47.8
-74
-52.2
-51.8
-56.6
-52.2
-57.8
-51.4
-52.4
-53
-58
-50.6
-53
-72
-54.4
-58.8
-56
-55
-54.8
-51.4
-77.6
-67.8
-54.4
-51.4
-51.4
-57.8
-51.2
-52.2
-53.2
-71.4
-48
-48.4
-54.8
-70
-55.4
-51.8
-52.4
-48.6
-52.8
-50
-54
-54
-54
-50.8
-59.4
-47.8
-54.4
-92.2
-49.4
-54
-53
-51.8
-48.2
-51.4
-52
-46
-50
-56.8
-53.4
-47.4
-48.4
-48.6
-54.4
-53.8
-54.6
-52.2
-54.8
-54.4
-55.4
-54.8
-75.6
-55.8
-55.4
-56.6
-49.8
-55.6
-54.4
-52.6
-72.8
-48.6
-51
-49.6
-57.2
-48.6
-55.6
-47.4
-53.8
-54.6
-56.4
-52.4
-46.6
-50.4
-49.8
-54.8
-54.8
-48.6
-55.8
-51.6
-49.2
-50.2
-53.4
-52
-51.8
-48.4
-49.6
-55
-53.4
-51.2
-49.2
-51.2
-56.4
-54
-54.6
-51.6
-51.2
-54
-56.8
-54.4
-53.8
-50.8
-56.8
-51.6
-57.2
-55.6
-51
-53.4
-48.8
-54.6
-79
-54.8
-48.4
-58
-52.4
-53.6
-70.6
-46.8
-49.4
-48.8
-57.8
-68.6
-53.4
-49.4
-48.6
-49.4
-53.4
-56.6
-51.2
-58
-51.4
-49
-50
-55
-50.6
-52.6
-53.2
-54.4
-52.4
-51.4
-50
-49.4
-55.8
-54.8
-54
-50.4
-85.8
-49.6
-57.2
-50.6
-50.6
-49.6
-51.6
-50.2
-52.4
-79.4
-56.4
-48.4
-52.2
-48.6
-53
-52.2
-52.8
-55
-53.8
-54.4
-50
-54.2
-51
-53.2
-53.2
-51.2
-54.2
-50.4
-54.2
-55.6
-58.8
-55.6
-53.2
-48.8
-54
-50
-56.2
-59.4
-51.6
-49.6
-47.6
-54.6
-52.4
-51.6
-49.4
-51.6
-52.6
-53.6
-53.4
-56.8
-73.6
-55
-48.4
-48.8
-51.8
-55.8
-53
-50
-53.4
-48.2
-54.8
-57.8
-54.2
-56
-50.2
-52.4
-51.8
-50.4
-50.4
-50.6
-55.4
-51.6
-57.8
-52.4
-53.2
-55.6
-53.4
-53.6
-50
-51.4
-48.6
-48.8
-50
-49
-52.2
-51.6
-55.2
-51.4
-54.4
-56.2
-53.6
-53
-58.6
-51.2
-73.2
-54.2
-54.8
-55.2
-49.2
-52
-51
-57
-51
-47.8
-50.4
-48.4
-50
-50.8
-80.4
-57.4
-48.4
-52.8
-53.8
-53.8
-52.4
-52
-59.2
-48.6
-48.8
-50.4
-50.8
-51.2
-51.8
-53.2
-54
-51.6
-51.8
-51
-53
-51
-52.2
-49.4
-69.4
-50.4
-49
-76.6
-52.2
-46.4
-48.4
-47.8
-58.6
-51.2
-72.8
-56.4
-55
-52
-54.4
-46.2
-52.6
-48.6
-49.6
-52.4
-51.2
-48.8
-46.6
-52
-51.8
-58.6
-47.4
-48.8
-58.4
-71.2
-49
-53.8
-71.4
-52.2
-54.6
-57.8
-50
-51.4
-52.8
-57.6
-51.8
-52.8
-49.4
-53.6
-53.4
-47.6
-48.6
-49.4
-52.2
-49.2
-67.4
-55
-53.4
-51.2
-49
-53.6
-52.2
-52.4
-75.4
-52.6
-53
-53.8
-45.2
-50.2
-54.4
-56
-57.4
-51
-47.8
-61.2
-50.8
-46.6
-54.2
-69.2
-49
-50.2
-52.6
-46.2
-51.8
-50.4
-54
-48.6
-50
-53.2
-51.2
-48.8
-58
-79.2
-52
-59.4
-53.4
-52.6
-64
-78.8
-61
-52.2
-53.2
-51.4
-50.2
-47.4
-58.6
-51.8
-52.8
-54.6
-69
-47.8
-51.2
-51.2
-55.6
-49
-73.8
-52.6
-47.6
-49.2
-67.2
-51.4
-55.8
-51
-61
-58.2
-54.8
-52.2
-50.6
-54.2
-51.6
-50
-51.8
-55.6
-48.4
-50.2
-48.6
-54
-54.6
-51.6
-52
-61
-53.6
-50.2
-52.4
-50.8
-51.4
-47.6
-52.2
-58.4
-56
-52.6
-54
-52
-52.6
-46.6
-52.6
-54.6
-54
-51.4
-77
-55
-51.2
-55.8
-52.4
-48.6
-55.2
-51.8
-49.4
-51.6
-74.2
-47.8
-49
-51.8
-53
-45.2
-52
-54.2
-52
-50
-51.4
-52
-51.2
-46.2
-48.8
-47.8
-49.4
-46.8
-49.4
-50.8
-49.6
-60
-55.6
-52.8
-50.2
-47.4
-47.2
-52.8
-44.4
-68.4
-51
-53.2
-52
-54.8
-54
-54.4
-52.6
-52.6
-49.6
-80.6
-76.2
-53.4
-54.8
-50.4
-53
-51.2
-47.8
-50.2
-50.8
-52.8
-53.6
-51.8
-76.6
-51.4
-51.2
-51.4
-463.4
-71.8
-49
-48.2
-51
-50
-71.4
-52.8
-52
-54.4
-52.2
-53.4
-53.4
-50.8
-48.6
-52.6
-51.4
-50.8
-52.4
-48.8
-60.2
-51.8
-53.2
-50
-53.4
-51.6
-74.8
-77
-75
-48.6
-49.6
-52.2
-48.4
-50.8
-48.2
-48.6
-50
-55.2
-49.6
-48.8
-53
-54
-49.8
-54.8
-52.2
-51.2
-52.8
-57.4
-54
-50.8
-114
-52.6
-47.2
-48
-48
-54.6
-57.2
-55.2
-57
-46
-49.8
-56.2
-56.4
-46.2
-69
-56.4
-50.4
-55.8
-51.4
-53.6
-51
-52
-53
-58.4
-50.4
-74.2
-49.8
-50
-79
-50.4
-51
-51
-50
-51.6
-49.2
-52.2
-53.6
-57.6
-56.8
-57.6
-54.6
-49
-52.4
-49.6
-51.8
-47
-56.2
-53
-57.8
-48
-51.4
-52.8
-50.8
-50.6
-48.4
-73.6
-48
-52
-49
-51
-51.2
-57
-50.2
-57.8
-51.8
-52.4
-48
-54.4
-51
-52.2
-47.2
-51.6
-56.6
-54.6
-51.4
-53.8
-47
-51.2
-51.4
-50.6
-50.8
-50.6
-47.6
-51.4
-53.4
-52.8
-51.6
-50.6
-55.6
-48.4
-51
-48.6
-49.4
-51.4
-54.6
-51
-56.2
-50.4
-54.6
-55
-53.4
-47
-55.4
-53.4
-51.2
-53.6
-52.8
-50.8
-52.4
-53.4
-48
-49.2
-55.8
-45.6
-49.6
-52.6
-49
-52.6
-55.4
-52.4
-57.4
-49.6
-49.2
-49.4
-52.8
-53.8
-52.8
-47.6
-49.8
-45.4
-49
-52.6
-49
-50.2
-50.4
-57.4
-55.2
-52.4
-52.4
-54
-53.8
-51
-54.6
-52.4
-56.2
