agent: texplore
env: fuelworld
Environment is episodic.
set statesPerDim to 0 for all dim
feature 0 has range 20
feature 1 has range 30
feature 2 has range 61
reward range: 400
Parallel ETUCT tracking real state values
Planner using history size: 0
Start model learning thread
start parallel uct planning search thread
Created MultClass 0 with nModels: 5
Created C4.5 decision tree 0 with == and > splits
Created C4.5 decision tree 6 with == and > splits
Created C4.5 decision tree 12 with == and > splits
Created C4.5 decision tree 18 with == and > splits
Created C4.5 decision tree 24 with == and > splits
Created MultClass 3 with nModels: 5
Created C4.5 decision tree 3 with == and > splits
Created C4.5 decision tree 9 with == and > splits
Created C4.5 decision tree 15 with == and > splits
Created C4.5 decision tree 21 with == and > splits
Created C4.5 decision tree 27 with == and > splits
Created MultClass 4 with nModels: 5
Created C4.5 decision tree 4 with == and > splits
Created C4.5 decision tree 10 with == and > splits
Created C4.5 decision tree 16 with == and > splits
Created C4.5 decision tree 22 with == and > splits
Created C4.5 decision tree 28 with == and > splits
Created MultClass 1 with nModels: 5
Created C4.5 decision tree 1 with == and > splits
Created C4.5 decision tree 7 with == and > splits
Created C4.5 decision tree 13 with == and > splits
Created C4.5 decision tree 19 with == and > splits
Created C4.5 decision tree 25 with == and > splits
Created MultClass 2 with nModels: 5
Created C4.5 decision tree 2 with == and > splits
Created C4.5 decision tree 8 with == and > splits
Created C4.5 decision tree 14 with == and > splits
Created C4.5 decision tree 20 with == and > splits
Created C4.5 decision tree 26 with == and > splits
-417.8
-417
-419
-417
-417.4
-416
-421
-1461.8
-595.8
-462.8
-419.4
-417.2
-419.2
-461.8
-503.2
-417.2
-506.8
-461.8
-62.8
-139.4
-80.6
-459.4
-512.8
-458.2
-463
-510.6
-683.4
-459.2
-684.6
-183
-229
-108
-93.8
-232.2
-216.6
-132.8
-89.2
-85.6
-80.4
-85.8
-272.8
-106.8
-90.6
-82
-283.6
-145.6
-104
-210.6
-83.8
-461.8
-99.8
-55.2
-150.8
-602.2
-54.2
-55
-95.2
-56
-56.2
-220.8
-509
-420.4
-419
-419
-421.6
-419.6
-417
-416.4
-418.8
-418
-418.6
-415.6
-418.6
-416.8
-418.8
-417
-420.8
-420.8
-417
-95.4
-54.4
-93
-54
-53
-56.4
-48.8
-144.2
-53
-95.2
-59.4
-99.6
-92.4
-52.2
-88.8
-133.2
-51.2
-53.2
-118.4
-104
-52
-50.8
-117.4
-119.8
-62
-56.6
-57.2
-57.6
-101.4
-58.2
-60.8
-69.6
-80.6
-104.8
-58.4
-98.2
-137.2
-48.4
-52.6
-58
-54
-49.2
-82.2
-61.2
-56
-89.6
-52.4
-51.6
-50.4
-101.4
-52.8
-55.6
-96.6
-52
-100
-47.6
-52.6
-48
-49
-52
-48.8
-48.6
-52.8
-91.8
-67.2
-145.4
-80
-53
-56.2
-51
-83.6
-59.6
-49.8
-82.8
-64
-59.8
-52.2
-50
-57
-49.8
-51.2
-462.6
-97
-55.4
-50
-50.6
-49.6
-49.8
-51.6
-50.8
-52.2
-63.2
-55.4
-56.4
-93.6
-59.6
-52.2
-54.8
-48.6
-82.8
-99.8
-51.8
-54.4
-52
-83
-48.8
-60.4
-51
-58.2
-52.2
-52.2
-56
-52.8
-73.4
-57.4
-54.8
-55
-59.6
-60.2
-53.8
-53.6
-58.2
-49
-55.2
-73.4
-52.4
-53.4
-47
-53.8
-56.4
-53.4
-55.4
-49.6
-79
-46.2
-47.4
-50.6
-54.8
-49.2
-54.2
-49.4
-59
-48
-48.4
-55
-50.6
-50.4
-56.8
-61
-52.8
-51.8
-49.8
-83.2
-129.2
-59.6
-51.8
-50.8
-50.4
-55
-51.4
-55.8
-55.4
-52
-55.4
-54.6
-81.4
-51.6
-50
-52.6
-51.6
-57.4
-52.2
-420
-139
-48.2
-53.4
-49.6
-54.8
-53.8
-58.6
-55.2
-49.8
-47
-58.2
-57.8
-48.2
-57.6
-45.6
-57.8
-45.2
-53.4
-55.8
-53
-51.4
-55.6
-56
-50.6
-50.4
-74.2
-56.6
-58.6
-124
-51.6
-53.8
-50.2
-49.6
-51
-50
-58.4
-46
-51.4
-52.6
-50
-54
-74.6
-61.4
-100.2
-56.4
-50.4
-48.8
-60.4
-59.4
-66.4
-46.6
-59.4
-47.6
-58
-58.2
-71
-52.4
-54
-53.6
-77.8
-50
-55.2
-82.2
-50.4
-50.4
-52.6
-54.4
-55.2
-48.6
-51.2
-53.4
-50
-54
-53.2
-51.2
-98.6
-69
-55.2
-59.2
-56.8
-52.4
-48.6
-50.8
-52
-51
-52.2
-47.8
-57.4
-57.8
-55.2
-50
-50.2
-52.4
-48.6
-46.6
-49
-77
-63.2
-56.2
-47.6
-50.6
-49
-54.8
-53.4
-54.6
-50
-56.2
-54.4
-50.6
-58.2
-50.2
-54.2
-49.6
-52.2
-49.4
-55.2
-48.4
-53
-57.8
-54
-56.2
-56.2
-50.2
-49.2
-50.2
-51.8
-57.6
-46.6
-52.6
-46
-60.2
-73
-51.6
-71.6
-50
-50.2
-70.2
-77.4
-53.4
-48.8
-61.6
-50.4
-51.4
-58.4
-46.6
-52.6
-46.2
-49.6
-47.8
-51.6
-57.4
-48.4
-54.2
-48
-69.8
-55
-54.4
-56.4
-48.2
-49.2
-48
-82.2
-52.8
-56.2
-52
-54.2
-56
-54.8
-49.8
-55
-57.6
-54.8
-54.8
-61.4
-45
-51
-52.2
-48.8
-57
-51.2
-53.2
-52.8
-64.4
-52.8
-55.2
-57.8
-49.2
-48.6
-50.4
-49.4
-51.2
-79.4
-75.6
-52.4
-46.4
-52.4
-50.8
-56.6
-47.4
-56
-57.6
-55.6
-53.2
-55.4
-52.8
-46.4
-76.2
-49.4
-49
-55.8
-73
-50.6
-50
-48.8
-47.8
-56.2
-48.2
-52
-50
-57.4
-57.2
-76.6
-59.2
-52
-94.6
-49
-61
-59.8
-59.6
-52
-53
-59
-54.8
-54
-52
-50
-50.4
-57.8
-55.6
-52.2
-49.8
-53.8
-47
-50
-53
-49.2
-50
-52.4
-53.8
-55
-46.6
-58.6
-48.4
-67.4
-51.8
-47.6
-59.8
-55
-47.4
-54
-51.6
-53.8
-58.6
-55.8
-51.4
-55.8
-58
-48.4
-56
-49.6
-93.8
-55.6
-49.2
-55.8
-60
-52.2
-48.8
-55.6
-51.2
-49.8
-465
-49
-463.2
-59.2
-47.6
-55.8
-420.2
-57.2
-55.6
-51.4
-49.2
-58.2
-53
-60.2
-49
-49.4
-57.8
-54.2
-49.4
-48.2
-51
-53
-50.2
-53.2
-48.6
-49
-52.6
-52.6
-50.8
-51.2
-48.2
-49.6
-63.2
-49.2
-54.4
-49.6
-48.2
-52.2
-48.4
-88.6
-46.4
-56
-57.8
-99.6
-47.8
-49.4
-54.4
-53.4
-47.6
-49.2
-52.2
-51
-46.6
-52.6
-54.2
-49.8
-47.2
-51.8
-50.4
-50.2
-65
-84.8
-53.4
-50
-59
-46.2
-46
-88.2
-56.8
-57.4
-46.6
-73
-57.6
-56
-99
-52.6
-53
-85.6
-51.8
-57
-54
-50.2
-65.2
-48
-48.8
-50.4
-50.2
-54.6
-54.4
-48.8
-79.4
-51.4
-45.6
-48.6
-54.4
-57.6
-113.6
-49.8
-49.6
-58.2
-52.4
-53.8
-52.6
-55.4
-58.8
-52.6
-58.4
-52
-88.8
-48.2
-50.6
-53.2
-48
-52.8
-54.4
-48.8
-58.2
-50.4
-55.8
-56.2
-49.6
-51.6
-79.8
-48.6
-53.4
-54
-53.2
-47.8
-46.8
-50.6
-51.2
-55
-51.6
-48
-49.4
-53.6
-59
-57.6
-47.2
-48
-59.2
-68.8
-46
-47.2
-51.4
-53.2
-72.4
-55.2
-60
-100.6
-45
-55.2
-56.8
-54.4
-55.6
-52.4
-49.6
-55
-69
-53.8
-53.2
-53.4
-50.8
-46.6
-50.2
-48
-52.8
-78.8
-54.8
-92.2
-50.4
-50
-47.6
-59.6
-69.2
-52.4
-54.6
-86.8
-51
-49.2
-59
-64.6
-61.4
-48
-55.2
-51.6
-59
-51.4
-49.4
-49
-52.8
-50.6
-53.2
-52.4
-48.6
-52.6
-49.6
-58.6
-49.6
-52.8
-48.2
-97.2
-58
-51.2
-55
-50.8
-55.6
-50.8
-107.6
-48.4
-56.6
-57
-52.2
-59.2
-56.8
-57.4
-49.4
-52.8
-64.2
-46.6
-53.2
-51.6
-49.4
-56.6
-59.2
-67.8
-55.2
-56
-50.4
-56.4
-55
-56.2
-47.6
-52.2
-52.6
-69.6
-82.8
-59.6
-57.4
-57.4
-90
-54
-48.2
-48.6
-47.4
-50.6
-83.4
-47.2
-56.8
-51.6
-49.4
-79.2
-63.4
-55
-71.2
-57
-50.8
-49.8
-51.4
-56.4
-55.2
-48
-50
-62
-51.2
-59.8
-58.6
-53
-47.8
-53.4
-55
-54.8
-68.2
-55.6
-50.8
-50.4
-55.4
-51
-48
-72
-49.8
-46.6
-48.6
-51.8
-54.6
-51.2
-56.6
-49.4
-57.8
-50.8
-76.8
-46
-51
-49.6
-55.2
-51.4
-45.4
-53
-52.4
-62
-48.6
-90.2
-49.6
-51.2
-48.8
-47.4
-48.8
-50.6
-51.2
-56.8
-52.6
-54.8
-48
-55.8
-56.8
-59
-49.8
-60.8
-49.6
-51.2
-49.2
-50.6
-47
-45
-53.4
-48.6
-57.8
-60.4
-52.2
-52.6
-54.4
-70
-53.2
-47.2
-57.6
-52.4
-50.2
-50.4
-46.6
-48.2
-55
-53
-51.8
-53
-52.2
-48.4
-59.6
-54
-51.2
-50.4
-417.8
-51.6
-58.2
-51.6
-51.6
-47.8
-52.4
-54
-55.6
-48.8
-53.6
-48.4
-91.2
-91.4
-53.4
-63.2
-53.8
-49
-54.8
-56.6
-59.8
-59.6
-66.2
-54
-51.8
-53.4
-58.6
-45
-46
-51.4
-52.4
-53.6
-50.8
-50.8
-61.4
-47
-49
-57.2
-54.4
-48.4
-53
-61.6
-45.2
-54.6
-49.6
-116.6
-71.8
-51.6
-51.6
-56.2
-52.6
-61
-48.2
-52.8
-51.8
-71.6
-73.6
-48.2
-57.8
-55.8
-55
-48.8
-55
-55.8
-47.8
-55.4
-83.4
-52.8
-52.8
-53.4
-54.4
-49.4
-50
-52.6
-52.8
-80.4
-48
-50
-60.6
-75
-49.6
-64.4
-55.8
-50.2
-50
-48.2
-59
-48
-51.2
-73.8
-73.4
-54.2
-47.2
-51.6
-69.8
-76.2
-47.4
-51
-48.4
-52
-54
-51
-56
-52
-57.2
-56.6
-54
-51.8
-52.8
-51.6
-50.6
-50.6
-47.6
-53.8
-52
-52.6
-53.6
-45
