agent: texplore
env: asterix
Feature Selection: 2
Environment is episodic.
set statesPerDim to 0 for all dim
feature 0 has range 30
feature 1 has range 30
reward range: 1020
Parallel ETUCT tracking real state values
Planner using history size: 0
start parallel uct planning search thread
Start model learning thread
Created MultClass 0 with nModels: 5
Created C4.5 decision tree 0 with == and > splits
Created C4.5 decision tree 6 with == and > splits
Created C4.5 decision tree 12 with == and > splits
Created C4.5 decision tree 18 with == and > splits
Created C4.5 decision tree 24 with == and > splits
Created MultClass 2 with nModels: 5
Created C4.5 decision tree 2 with == and > splits
Created C4.5 decision tree 8 with == and > splits
Created C4.5 decision tree 14 with == and > splits
Created C4.5 decision tree 20 with == and > splits
Created C4.5 decision tree 26 with == and > splits
Created MultClass 3 with nModels: 5
Created C4.5 decision tree 3 with == and > splits
Created C4.5 decision tree 9 with == and > splits
Created C4.5 decision tree 15 with == and > splits
Created C4.5 decision tree 21 with == and > splits
Created C4.5 decision tree 27 with == and > splits
Created MultClass 1 with nModels: 5
Created C4.5 decision tree 1 with == and > splits
Created C4.5 decision tree 7 with == and > splits
Created C4.5 decision tree 13 with == and > splits
Created C4.5 decision tree 19 with == and > splits
Created C4.5 decision tree 25 with == and > splits
-993
-993
-993
-992
-994
-996
-977
-938
-994
-994
-994
-984
-995
-996
-990
-984
-989
-989
-948
-975
-997
-996
-973
-997
-997
-990
-996
-990
-997
-994
-991
-992
-994
-994
-988
-994
-992
-972
-961
-986
-988
-975
-988
-991
-989
-995
-994
-995
-994
-995
-960
-993
-996
-996
-995
-996
-995
-993
-978
-992
-992
-992
-992
-992
-992
-994
-989
-994
-994
-994
-994
-994
-987
-973
-995
-976
-994
-994
-994
-994
-994
-994
-994
-990
-958
-974
-973
-978
-987
-992
-987
-992
-987
-995
-995
-995
-988
-991
-988
-988
-991
-972
-990
-962
-973
-982
-991
-983
-996
-996
-965
-995
-984
-993
-993
-993
-993
-993
-993
-993
-993
-955
-945
201
-995
-995
-995
-995
-995
-995
-995
-995
-995
-995
-995
-948
-991
-956
-960
-973
-990
-974
-982
-996
-988
-988
-982
-996
-996
-996
-996
-996
-996
-996
-996
-996
-996
-996
-996
-996
-996
-996
-996
-996
-996
-996
-996
-996
-996
-996
-996
-996
-994
-995
-995
-995
-994
-994
-995
-974
-995
-995
-995
-995
-995
-995
-995
-995
-994
-995
-995
-995
-993
-990
201
-975
-976
-978
-959
-987
-959
-987
-987
-994
-834
-991
-968
-987
-959
-945
-987
-982
-941
-983
-983
-987
-913
-997
-963
-997
-997
-975
-973
-997
-997
-890
-960
-991
-946
-991
-991
-963
-947
-969
201
-995
-946
-992
-995
-954
-995
-995
-995
-991
-979
-833
-982
-989
-996
-973
-968
-995
-989
-940
-989
-996
-995
-995
-987
-889
-903
-987
-906
-969
201
-987
-995
-971
-971
-987
-970
-987
-987
-995
-987
-987
-947
-996
-975
-870
-975
-996
-975
-996
-996
-976
-921
-974
-949
-949
-949
-975
-989
-989
-865
-916
-986
-888
-878
-957
-957
-957
-961
-957
-862
201
-988
-872
-984
-970
-984
-989
-984
-942
-984
-984
-970
-975
-805
-889
-917
-849
-891
-942
-971
-975
-905
-985
-985
-985
-971
-985
-985
-974
-865
-997
-985
-988
-915
-985
-985
-985
-985
-988
-949
-976
-991
-987
-987
-921
-973
-889
-973
-945
-990
-977
-990
-977
-990
-833
-987
-987
-945
-959
-917
-987
-987
-987
-973
-987
-987
201
201
201
201
201
-921
-871
-815
-955
201
201
-989
201
201
201
-897
201
-864
-878
-878
201
201
201
201
201
-961
-829
201
-901
-929
-901
-946
-971
-971
-943
-971
-985
-971
-971
-943
-985
-985
-985
-985
-971
-971
-985
-985
-971
-985
-971
-985
-985
-957
-863
-985
-957
201
-992
-943
-985
-985
-985
-985
-971
-985
-971
-971
-985
-971
-971
-957
-954
-971
-895
-994
-991
-985
-985
-960
-994
201
-981
-971
-985
-957
-938
201
-994
-990
-955
201
-920
-801
-932
-879
-821
-960
-984
201
-959
-932
-932
-810
-848
-932
-932
-966
-876
201
201
201
201
201
-901
-985
-985
-971
-971
-985
-985
-985
-985
-985
-985
-985
-971
-985
-985
-985
-971
-971
-985
-985
-985
-985
-957
-985
-985
-985
-985
-985
-985
-985
-985
-985
-985
-985
-985
-985
-985
-985
-985
-985
-971
-971
-943
-987
201
201
-946
-987
-987
201
201
-839
-801
-965
201
201
-993
-993
201
201
201
-935
-932
-963
-904
-991
-960
-991
201
-963
-904
-946
201
-991
-977
-960
-991
-932
-866
-847
-931
-931
-903
-931
-931
-931
-931
-847
-903
-931
-959
201
201
201
201
201
201
201
201
-988
-955
-885
-861
-898
-926
-927
-973
-955
-917
-983
-945
-983
-983
-927
-945
-983
-972
-983
-927
-972
-986
-969
-969
-958
-983
-983
-972
-986
-983
-983
-986
-983
-983
-986
-958
-986
-972
-983
-986
-986
-983
-986
-983
-986
-983
-983
-986
-986
-986
-983
-986
-983
-983
-986
-983
-983
-983
-986
-986
-986
-986
-944
-986
-986
-983
-986
-986
-983
-983
-983
-986
-983
-986
-972
-988
-983
-983
-986
-986
-988
-983
-986
-986
-986
-983
-983
-983
-986
-963
-977
-977
-972
-977
-986
-977
-986
-991
-977
-986
-977
-972
-977
-977
-977
-986
-977
-986
-977
-986
-977
-977
-977
-986
-977
-986
-977
-977
-977
-977
-986
-977
-977
-977
-977
-977
-977
-977
-977
-977
-977
-977
-977
-977
-977
-977
-977
-977
-977
-977
-977
-977
-977
-977
-977
-977
-977
-977
-977
-977
-977
-977
-977
-977
-977
-977
-977
-977
-977
-977
-977
-977
201
-989
-945
-989
-973
-989
-973
-989
-917
-989
-889
-989
-945
-989
-945
-989
-945
-989
-973
-989
-945
-989
-973
-989
-973
-960
-989
-973
-989
-973
-989
-973
-989
-973
-989
-973
-989
-973
-989
-973
-989
-973
-989
-917
-917
-989
-945
-989
-973
-989
-973
-989
-973
-989
-973
-989
-973
-989
201
-904
201
201
201
201
201
201
201
201
-876
201
201
201
201
201
201
201
201
201
201
201
201
201
201
201
-931
-995
-967
-995
-995
-995
-995
-939
-995
-995
-995
-995
-995
-995
-995
-995
-995
-911
-995
-995
-995
-995
-995
-995
-995
-995
-995
-995
-995
-995
-995
-995
-995
-995
-995
-995
-995
-995
-995
-995
-995
-995
-995
-995
-995
-995
-995
-995
-995
-995
-995
-995
-995
-995
-995
-995
-995
-995
-995
-995
-995
-995
-995
-995
-995
-995
-995
-995
-995
-995
-995
-995
-995
-995
-995
-995
-995
-995
-995
-995
-995
-995
-995
-995
-995
-995
-995
-995
-995
-995
-995
-995
-995
-995
-995
-995
-995
-995
-995
-995
-995
-995
-995
-995
-995
-995
-995
-995
-995
-995
-995
-995
-995
-995
-995
-995
-995
-995
-995
-995
-995
-995
-995
-995
-995
-995
-995
-995
-995
-995
-995
-995
-995
-995
-995
-995
-995
-995
-995
-995
-995
-995
-995
-995
-995
-995
-995
-995
-995
-995
-995
-995
-995
-995
-995
-995
-995
-995
-995
-995
-995
-995
-995
-995
-995
-995
-995
-995
-995
-995
