agent: texplore
env: asterix
Environment is episodic.
set statesPerDim to 0 for all dim
feature 0 has range 30
feature 1 has range 30
feature 2 has range 30
reward range: 1001
Parallel ETUCT tracking real state values
Planner using history size: 0
Start model learning thread
start parallel uct planning search thread
Created MultClass 0 with nModels: 5
Created C4.5 decision tree 0 with == and > splits
Created C4.5 decision tree 6 with == and > splits
Created C4.5 decision tree 12 with == and > splits
Created C4.5 decision tree 18 with == and > splits
Created C4.5 decision tree 24 with == and > splits
Created MultClass 3 with nModels: 5
Created C4.5 decision tree 3 with == and > splits
Created C4.5 decision tree 9 with == and > splits
Created C4.5 decision tree 15 with == and > splits
Created C4.5 decision tree 21 with == and > splits
Created C4.5 decision tree 27 with == and > splits
Created MultClass 4 with nModels: 5
Created C4.5 decision tree 4 with == and > splits
Created C4.5 decision tree 10 with == and > splits
Created C4.5 decision tree 16 with == and > splits
Created C4.5 decision tree 22 with == and > splits
Created C4.5 decision tree 28 with == and > splits
Created MultClass 1 with nModels: 5
Created C4.5 decision tree 1 with == and > splits
Created C4.5 decision tree 7 with == and > splits
Created C4.5 decision tree 13 with == and > splits
Created C4.5 decision tree 19 with == and > splits
Created C4.5 decision tree 25 with == and > splits
Created MultClass 2 with nModels: 5
Created C4.5 decision tree 2 with == and > splits
Created C4.5 decision tree 8 with == and > splits
Created C4.5 decision tree 14 with == and > splits
-996
Created C4.5 decision tree 20 with == and > splits
Created C4.5 decision tree 26 with == and > splits
-980
-994
-995
-991
-994
-994
-995
-995
-995
-994
-994
-984
-994
-996
-995
-996
-995
-993
-995
-996
-996
-994
-997
-996
-996
-991
-992
-994
-991
-995
-995
-996
-994
-992
-996
-987
-997
-983
-994
-984
-996
-996
-995
-995
-995
-991
-995
-996
-978
-992
-989
-990
-991
-996
-993
-980
-989
-997
-994
-987
-995
-990
-996
-981
-994
-987
-987
-982
-959
-990
-990
-986
-990
-990
-990
-990
-990
-990
-990
-990
-990
-990
-990
-990
-990
-990
-996
-996
-996
-990
-996
-996
-996
-996
-996
-996
-996
-996
-996
-996
-996
-996
-996
-996
-996
-996
-996
-996
-996
-996
-996
-996
-996
-996
-996
-996
-996
-996
-996
-996
-996
-996
-996
-996
-996
-996
-996
-996
-996
-996
-996
-996
-996
-996
-996
-996
-996
-996
-996
-996
-996
-996
-996
-996
-996
-996
-996
-996
-996
-996
-996
-996
-996
-996
-996
-996
-996
-996
-996
-996
-996
-996
-996
-996
-996
-996
-996
-996
-996
-996
-996
-996
-996
-996
-996
-996
-996
-996
-996
-996
-994
-960
-960
-988
-974
-990
-974
-989
-989
-989
-983
-973
-994
-983
-983
-983
-980
-973
-994
-973
-969
-983
-960
-983
-974
-973
-974
-918
-994
201
-976
-981
-994
-812
-994
-995
-981
-980
-994
-994
-981
-996
-994
-987
-967
-994
-981
-994
-981
-981
-983
-973
-888
-981
-942
-983
-983
-983
-971
-944
-966
-973
-903
201
201
201
-947
-917
-861
-861
-917
-917
-917
-931
-918
-988
-988
-988
-988
-988
-988
-988
201
-988
-988
-988
-988
-988
-988
-988
-988
-988
-988
201
201
-875
-959
-959
-974
-931
-972
201
-862
-988
-862
-988
-992
-995
-992
-988
-992
-995
-992
-995
-995
-988
201
201
201
201
-980
-995
201
201
201
201
201
-899
-983
-954
-898
201
201
201
-982
-954
201
201
201
201
201
201
-995
201
201
201
201
201
201
201
201
201
201
201
201
201
201
201
-959
201
201
201
201
201
201
201
201
201
201
201
201
201
201
201
201
201
201
201
201
201
201
201
201
201
-889
-945
-889
201
-945
-945
-945
201
201
201
201
201
201
201
201
201
201
201
201
-957
201
-873
-929
-929
-929
-929
-929
-873
201
201
201
201
201
201
201
201
201
201
201
201
201
201
-942
201
201
-942
201
201
201
-900
-956
-970
201
201
201
201
201
201
201
201
201
-945
-973
201
201
201
201
201
201
201
201
201
201
201
201
201
201
201
201
201
201
201
201
201
201
201
201
201
201
201
201
201
201
201
201
201
201
201
201
201
-966
-980
-924
201
-980
-980
-980
-980
-896
-924
201
201
201
201
201
201
201
201
201
201
201
201
201
201
201
201
201
201
201
201
201
201
201
201
201
201
201
201
201
201
201
201
201
201
201
201
201
201
201
201
201
201
201
201
201
201
201
201
201
201
201
201
201
-939
201
201
-967
201
201
201
201
201
201
-926
-939
201
201
201
201
201
201
201
201
201
201
201
201
201
201
201
201
201
201
201
201
201
201
201
201
201
201
201
201
201
201
201
201
201
201
201
201
201
201
201
201
201
201
201
201
201
201
201
201
201
201
201
201
201
201
201
201
201
201
201
201
201
201
201
201
201
201
201
201
201
201
201
201
201
201
201
201
201
201
201
201
201
201
201
201
201
201
201
201
201
201
201
201
201
201
201
201
201
201
201
201
201
201
201
201
201
201
201
201
201
201
201
201
201
201
201
201
201
201
201
201
201
201
201
201
201
201
201
201
201
201
201
201
201
201
201
201
201
201
201
201
201
201
201
201
201
201
201
201
201
201
201
201
201
201
201
201
201
201
201
201
201
201
201
201
201
201
201
201
201
201
201
201
201
201
201
201
201
201
201
201
201
201
201
201
201
201
201
201
201
201
201
201
201
201
201
201
201
201
201
201
201
201
201
201
201
201
201
201
201
201
201
201
201
201
201
201
201
201
201
201
201
201
201
201
201
201
201
201
201
201
201
201
201
201
201
201
201
201
201
201
201
201
201
201
201
201
201
201
201
201
201
201
201
201
201
201
201
201
201
201
201
201
201
201
201
201
201
201
201
201
201
201
201
201
201
201
201
201
201
201
201
201
201
201
201
201
201
201
201
201
201
201
201
201
201
201
201
201
201
201
201
201
201
201
201
201
201
201
201
201
201
201
201
201
201
201
201
201
201
201
201
201
201
201
201
201
201
201
201
201
201
201
201
201
201
201
201
201
201
201
201
201
201
201
201
201
201
201
201
201
201
201
201
201
201
201
201
201
201
201
201
201
201
201
201
201
201
201
201
201
201
201
201
201
201
201
201
201
201
201
201
201
201
201
201
201
201
201
201
201
201
201
201
201
201
201
201
201
201
201
201
201
201
201
201
201
201
201
201
201
201
201
201
201
201
201
201
201
201
201
201
201
201
201
201
201
201
201
201
201
201
201
201
201
201
201
201
201
201
201
201
201
201
201
201
201
201
201
201
201
201
201
201
201
201
201
201
201
201
201
