agent: texplore
env: asterix
Environment is episodic.
set statesPerDim to 0 for all dim
feature 0 has range 30
feature 1 has range 30
feature 2 has range 30
reward range: 1001
Parallel ETUCT tracking real state values
Planner using history size: 0
Start model learning thread
start parallel uct planning search thread
Created MultClass 0 with nModels: 5
Created C4.5 decision tree 0 with == and > splits
Created C4.5 decision tree 6 with == and > splits
Created C4.5 decision tree 12 with == and > splits
Created C4.5 decision tree 18 with == and > splits
Created C4.5 decision tree 24 with == and > splits
Created MultClass 3 with nModels: 5
Created C4.5 decision tree 3 with == and > splits
Created C4.5 decision tree 9 with == and > splits
Created C4.5 decision tree 15 with == and > splits
Created C4.5 decision tree 21 with == and > splits
Created C4.5 decision tree 27 with == and > splits
Created MultClass 4 with nModels: 5
Created C4.5 decision tree 4 with == and > splits
Created C4.5 decision tree 10 with == and > splits
Created C4.5 decision tree 16 with == and > splits
Created C4.5 decision tree 22 with == and > splits
Created C4.5 decision tree 28 with == and > splits
Created MultClass 1 with nModels: 5
Created C4.5 decision tree 1 with == and > splits
Created C4.5 decision tree 7 with == and > splits
Created C4.5 decision tree 13 with == and > splits
-994
Created C4.5 decision tree 19 with == and > splits
Created C4.5 decision tree 25 with == and > splits
Created MultClass 2 with nModels: 5
Created C4.5 decision tree 2 with == and > splits
Created C4.5 decision tree 8 with == and > splits
Created C4.5 decision tree 14 with == and > splits
Created C4.5 decision tree 20 with == and > splits
Created C4.5 decision tree 26 with == and > splits
-994
-994
-993
-994
-994
-995
-992
-997
-994
-994
-994
-995
-995
-995
-994
-994
-996
-994
-992
-987
-993
-988
-996
-994
-992
-988
-988
-987
-988
-973
-987
-986
-986
-988
-988
-987
-988
-987
-988
-989
-989
-987
-931
-987
-931
-987
-987
-943
-987
-988
-973
-805
-945
-854
-967
-967
-987
-939
-952
-981
-981
-996
-967
-960
-981
-981
-981
-967
-960
-892
-987
-945
-987
-973
-989
-953
-868
-973
-987
-945
-987
-945
-949
-994
-992
-974
-974
-974
-994
-960
-994
-960
-987
-974
-959
-985
-973
-820
-994
-994
-994
-994
-994
-994
-995
-995
-994
-973
-987
-987
-994
201
-973
-946
-883
-918
-989
-981
-974
-989
-974
-987
-974
-988
-974
-988
-989
-988
-946
-973
-967
-994
-974
-986
-974
-978
-967
-967
-974
-974
-977
-974
-974
-977
-974
-974
-964
-912
-840
-994
-974
-994
-994
-994
-994
-994
-994
-994
-994
-994
-994
-994
-994
-994
-994
-952
-994
-994
201
-978
-994
-980
-986
201
-955
-990
-962
-990
-891
-975
-878
-938
-990
-893
-970
-944
-917
201
-872
-961
-989
-989
-989
-989
-989
-989
-989
-989
-989
-989
-989
-989
-989
-989
-989
-989
-989
-989
-989
-989
-989
-989
-989
-989
-989
-989
-989
-989
-982
-989
-989
-989
-989
-989
-989
-989
-989
-989
-989
-989
-989
-989
-989
-989
-989
-989
-982
201
201
201
201
201
201
201
201
201
201
201
201
201
201
201
201
-987
201
201
201
-806
-918
201
201
201
201
201
-945
-805
201
-945
-876
-960
-988
-988
-988
-988
-932
-933
-960
-974
201
-988
-988
-960
201
-934
-988
201
201
201
201
201
201
-941
201
201
201
201
201
-959
-959
-931
-903
-959
-931
-931
-959
-959
-959
-959
-959
-959
-959
-959
-959
-959
-959
-959
-959
-959
-959
-959
201
201
201
201
201
201
201
201
201
201
201
201
201
-974
201
201
201
201
201
201
201
201
201
201
201
201
201
201
201
201
201
201
201
201
201
201
201
201
201
201
201
201
201
201
201
201
201
201
201
201
201
201
201
201
201
201
201
201
201
-921
201
-953
201
201
201
201
201
201
201
201
201
201
201
201
-927
-983
-899
-843
-983
-983
-983
-983
-982
-982
-983
-983
-955
-983
-983
-983
-983
-983
-983
-983
-983
-983
-983
-983
-983
-983
-983
-983
-983
-983
-982
-982
-982
-982
-982
-982
-982
-982
-982
-982
-983
-983
-982
-982
-983
-983
-983
-983
-983
-982
-983
-982
-983
-983
-983
-982
-983
-983
-983
-983
-983
-983
-983
-983
-983
-983
-983
-983
-983
-983
-983
-983
-983
-983
-983
-983
-983
-983
-983
-983
-983
-983
-983
-983
-983
-983
-983
-983
-983
-983
-983
-983
-983
-983
-983
-983
-983
-983
-983
-983
-983
-983
-983
-983
-983
-983
-983
-983
-983
-983
-983
-983
-983
-983
-983
-983
-983
-983
-983
-970
201
201
201
201
201
201
201
201
201
201
201
201
201
201
201
201
201
201
201
201
201
201
201
201
201
201
201
201
201
201
201
201
201
201
201
201
201
201
201
201
201
201
201
201
201
201
201
201
201
201
201
201
-947
-975
201
-863
-975
-975
-975
-975
-975
-975
-975
-975
-975
-975
-975
-975
-975
-975
-975
-975
-975
-975
-975
-975
201
-863
201
-891
-975
-975
-975
-975
-975
-975
-975
-975
-975
-975
-975
-975
-975
-975
-975
-975
-975
-975
-975
-975
-975
-975
-975
-975
-975
-975
-975
-975
-975
-975
-975
-975
-975
-975
-975
-975
-975
-975
-975
-975
-975
-975
-975
-975
201
201
201
201
201
201
201
201
201
201
201
201
201
201
201
201
201
201
201
201
-818
-888
201
-888
201
-818
-930
-930
201
201
201
-986
-930
201
201
201
201
201
201
201
-972
-938
-972
201
-888
-916
-804
-916
-916
-916
-916
-916
201
-916
-916
-916
-916
-916
-916
-888
-916
-916
-916
-916
-916
-916
-916
-916
-916
-916
-916
-916
-916
-832
-916
-916
-916
-916
-916
-916
-916
-916
-916
-916
-916
-916
-916
201
201
201
201
201
201
201
201
201
201
201
201
201
201
201
201
201
201
201
201
201
201
201
201
201
201
201
201
201
201
201
201
201
201
201
201
201
201
201
201
201
201
201
201
201
201
201
201
201
201
201
201
201
201
201
201
201
201
201
201
201
201
201
201
201
201
201
201
201
-980
-995
201
201
201
201
201
201
201
201
201
201
201
201
201
201
201
201
201
201
201
201
201
201
201
201
201
201
201
201
201
201
201
201
201
201
201
201
201
201
201
201
201
201
201
201
201
201
201
201
201
201
201
201
201
201
201
-960
-988
-988
-988
-988
-988
-988
-988
-988
-988
-988
-988
-988
-988
-988
-988
-988
-988
-988
-988
-988
-988
-988
-988
-988
-988
-988
-988
-988
-988
-988
-988
-988
-988
-988
-988
-988
-988
-988
-988
-988
-988
-988
-988
-988
-988
-988
-988
-988
-988
-988
-988
-988
-988
-988
-988
-988
-988
-988
-988
-988
-988
-988
-988
-988
-988
-988
-988
-988
-988
-988
-988
-988
-988
-988
-988
-988
-988
-988
-988
-988
-988
-988
-988
-988
-988
-988
-988
-988
-988
-988
-988
-988
-988
-988
-988
-988
-988
-988
-988
-988
-988
-988
-988
-988
-988
-988
-988
-988
-988
-988
-988
-988
-988
-988
-988
-988
-988
-988
-988
-988
-988
-988
-988
-988
-988
-988
-988
-988
-988
-988
-988
-988
-988
-988
-988
-988
-988
-988
-988
-988
-988
-988
-988
-988
-988
-988
-988
