agent: texplore
env: asterix
Feature Selection: 0
Environment is episodic.
set statesPerDim to 0 for all dim
feature 0 has range 30
feature 1 has range 30
feature 2 has range 30
feature 3 has range 30
reward range: 1020
Parallel ETUCT tracking real state values
Planner using history size: 0
Start model learning threadstart parallel uct planning search thread

Created MultClass 0 with nModels: 5
Created C4.5 decision tree 0 with == and > splits
Created C4.5 decision tree 6 with == and > splits
Created C4.5 decision tree 12 with == and > splits
Created C4.5 decision tree 18 with == and > splits
Created C4.5 decision tree 24 with == and > splits
Created MultClass 4 with nModels: 5
Created C4.5 decision tree 4 with == and > splits
Created C4.5 decision tree 10 with == and > splits
Created C4.5 decision tree 16 with == and > splits
Created C4.5 decision tree 22 with == and > splits
Created C4.5 decision tree 28 with == and > splits
Created MultClass 5 with nModels: 5
Created C4.5 decision tree 5 with == and > splits
Created C4.5 decision tree 11 with == and > splits
Created C4.5 decision tree 17 with == and > splits
Created C4.5 decision tree 23 with == and > splits
Created C4.5 decision tree 29 with == and > splits
Created MultClass 1 with nModels: 5
Created C4.5 decision tree 1 with == and > splits
Created C4.5 decision tree 7 with == and > splits
Created C4.5 decision tree 13 with == and > splits
Created C4.5 decision tree 19 with == and > splits
Created C4.5 decision tree 25 with == and > splits
Created MultClass 2 with nModels: 5
Created C4.5 decision tree 2 with == and > splits
Created C4.5 decision tree 8 with == and > splits
Created C4.5 decision tree 14 with == and > splits
Created C4.5 decision tree 20 with == and > splits
Created C4.5 decision tree 26 with == and > splits
Created MultClass 3 with nModels: 5
Created C4.5 decision tree 3 with == and > splits
Created C4.5 decision tree 9 with == and > splits
Created C4.5 decision tree 15 with == and > splits
Created C4.5 decision tree 21 with == and > splits
Created C4.5 decision tree 27 with == and > splits
-995
-996
-988
-992
-991
-995
-988
-994
-995
-994
-995
-993
-995
-992
-989
-994
-996
-992
-994
-995
-995
-990
-992
-997
-996
-990
-991
-995
-994
-995
-982
-994
-994
-994
-994
-996
-994
-992
-987
-995
-987
-987
-996
-995
-987
-987
-987
-994
-987
-995
-995
-995
-992
-996
-995
-994
-987
-996
-987
-987
-987
-990
-995
-989
-987
-987
-987
-996
-987
-996
-996
-996
-996
-994
-992
-984
-996
-987
-987
-987
-987
-996
-987
-987
-987
-987
-987
-987
-987
-996
-997
-987
-996
-987
-987
-987
-987
-987
-987
-987
-987
-987
-987
-987
-987
-987
-987
-987
-987
-994
-989
-987
-987
-987
-992
-987
-987
-987
-987
-987
-987
-987
-987
-987
-987
-987
-987
-987
-987
-987
-985
-987
-987
-984
-986
-986
-986
-986
-986
-986
-986
-986
-986
-986
-986
-986
-989
-986
-986
-989
-989
-989
-982
-982
-983
-989
-959
-996
-989
201
-996
-996
-996
-996
201
-996
-945
-847
-945
-819
-847
-996
-996
-996
-995
201
-995
-995
-984
-945
201
-984
-814
-996
-982
-973
-973
-983
-994
-996
-973
-994
-957
-995
-995
-975
-980
-996
-981
-996
-984
-996
-995
-995
-996
-982
-973
-917
-981
-985
-803
-983
-979
-973
-971
-973
-973
-990
-996
-971
-996
-995
-994
-995
-995
-995
-996
-990
-833
-873
-985
-985
-973
-994
-985
-973
201
-993
-993
-993
-993
-979
-993
-993
-993
-993
-993
-993
201
201
-993
-993
-993
-993
-993
-993
-993
-993
-993
-993
-993
-993
-993
-993
-993
-993
-993
-993
-993
-993
-993
-993
-993
-993
-993
-993
-993
-993
-993
-993
-993
-993
-993
-993
-993
-993
-993
-993
-993
-993
-993
-993
-993
-993
-993
-993
-993
-993
-993
-993
-993
-993
-993
-993
-993
-993
-993
-993
-993
-993
-993
-993
-993
-993
-993
-993
-993
-993
-993
-993
-993
-993
-993
-993
-993
-993
-993
-993
-993
-993
-993
-993
-993
-993
-993
-993
-993
-993
-993
-993
-993
-993
-993
-993
-993
-993
-993
-993
-993
-993
-993
-993
-993
-993
-993
-993
-993
-993
-993
-993
-993
-993
-993
-993
-993
-993
-993
-993
-993
-993
-993
-993
-993
-993
-993
-993
-993
-993
-993
-993
-993
-993
-993
-993
-993
-993
-993
-993
-993
-993
-993
-993
-993
-993
-993
-993
-993
-993
-993
-993
-993
-993
-993
-993
-993
-993
-993
-993
-993
-993
-993
-993
-993
-993
-993
-993
-993
-993
-993
-993
-993
-993
-993
-993
-993
-993
-993
-993
-993
-993
-993
-993
-993
-993
-993
-993
-993
-993
-993
-993
-993
-993
-993
-993
-993
-993
-993
-993
-993
-993
-993
-993
-993
-993
-993
-993
-993
-993
-993
-993
-993
-993
-993
-993
-993
-993
-993
-993
-993
-993
-993
-993
-993
-993
-993
-993
-993
-993
-993
-993
201
-945
201
-989
201
201
201
201
-971
201
201
201
201
201
201
201
201
201
201
201
201
201
201
201
-994
-806
-995
-995
201
-944
-995
-997
-944
-995
-959
-997
-944
-889
-995
-995
-995
-995
-987
-986
-995
-973
-997
-972
-997
-959
-958
-973
-997
-944
-945
-997
-972
-997
-986
-987
-997
-986
-987
-997
-972
-917
-997
-986
-995
-995
-997
-986
-995
-995
-995
-995
-997
-986
-995
-995
-995
-972
-995
-972
-987
-997
-986
-995
-987
-997
-986
-995
-995
-995
-995
-995
-995
-995
-995
-995
-995
-995
-995
-995
-995
-995
-995
-995
-995
-995
-995
-987
-986
-987
-986
-987
-986
-987
-972
-995
-987
-997
-958
-995
-995
-995
-995
-995
-995
-995
-995
-995
-995
-995
-995
-995
-995
-995
-995
-995
-995
-995
-995
-995
-995
-995
-995
-995
-995
-995
-995
-995
-995
-995
-995
-995
-995
-995
-995
-995
-995
-995
-995
-995
-995
-995
-995
-995
-995
-995
-995
-995
-995
-995
-995
-997
-986
201
-973
-997
-986
-917
-997
-972
-973
-997
-986
-973
-997
-986
-861
-945
-973
-997
-986
-973
-997
-986
-973
-997
-987
-986
-973
-997
-986
-973
-997
-986
-973
-997
-986
-973
-997
-987
-997
-972
-973
-997
-972
-973
-997
-986
-973
-997
-986
-973
-997
-986
-945
-997
-986
-973
-997
-986
201
-805
-945
-997
-986
-995
-997
-986
-973
-973
-945
-962
-986
-990
-991
-972
-973
-988
-994
-991
-976
-972
-987
-988
-972
-973
-988
-972
-959
-988
-994
-972
-959
-973
-986
-972
-988
-973
-988
-986
-986
-973
-958
-988
-986
-986
-968
-972
-958
-986
-972
-957
-945
-988
-986
-972
-985
-986
-986
-990
-986
-990
-986
-990
-986
-988
-986
-986
-988
-986
-986
-988
-986
-986
-986
-986
-986
-986
-986
-986
-986
-986
-986
-986
-988
-986
-986
-988
-986
-986
-986
-986
-988
-986
-940
-986
-940
-959
-988
-986
-986
-986
-986
-986
-986
-986
-986
-986
-986
-986
-986
-986
-986
-986
-986
-986
-884
-986
-986
-986
-986
-986
-986
-986
-986
-986
-986
-986
-986
-986
-986
-968
-986
-986
-986
-988
-986
-986
-988
-986
-988
-986
-986
-988
-986
-940
-986
-986
-986
-986
-986
-986
-988
-986
-988
-986
-988
-986
-847
-945
-988
-986
-986
-986
-986
-986
-940
-986
-986
-986
-986
-986
-986
-986
-986
-986
-986
-986
-986
-986
-986
-986
-986
-986
-986
-986
-986
-986
-986
-986
-986
-986
-986
-986
-986
-986
-986
-986
-986
-986
-986
-986
-986
-986
-986
-986
-986
-986
-986
-986
-986
-986
-986
-986
-986
-986
-986
-986
-986
-986
-986
-986
-986
-986
-986
-986
-986
-986
-986
-986
-986
-986
-986
-986
-986
-986
-986
-986
-986
-986
-986
-986
-986
-986
-986
-986
-988
-986
-986
-986
-986
-986
-986
-986
-988
-986
-986
-986
-986
-990
-986
-988
-986
-988
-986
-986
-986
-986
-986
-986
-986
-986
-986
-986
-986
-986
-986
-986
-986
-986
-986
-986
-986
-986
-986
-986
