agent: texplore
env: asterix
Feature Selection: 0
Environment is episodic.
set statesPerDim to 0 for all dim
feature 0 has range 30
feature 1 has range 30
feature 2 has range 30
feature 3 has range 30
reward range: 1020
Parallel ETUCT tracking real state values
Planner using history size: 0
Start model learning thread
start parallel uct planning search thread
Created MultClass 0 with nModels: 5
Created C4.5 decision tree 0 with == and > splits
Created C4.5 decision tree 6 with == and > splits
Created C4.5 decision tree 12 with == and > splits
Created C4.5 decision tree 18 with == and > splits
Created C4.5 decision tree 24 with == and > splits
Created MultClass 4 with nModels: 5
Created C4.5 decision tree 4 with == and > splits
Created C4.5 decision tree 10 with == and > splits
Created C4.5 decision tree 16 with == and > splits
Created C4.5 decision tree 22 with == and > splits
Created C4.5 decision tree 28 with == and > splits
Created MultClass 5 with nModels: 5
Created C4.5 decision tree 5 with == and > splits
Created C4.5 decision tree 11 with == and > splits
Created C4.5 decision tree 17 with == and > splits
Created C4.5 decision tree 23 with == and > splits
Created C4.5 decision tree 29 with == and > splits
Created MultClass 1 with nModels: 5
-995
Created C4.5 decision tree 1 with == and > splits
Created C4.5 decision tree 7 with == and > splits
Created C4.5 decision tree 13 with == and > splits
Created C4.5 decision tree 19 with == and > splits
Created C4.5 decision tree 25 with == and > splits
Created MultClass 2 with nModels: 5
Created C4.5 decision tree 2 with == and > splits
Created C4.5 decision tree 8 with == and > splits
Created C4.5 decision tree 14 with == and > splits
Created C4.5 decision tree 20 with == and > splits
Created C4.5 decision tree 26 with == and > splits
Created MultClass 3 with nModels: 5
Created C4.5 decision tree 3 with == and > splits
Created C4.5 decision tree 9 with == and > splits
Created C4.5 decision tree 15 with == and > splits
Created C4.5 decision tree 21 with == and > splits
Created C4.5 decision tree 27 with == and > splits
-996
-959
-995
-996
-995
-994
-994
-994
-991
-993
-994
-993
-994
-991
-994
-996
-984
-993
-995
-995
-994
-995
-994
-995
-994
-996
-994
-993
-995
-994
-994
-992
-981
-994
-994
-993
-992
-992
-995
-991
-994
-994
-995
-996
-995
-978
-995
-981
-995
-996
-994
-995
-995
-994
-990
-981
-995
-983
-995
-995
-994
-993
-993
-994
-995
-995
-994
-994
-994
-992
-995
-992
-995
-990
-996
-995
-995
-992
-996
-995
-994
-996
-997
-992
-989
-995
-994
-995
-994
-992
-995
-996
-995
-995
-995
-995
-996
-994
-992
-993
-996
-992
-995
-993
-996
-980
-985
-996
-982
-987
-995
-980
-994
-995
-994
-995
-994
-995
-994
-995
-970
-994
-994
-994
-995
-995
-994
-995
-994
-994
-995
-995
-994
-995
-994
-994
-994
-995
-995
-995
-995
-995
-995
-995
-995
-994
-995
-994
-995
-994
-995
-995
-995
-995
-995
-995
-995
-994
-995
-995
-995
-995
-994
-981
-992
-994
-981
-995
-995
-980
-983
-994
-981
-980
-995
-995
-983
-994
-995
-995
-995
-995
-995
-995
-995
-995
-995
-995
-995
-995
-980
-994
-995
-995
-995
-995
-995
-994
-995
-994
-995
-995
-994
-995
-994
-994
-995
-994
-995
-995
-995
-995
-995
-995
-995
-995
-995
-995
-975
-996
-996
-996
-996
-996
-997
-993
-994
-995
-995
-994
-995
-994
-993
-993
-993
-995
-995
-995
-995
-995
-995
-995
-995
-995
-992
-995
-992
-995
-995
-995
-995
-992
-995
-995
-995
-995
-995
-985
-995
-995
-995
-995
-989
-981
-983
-973
-976
-979
-984
-995
-990
-995
-976
-990
-994
-982
-976
-995
-989
-995
-976
-934
-962
-948
-990
-995
-990
-990
-976
-962
-934
-982
-995
-946
-995
-924
-962
-995
-962
-995
-996
-990
-995
-976
-995
-947
-990
-995
-962
-995
-919
-990
-995
-962
-995
-878
-995
-962
-995
-974
-995
-962
-995
-962
-995
-962
-974
-962
-962
-962
-962
-988
-989
-989
-932
-980
-990
-990
-988
-960
-980
-988
-990
-990
-917
-994
-890
201
-945
-992
201
201
201
201
201
-805
-945
-994
-945
-959
-973
-987
-978
-973
-945
-978
-973
-973
-987
-987
-987
-987
-987
-987
-987
-987
-987
-987
-987
-987
-987
-987
-987
-987
-987
-987
-987
-987
-987
-987
-987
-987
-987
-987
-987
-987
-987
-987
-987
-987
-987
-987
-987
-987
-987
-987
-987
-987
-987
-987
-987
-987
-987
-987
-987
-987
-987
-987
-987
-987
-987
-987
-987
-987
-987
-987
-987
-987
-987
-987
-987
-987
-987
-987
-987
-987
-987
-987
-987
-987
-987
-987
-987
-987
-987
-987
-987
-987
-987
-987
-987
-987
-987
-987
-987
-987
-987
-987
-987
-987
-987
-987
-987
-987
-987
-987
-987
-987
-987
-987
-987
-987
-987
-987
-987
-987
-987
-987
-987
-987
-987
-987
-987
-987
-987
-987
-987
-987
-987
-987
-987
-987
-987
-987
-987
-987
-987
-987
-987
-987
-987
-987
-987
-987
-987
-987
-987
-987
-987
-987
-987
-987
-987
-987
-987
-987
-987
-987
-987
-987
-987
-987
-987
-987
-987
-987
-987
-987
-987
-987
-987
-987
-987
-987
-987
-987
-987
-987
-987
-987
-987
-987
-987
-987
-987
-987
-987
-987
-987
-987
-987
201
-876
-994
-973
-994
-960
-994
-805
-806
201
201
201
201
201
201
201
201
201
201
201
201
201
201
201
201
201
201
201
201
201
-994
201
-973
-917
201
201
-945
201
201
-945
-980
201
201
-861
-973
-973
-973
-973
-945
-973
201
-973
-973
-973
-973
-973
-973
-973
-973
-945
-973
-973
-973
-973
-973
201
-973
-973
-973
-973
-973
-973
-973
-973
-973
-973
-973
-973
-973
-973
-973
-973
-973
-973
-973
-973
-973
-973
-973
-973
-973
-973
-973
-973
-973
-973
201
201
201
201
-970
201
201
201
-930
201
201
-973
-973
-952
201
201
201
201
201
-980
201
-973
-996
201
201
201
201
201
201
201
201
201
201
-985
-973
-973
-980
201
-927
-983
-983
-983
-983
-983
-983
-927
-983
-983
-983
-955
-983
-983
-927
-927
-983
-983
-983
-983
-983
-983
-983
-983
-983
-983
-983
-983
-983
-983
-983
-983
-983
-983
-983
-983
-983
-983
-983
-983
-983
-983
-983
-983
-983
-983
-983
-927
-983
-983
-983
-983
-983
-983
-983
-983
-983
-983
-983
-983
-983
-983
-983
-983
-983
-983
-983
-983
-983
-983
-983
-983
-983
-983
-983
-983
-983
-983
-983
-983
-983
-983
-983
-983
-983
-983
-983
-983
-983
-983
-983
-983
-983
-983
-983
-983
-983
-983
-983
-983
-983
-983
-983
-983
-983
-983
-983
-983
-983
-983
-983
-983
-983
-983
-983
-983
-983
-983
-983
-983
-983
-983
-983
-983
-983
-983
-983
-983
-983
-983
-983
-983
-983
-983
-983
-983
-983
-983
-983
-983
-983
-983
-983
-983
-983
-983
-983
-983
-983
-983
-983
-983
-983
-983
-983
-983
-983
-983
-983
-983
-983
-983
-983
-983
-983
-983
-983
-983
-983
-983
-983
-983
-983
-983
-983
-983
-983
-983
-983
-983
-983
-983
-983
-983
-983
-983
-983
-983
-983
-983
-983
-983
-983
-983
-983
-983
-983
-983
-983
-983
-983
-983
-983
-983
-983
-983
-983
-983
-983
-983
-983
-983
-983
-983
-983
-983
-983
-983
-983
-983
-983
-983
-983
-983
-983
-983
-983
-983
-983
-983
-983
-983
-983
-983
-983
-983
-983
-983
-983
-983
-983
-983
-983
-983
-983
-983
-983
-983
-983
-983
-983
-983
-983
-983
-983
-983
-983
-983
-983
-983
-983
-983
-983
-983
-983
-983
-983
-983
-983
-983
-983
-983
-983
-983
-983
-983
-983
-983
-983
-983
-983
-983
-983
-983
-983
-983
-983
-983
-983
-983
-983
-983
-983
-983
-983
-983
-983
-983
-983
-983
-983
-983
-983
-983
-983
-983
-983
-983
-983
-983
-983
-983
-983
-983
