agent: texplore
env: asterix
Feature Selection: 2
Environment is episodic.
set statesPerDim to 0 for all dim
feature 0 has range 30
feature 1 has range 30
reward range: 1020
Parallel ETUCT tracking real state values
Planner using history size: 0
Start model learning thread
start parallel uct planning search thread
Created MultClass 0 with nModels: 5
Created C4.5 decision tree 0 with == and > splits
Created C4.5 decision tree 6 with == and > splits
Created C4.5 decision tree 12 with == and > splits
Created C4.5 decision tree 18 with == and > splits
Created C4.5 decision tree 24 with == and > splits
Created MultClass 2 with nModels: 5
Created C4.5 decision tree 2 with == and > splits
Created C4.5 decision tree 8 with == and > splits
Created C4.5 decision tree 14 with == and > splits
Created C4.5 decision tree 20 with == and > splits
Created C4.5 decision tree 26 with == and > splits
Created MultClass 3 with nModels: 5
Created C4.5 decision tree 3 with == and > splits
Created C4.5 decision tree 9 with == and > splits
Created C4.5 decision tree 15 with == and > splits
Created C4.5 decision tree 21 with == and > splits
Created C4.5 decision tree 27 with == and > splits
Created MultClass 1 with nModels: 5
Created C4.5 decision tree 1 with == and > splits
Created C4.5 decision tree 7 with == and > splits
Created C4.5 decision tree 13 with == and > splits
Created C4.5 decision tree 19 with == and > splits
Created C4.5 decision tree 25 with == and > splits
-992
-994
-994
-994
-992
-994
-995
-994
-993
-994
-994
-997
-986
-992
-992
-973
-996
-995
-997
-997
-997
-987
-995
-996
-997
-989
-995
-988
-988
-974
-995
-995
-990
-994
-989
-994
-993
-986
-918
-904
-996
-976
-947
-991
-947
-945
-983
-959
-985
-807
-921
-995
-954
-947
-986
-986
-986
-916
-988
-947
-940
-988
-864
-944
-993
-807
-847
-987
201
-994
-993
-994
201
-995
-948
-819
-996
-959
-959
-906
-878
-990
-990
-990
-990
-990
-847
-945
-995
-987
-973
-987
-987
-987
-987
-987
-987
-987
-987
-987
-987
-821
-969
-984
-994
-994
-993
-960
-994
-898
-991
-991
-991
-991
-991
-991
-991
-991
-991
-991
-991
-991
-991
-991
-991
-991
-991
-960
-880
-863
-996
201
201
-844
-994
-846
-953
201
-996
201
-963
-991
-991
-989
-991
-991
-961
-959
-959
-980
-991
-966
-994
-987
-991
-992
-980
-980
-980
-904
-988
-960
-988
-872
-984
-995
-984
-928
-990
-984
-995
-995
-984
-995
-984
-995
-995
201
201
201
-978
-991
201
201
201
201
201
201
201
201
201
201
201
201
201
201
-995
-995
-995
-995
-995
-995
-996
-995
-995
-995
-996
-995
-981
201
-987
201
-987
-987
-987
-987
-987
201
-987
-987
-987
-987
-987
-987
-987
-987
-987
-987
-987
201
-936
-996
-978
-853
201
-967
-993
-979
-979
-965
-979
-979
-979
-980
-980
-993
-979
-965
-979
-979
201
201
201
201
201
201
201
-995
-995
-995
-995
201
201
201
-959
-903
-987
-987
-987
-903
-987
-987
-987
-987
-931
-987
-987
-987
-987
201
-987
-987
-987
201
-819
201
-995
-981
-995
-981
-995
-981
-995
-995
-995
-995
-995
-939
-995
-995
-995
-995
-995
-995
-995
-995
-995
-995
-995
-995
-995
-995
-995
-995
-995
-995
-995
201
201
201
201
201
201
201
201
201
201
201
201
201
201
201
201
201
201
201
201
201
201
201
201
201
201
-994
-996
201
201
-994
-994
-994
-994
-994
-994
-994
-994
-994
-994
201
201
201
201
-994
-994
-994
-994
-994
-856
-996
-996
-996
-996
-996
-996
-996
-996
-996
-996
-996
-996
-996
-996
-996
-996
-996
-996
-996
-996
-996
-996
-996
-996
-996
-996
-996
-996
-996
-996
-996
-996
-996
-996
-996
-996
-996
-996
-996
-996
-996
-996
-996
-996
-996
-996
-996
-996
-996
-996
-996
-996
-996
-996
-996
-996
-996
-996
-996
-996
-996
-996
-996
-996
-996
-996
-996
-996
-996
-996
-996
-996
-996
-996
-996
-996
-996
-996
-996
-996
-996
-996
-996
-996
-996
-996
-996
-996
-996
-996
-996
-996
-996
-996
-996
-996
-996
-996
-996
-996
-996
-996
-996
-996
-996
-996
-996
-996
-996
-996
-996
-996
-996
-996
-996
-996
-996
-996
-996
-996
-996
-996
-996
-996
-996
-996
-996
-996
-996
-996
-996
-996
-996
-996
-996
-996
-996
-996
-996
-996
-996
-996
-996
-996
-996
-996
-996
-996
-996
-996
-996
-996
-996
-996
-996
201
201
201
201
201
201
201
201
201
201
-989
-989
201
201
201
201
201
201
201
201
201
201
201
201
201
201
201
201
201
201
201
201
201
201
201
201
201
201
201
201
-899
201
201
-983
201
201
-995
201
201
201
201
201
201
201
201
201
201
201
201
201
-956
-970
-984
-984
-984
-970
-984
201
201
201
201
201
201
201
201
201
-919
201
-901
-891
201
-807
-968
-909
-947
-919
-919
-912
-856
-940
-975
-968
-968
-912
-940
-940
-940
-912
-828
201
201
201
201
201
201
-925
201
201
201
201
-959
-875
201
-987
-987
-987
201
201
201
201
201
201
201
201
201
201
201
201
201
-858
-980
-994
-994
-994
-994
-994
-984
-994
201
-984
-994
-994
-994
-994
-994
-994
-994
-994
-994
-994
-994
-994
-994
-994
-994
-994
-994
-994
-994
-994
-994
-994
-994
-994
-994
-994
-994
-994
-994
-994
-994
-994
-994
-994
-994
-994
-994
-994
-994
-994
-994
-994
-994
-994
-994
-994
-994
-994
-994
-994
-994
-994
-994
-994
-994
-994
-994
-994
-994
-994
-994
-994
-994
-994
-994
-994
-994
-994
-994
-994
-994
-994
-994
-994
-994
201
201
201
201
201
201
201
201
201
201
201
201
201
201
201
201
-978
-890
201
201
201
201
201
201
201
201
201
201
201
201
201
201
201
201
201
201
201
201
201
201
201
201
201
201
201
201
201
201
201
201
201
201
201
201
201
201
201
201
201
201
201
201
201
201
201
201
201
201
201
201
201
201
201
201
201
201
201
201
201
201
201
201
201
201
201
201
201
201
201
201
201
201
201
201
201
201
201
201
201
201
201
201
201
201
201
201
201
201
201
201
201
201
201
201
201
201
201
201
201
201
201
201
201
201
201
201
201
201
201
201
201
201
201
201
201
201
201
201
201
201
201
201
201
201
201
201
201
201
201
201
201
201
201
201
201
201
201
201
201
201
201
201
201
-992
201
201
201
201
201
201
201
201
201
201
201
201
201
201
201
201
201
201
201
201
201
201
201
201
201
201
201
201
201
201
201
201
201
201
201
201
201
201
201
201
201
201
201
201
201
201
201
201
201
201
201
201
201
201
201
201
201
201
201
201
201
201
201
201
201
201
201
201
201
201
201
201
201
201
201
201
201
201
201
201
201
201
201
201
201
201
201
201
201
201
201
-833
201
-984
201
201
-984
201
201
