agent: texplore
env: asterix
Feature Selection: 0
Environment is episodic.
set statesPerDim to 0 for all dim
feature 0 has range 30
feature 1 has range 30
feature 2 has range 30
feature 3 has range 30
reward range: 1020
Parallel ETUCT tracking real state values
Planner using history size: 0
Start model learning threadstart parallel uct planning search thread

Created MultClass 0 with nModels: 5
Created C4.5 decision tree 0 with == and > splits
Created C4.5 decision tree 6 with == and > splits
Created C4.5 decision tree 12 with == and > splits
Created C4.5 decision tree 18 with == and > splits
Created C4.5 decision tree 24 with == and > splits
Created MultClass 4 with nModels: 5
Created C4.5 decision tree 4 with == and > splits
Created C4.5 decision tree 10 with == and > splits
Created C4.5 decision tree 16 with == and > splits
Created C4.5 decision tree 22 with == and > splits
Created C4.5 decision tree 28 with == and > splits
Created MultClass 5 with nModels: 5
Created C4.5 decision tree 5 with == and > splits
Created C4.5 decision tree 11 with == and > splits
Created C4.5 decision tree 17 with == and > splits
Created C4.5 decision tree 23 with == and > splits
Created C4.5 decision tree 29 with == and > splits
Created MultClass 1 with nModels: 5
Created C4.5 decision tree 1 with == and > splits
Created C4.5 decision tree 7 with == and > splits
Created C4.5 decision tree 13 with == and > splits
Created C4.5 decision tree 19 with == and > splits
Created C4.5 decision tree 25 with == and > splits
Created MultClass 2 with nModels: 5
Created C4.5 decision tree 2 with == and > splits
Created C4.5 decision tree 8 with == and > splits
Created C4.5 decision tree 14 with == and > splits
Created C4.5 decision tree 20 with == and > splits
Created C4.5 decision tree 26 with == and > splits
Created MultClass 3 with nModels: 5
Created C4.5 decision tree 3 with == and > splits
Created C4.5 decision tree 9 with == and > splits
Created C4.5 decision tree 15 with == and > splits
Created C4.5 decision tree 21 with == and > splits
Created C4.5 decision tree 27 with == and > splits
-994
-994
-995
-994
-994
-992
-994
-994
-994
-995
-991
-996
-993
-984
-994
-995
-996
-993
-996
-995
-995
-992
-991
-989
-994
-987
-995
-994
-995
-995
-996
-995
-994
-993
-994
-995
-993
-977
-992
-987
-994
-995
-993
-994
-994
-989
-995
-994
-994
-995
-985
-987
-996
-992
-994
-996
-942
-994
-995
-993
-996
-978
-994
-996
-994
-978
-996
-996
-993
-994
-995
-995
-995
-987
-995
-994
-995
-996
-996
-995
-992
-996
-996
-995
-996
-996
-994
-996
-996
-996
-995
-990
-996
-995
-995
-994
-995
-996
-994
-995
-995
-995
-995
-996
-994
-995
-994
-996
-996
-995
-996
-994
-995
-997
-987
-994
-995
-995
-996
-996
-997
-996
-987
-995
-995
-996
-995
-991
-995
-995
-996
-995
-994
-994
-996
-996
-991
-995
-997
-997
-997
-994
-996
-995
-997
-997
-994
-982
-995
-996
-997
-996
-997
-996
-997
-994
-994
-996
-996
-996
-995
-996
-996
-994
-996
-995
-996
-995
-996
-996
-992
-995
-995
-996
-990
-995
-996
-996
-992
-997
-997
-997
-997
-997
-997
-997
-997
-996
-995
-997
-997
-996
-995
-996
-997
-996
-993
-997
-996
-995
-997
-995
-996
-994
-996
-996
-995
-994
-994
-996
-987
-973
-987
-996
-973
-987
-917
-945
-875
-959
-973
-861
-987
-987
-987
-973
-987
-987
-987
-987
-987
-987
-987
-987
-987
-917
-889
-959
-987
-987
-987
-987
-987
-931
-987
-917
-889
-945
-987
-987
-987
-945
-917
-931
-931
-875
-857
201
201
-973
-903
-945
-959
-945
-973
-987
-973
-959
-973
-987
-973
-959
201
201
201
201
201
201
201
-928
201
201
201
201
201
201
201
201
201
201
-857
-842
-932
-897
-885
-830
201
201
-994
201
-934
-892
-931
-903
-959
-931
201
201
201
201
201
201
201
201
201
201
201
201
201
201
201
201
201
201
201
201
201
-804
201
201
201
201
201
201
201
201
201
201
201
201
201
201
201
201
201
201
201
-974
201
201
201
201
201
201
201
201
201
201
201
201
201
201
201
201
201
201
201
201
201
201
201
201
201
201
201
201
201
-987
-945
201
-959
-945
-988
-987
-987
-987
-987
-900
201
-890
-987
-861
-987
-973
-987
-974
-987
-986
-973
-987
201
-959
201
201
-977
-974
201
201
201
-987
-987
-987
-987
-987
-987
201
-987
-987
-987
201
201
201
201
201
201
-987
-987
-987
-987
201
201
201
201
201
201
201
-959
201
201
201
201
201
201
201
201
201
201
-973
201
-959
-990
201
201
201
201
201
201
-973
-987
-987
-987
-987
-987
-987
201
201
201
201
201
201
201
201
201
201
201
201
201
201
201
201
201
201
201
201
201
201
201
201
201
201
201
201
201
201
201
201
201
201
201
201
201
201
201
201
201
201
201
201
201
201
201
201
201
201
201
201
201
201
-918
201
-932
201
-944
-958
201
-972
-972
-972
-958
-958
-972
-958
-972
-972
201
-972
-974
-972
-972
-972
-972
-972
-944
-972
-958
-972
-972
-972
-972
-958
-958
-958
-972
-972
-958
-972
-972
-972
-972
-972
-972
-972
-972
201
-972
201
-958
-972
-972
-972
-958
-972
-958
-958
-958
-958
-958
-958
-972
-972
-972
-972
-972
-958
-958
-958
-958
-958
-958
-972
-958
-972
-972
-972
-972
-972
-972
201
-972
-972
-972
-972
-972
-972
201
-972
-972
-972
-958
-972
-972
-972
-958
-958
201
-972
-972
-958
-958
-958
-958
-972
-972
-958
-958
-972
-972
-958
-972
-972
-958
-958
-958
-958
-958
-972
-972
-972
-972
-972
-958
-972
-972
-972
-972
201
201
201
201
201
201
201
201
201
201
201
201
201
201
201
201
201
201
201
201
201
201
201
201
201
201
201
201
201
201
201
201
201
201
201
201
201
201
201
201
-986
-986
-986
-986
-986
-986
-818
-972
-972
-958
-986
-972
-972
-958
-972
-958
-958
-972
-972
-986
-986
-986
-986
-986
-986
-986
-986
-986
-986
-986
-986
-986
-986
-986
-986
-986
-986
-986
-986
-986
-986
-986
-986
-986
-986
-986
-986
-958
-986
-986
-986
-986
-986
-986
-986
-986
-986
-986
-986
-986
-986
-986
-986
-986
-986
-986
-986
-986
-986
-986
-986
-986
-986
-986
-986
-986
-986
-986
-986
-986
-986
-986
-986
-986
-986
-986
-986
-986
-986
-986
-986
-986
-986
-986
-986
-986
-986
-986
-986
-986
-986
-986
-986
-986
-986
-986
-986
-986
-986
-986
-986
-986
-986
-986
-986
-986
-986
-986
-986
-986
-986
-986
-986
-986
-986
-986
-986
-986
-986
-986
-986
-986
-986
-986
-986
-986
-986
-986
-986
-986
-986
-986
-986
-986
-986
-986
-986
-986
-986
-986
-986
-986
-986
-986
-986
-986
-986
-986
-986
-986
-986
-986
-986
-986
-986
-986
-986
-986
-986
-986
-986
-986
-986
-986
-986
-986
-986
-986
-986
-986
-986
-986
-986
-986
-986
-986
-986
-986
-986
-986
-986
-986
-986
-986
-986
-986
-986
-986
-986
-986
-986
-986
-986
-986
-986
-986
-986
-986
-986
-986
-986
-986
-986
-986
-986
-986
-986
-986
-986
-986
-986
-986
-986
-986
-986
-986
-986
-986
-986
-986
-986
-986
-986
-986
-986
-986
-986
-986
-986
-986
-986
-986
-986
-986
-986
-986
-986
-986
-986
-986
-986
-986
-986
-986
-986
-986
-986
-986
-986
-986
-986
-986
-986
-986
-986
-986
-986
-986
-986
-986
-986
-986
-986
-986
-986
-986
-986
-986
-986
-986
-986
-986
-986
-986
-986
-986
-986
-986
-986
-986
-986
-986
-986
-986
-986
-986
-986
-986
-986
-986
-986
-986
-986
-986
-986
-986
-986
-986
-986
-986
-986
-986
-986
-986
-986
