agent: texplore
env: fuelworld
Environment is episodic.
set statesPerDim to 0 for all dim
feature 0 has range 20
feature 1 has range 30
feature 2 has range 61
reward range: 400
Parallel ETUCT tracking real state values
Planner using history size: 0
Start model learning thread
start parallel uct planning search thread
Created MultClass 0 with nModels: 5
Created C4.5 decision tree 0 with == and > splits
Created C4.5 decision tree 6 with == and > splits
Created C4.5 decision tree 12 with == and > splits
Created C4.5 decision tree 18 with == and > splits
Created C4.5 decision tree 24 with == and > splits
Created MultClass 3 with nModels: 5
Created C4.5 decision tree 3 with == and > splits
Created C4.5 decision tree 9 with == and > splits
Created C4.5 decision tree 15 with == and > splits
Created C4.5 decision tree 21 with == and > splits
Created C4.5 decision tree 27 with == and > splits
Created MultClass 4 with nModels: 5
Created C4.5 decision tree 4 with == and > splits
Created C4.5 decision tree 10 with == and > splits
Created C4.5 decision tree 16 with == and > splits
Created C4.5 decision tree 22 with == and > splits
Created C4.5 decision tree 28 with == and > splits
Created MultClass 1 with nModels: 5
Created C4.5 decision tree 1 with == and > splits
Created C4.5 decision tree 7 with == and > splits
Created C4.5 decision tree 13 with == and > splits
Created C4.5 decision tree 19 with == and > splits
Created C4.5 decision tree 25 with == and > splits
Created MultClass 2 with nModels: 5
Created C4.5 decision tree 2 with == and > splits
Created C4.5 decision tree 8 with == and > splits
Created C4.5 decision tree 14 with == and > splits
Created C4.5 decision tree 20 with == and > splits
Created C4.5 decision tree 26 with == and > splits
-417.8
-418.6
-418.2
-417.4
-418.2
-416.8
-421
-898.2
-418
-464.8
-2297.2
-507.6
-627.8
-547.2
-458.8
-461.8
-462.6
-108
-63
-599
-109.2
-463.6
-638.6
-467
-552.8
-106.8
-508.4
-510.4
-139.2
-95.6
-96.8
-98.2
-507.2
-418.6
-414.8
-420.2
-416.8
-420.8
-419
-416.8
-418.6
-416.4
-419.6
-421.2
-417.8
-419.6
-419.4
-419
-91
-419.8
-63
-99.2
-100.6
-56.8
-55.6
-142.8
-105.8
-461.6
-57.8
-231
-60.2
-63.2
-95.4
-90.8
-79.6
-55.4
-58.8
-99
-137.8
-57.2
-50.4
-92.8
-56.6
-102.4
-80.2
-152.6
-63.6
-59.8
-87.6
-54.8
-51.6
-58.2
-97
-49.8
-61.2
-83
-51
-51
-96.4
-50.2
-51.6
-51.8
-51.6
-58
-55.2
-51.2
-98.2
-54.8
-48
-50.4
-59.4
-56.2
-55.2
-93.8
-54
-88
-51.2
-55.4
-52.6
-79.2
-60.2
-50.2
-58.6
-53
-71.8
-49.4
-52.8
-52.4
-75
-50.8
-53.8
-57.4
-52.8
-78.8
-52.8
-50
-51
-52.6
-54.6
-51.8
-94.6
-108.4
-54.6
-54.2
-50.4
-58.2
-75.4
-50.6
-60.6
-60.6
-52
-52.2
-90.8
-48.6
-56.4
-95
-51.2
-58
-50.8
-52.2
-50.4
-50.2
-51.8
-55.4
-52.4
-53
-53.4
-52.8
-52.4
-52.6
-56.6
-50.2
-48
-66.2
-48.6
-59
-49.2
-52
-55.4
-50.2
-59.4
-48
-49.4
-62.8
-58.2
-48.2
-56.6
-51.2
-49
-52.8
-54.4
-54
-51.6
-51.2
-53.8
-48.2
-49.6
-79.6
-56.4
-69.6
-100.4
-59.4
-47.4
-49.6
-56
-50.6
-50
-56.4
-85.8
-46.4
-82.6
-51.6
-51.4
-48.4
-45.8
-58.6
-49.8
-54.2
-50.2
-50
-55.4
-52
-58.6
-73.2
-54
-47.8
-51.2
-54
-55.2
-53.2
-55.4
-46.8
-50.6
-57.8
-48.4
-45.6
-55.4
-55.4
-52.6
-48
-55.8
-48.2
-59.2
-133
-69
-50.4
-67.6
-53.2
-49.2
-51.8
-52.4
-55.4
-52.8
-58.2
-48.2
-52.4
-50.6
-50.2
-55.2
-71.8
-50
-51.4
-53.4
-49.4
-58.6
-49.2
-50.2
-55.6
-57.4
-52.4
-54
-48.8
-49.2
-58.6
-54.2
-53.6
-50.2
-52.2
-49.8
-51.2
-58.6
-76.8
-49.2
-53.2
-56.2
-48.6
-65.4
-56.4
-65.6
-48.8
-74.4
-50.4
-53.6
-79.2
-56
-56.6
-54.4
-48.2
-54.2
-47.6
-56
-49.6
-49.6
-49.6
-52.8
-55.8
-49.4
-53.4
-48.8
-49.4
-59.4
-417.8
-50.6
-56.2
-49.2
-49.8
-58.8
-53.4
-48.4
-57.8
-53.6
-65.6
-47.2
-83.6
-51.4
-54.6
-54
-55.2
-56.2
-51.4
-54.2
-53.4
-69
-55.2
-48.4
-52.2
-52.6
-55.6
-55
-53.4
-62
-58
-53.4
-78.2
-54.4
-52.4
-49.8
-74.8
-51.2
-50.6
-53.6
-51
-50.2
-52.4
-50.8
-49.2
-58
-57.4
-44.4
-67
-54.4
-56.8
-57
-59
-58.8
-47.4
-48.4
-51.8
-57
-54
-57.4
-50.8
-51
-47.6
-52.4
-48.2
-52.6
-51.8
-56.2
-97.6
-53.2
-49.4
-47.2
-48
-95
-61
-48.4
-56.6
-65.4
-48.2
-55
-48.2
-56.6
-52.4
-53
-50.4
-53
-55.8
-54.2
-60.6
-47.2
-89.4
-55.6
-52
-82.6
-55.4
-51
-50.2
-45.2
-50
-51.4
-50.4
-54.2
-48
-50.2
-50.4
-72.6
-48
-51
-50.8
-57
-54
-56
-55.4
-47
-53.6
-74.6
-50.4
-53
-48.6
-50.8
-50
-49.2
-77.4
-56.4
-58.2
-54.4
-72.8
-52
-50.8
-46.6
-51.4
-52
-54.6
-47
-54.4
-74.6
-53
-51
-52.2
-48.6
-49
-55
-53.6
-53
-50.8
-54.6
-50.6
-49
-48
-61
-50.4
-53
-53
-49.4
-53.6
-56.2
-58.4
-57.8
-56.4
-50.6
-94.8
-50.8
-60.4
-49.4
-53
-52.2
-115.2
-50
-59.4
-53.2
-51.6
-58.2
-55.2
-57
-52.6
-53
-49.4
-53.8
-56
-52.6
-48
-49.6
-56
-53
-52.6
-48.6
-56.8
-51.4
-54.8
-94.6
-84
-69.2
-50
-47.8
-56.4
-57.6
-53.4
-49
-49.4
-47
-56.2
-49.2
-49.2
-97.4
-51.2
-52.4
-59.4
-52.6
-46.2
-50.4
-97.6
-53.2
-46
-94
-53.2
-47.4
-48.6
-91.6
-52.2
-50
-93.2
-83.6
-47
-86.2
-93.4
-49.6
-56.2
-73.8
-75
-48.2
-52.6
-53.4
-97.8
-51
-90.8
-51.2
-99.4
-47.8
-47
-48
-84.2
-49.4
-52.2
-57.4
-55
-52.2
-49.2
-50.2
-55.6
-49.6
-55.2
-55.2
-47.2
-57
-54.6
-53.4
-50.8
-53.6
-55.8
-55
-50.6
-52.2
-52.4
-48.4
-53
-50.4
-54.2
-52.2
-51.4
-55.8
-48.8
-50.6
-47.2
-56.4
-48.6
-49.8
-60.4
-52.2
-417.2
-55.6
-50.6
-120.2
-53
-48.8
-73
-55.8
-52.6
-54.8
-52.6
-58.6
-49.4
-47.6
-50.4
-50.2
-46
-59.6
-48.8
-47.6
-75.2
-55.2
-59
-53.6
-86.6
-53
-51.2
-76
-71.4
-53.8
-57.4
-52.8
-51.2
-49.8
-51
-86.4
-44.8
-50.2
-52.6
-54.4
-52.8
-55.6
-55.2
-52.4
-53.2
-57.4
-81.2
-53.2
-56.2
-50.6
-52.2
-55
-80.8
-52.6
-50.8
-54.2
-52
-50.4
-47.8
-57.4
-50.4
-76.4
-54.2
-59
-50
-54.4
-75.4
-47.8
-48.4
-49.2
-52.8
-55.8
-50.8
-51
-49.6
-53.8
-49
-53.4
-49.6
-48.6
-53.8
-49
-52
-52
-56
-48.8
-48.4
-50.6
-52.8
-52.4
-47
-45.8
-52.8
-58.4
-50.4
-48.6
-53
-62.2
-49
-54.8
-48.6
-51.6
-53.8
-48
-50.2
-52.8
-49
-56
-49
-52.4
-51.6
-49.4
-54
-49
-51.6
-50.6
-50.4
-48
-56.6
-55.4
-54.2
-52.8
-56.8
-49.6
-47.6
-48.8
-51.6
-51.4
-49
-47
-49.8
-52.6
-49
-53.4
-54.2
-54
-53.4
-48
-69
-50.8
-53.6
-44.6
-48
-51.6
-50
-55
-50.2
-51.2
-52
-57
-50.2
-50
-49.4
-50
-56.2
-53.8
-56.8
-52.4
-47.4
-50.6
-51
-51.2
-55.2
-51.4
-57.6
-57
-50
-82
-52.2
-55.6
-51.6
-59.8
-51.4
-51.4
-48
-55
-56
-51.4
-80.6
-92.4
-55.4
-48
-53.4
-49.4
-55.2
-48.8
-56.4
-54.6
-78
-75.4
-58
-53
-48.8
-50.4
-47.8
-53.8
-48.8
-51.4
-52.6
-50
-53.8
-52.4
-47.8
-47.4
-57
-56.8
-54.8
-49.6
-47.6
-59.4
-53.2
-50.4
-49.4
-51.6
-50.6
-51.2
-82.6
-51.6
-50.6
-67.2
-54
-50.8
-51
-57
-68.8
-53.2
-52.4
-50
-45.4
-50.6
-46.6
-47
-81.6
-52
-54
-52
-51.4
-52.4
-68.4
-51.8
-49.4
-55.2
-52.4
-53.2
-56.8
-54.8
-49.6
-48
-48.6
-72.8
-55.2
-51.4
-54.6
-51.8
-48.8
-53.2
-45
-53
-53.6
-54.4
-47.2
-47.2
-47.6
-51.4
-49.8
-52
-77.6
-44
-49.6
-53.4
-52.8
-53.8
-55.2
-55.4
-53.4
-74.6
-50.6
-46.4
-53.4
-56.2
-49.4
-75.6
-52.8
-48.6
-49.8
-46.4
-51.4
-54.2
-55.4
-48.8
-47.6
-51.2
-50.6
-49.6
-52.6
-49.2
-50
-54
-57.2
-47.6
-51
-52.4
-51.8
-50.8
-48.2
-51.6
-55.4
-51.2
-51.4
-51.4
-52.8
-48.8
-51.6
-51.6
-49.2
-48
-54.4
-51.8
-50.4
-46.6
-54
-50.6
-57.8
-54
-70
-53.6
-51
-50.6
-56.4
-52
-52.8
-48.4
-49.2
-52.4
-50.6
-53.2
-50.4
-48.2
-56.4
-53.2
-70.4
-80
-59.2
-87.8
-60.2
-52.8
-55.4
-54.6
-57.6
-48
-56.2
-83.4
-52.6
-58
-51.6
-59
-54.6
-50.4
-56
-48.4
-48
-55
-52.6
-52.4
-80.4
-48
-50
-52.6
-48
-54
-49.2
-50.4
-51
-52.6
-55.6
-49.8
-47
-55
-49
-51.4
-52
-55.4
-54.4
-48.8
-51.8
-82.8
-47.6
-56.4
-54
-53.4
-48.4
-46.8
-50.2
-55.8
-50
-53
-75.8
-53.2
-48.6
-52
-48.8
-54.4
-80.6
-48.6
-57.4
-54.2
-56.4
-82.8
-54.4
-48.8
-54.6
-46.6
-48.2
-53.8
-56.8
-50
-54
-50
-50.8
-48.6
-65.2
