agent: texplore
env: asterix
Feature Selection: 0
Environment is episodic.
set statesPerDim to 0 for all dim
feature 0 has range 30
feature 1 has range 30
feature 2 has range 30
feature 3 has range 30
reward range: 1020
Parallel ETUCT tracking real state values
Planner using history size: 0
Start model learning thread
start parallel uct planning search thread
Created MultClass 0 with nModels: 5
Created C4.5 decision tree 0 with == and > splits
Created C4.5 decision tree 6 with == and > splits
Created C4.5 decision tree 12 with == and > splits
Created C4.5 decision tree 18 with == and > splits
Created C4.5 decision tree 24 with == and > splits
Created MultClass 4 with nModels: 5
Created C4.5 decision tree 4 with == and > splits
Created C4.5 decision tree 10 with == and > splits
Created C4.5 decision tree 16 with == and > splits
Created C4.5 decision tree 22 with == and > splits
Created C4.5 decision tree 28 with == and > splits
Created MultClass 5 with nModels: 5
Created C4.5 decision tree 5 with == and > splits
Created C4.5 decision tree 11 with == and > splits
Created C4.5 decision tree 17 with == and > splits
Created C4.5 decision tree 23 with == and > splits
Created C4.5 decision tree 29 with == and > splits
Created MultClass 1 with nModels: 5
Created C4.5 decision tree 1 with == and > splits
Created C4.5 decision tree 7 with == and > splits
Created C4.5 decision tree 13 with == and > splits
Created C4.5 decision tree 19 with == and > splits
Created C4.5 decision tree 25 with == and > splits
Created MultClass 2 with nModels: 5
Created C4.5 decision tree 2 with == and > splits
Created C4.5 decision tree 8 with == and > splits
-994
Created C4.5 decision tree 14 with == and > splits
Created C4.5 decision tree 20 with == and > splits
Created C4.5 decision tree 26 with == and > splits
Created MultClass 3 with nModels: 5
Created C4.5 decision tree 3 with == and > splits
Created C4.5 decision tree 9 with == and > splits
Created C4.5 decision tree 15 with == and > splits
Created C4.5 decision tree 21 with == and > splits
Created C4.5 decision tree 27 with == and > splits
-994
-996
-993
-995
-994
-993
-995
-992
-995
-992
-995
-984
-994
-994
-990
-994
-996
-965
-995
-992
-987
-994
-995
-987
-996
-986
-987
-987
-987
-995
-987
-987
-996
-995
-987
-987
-987
-996
-997
-997
-987
-996
-997
-997
-997
-997
-997
-987
-987
-987
-987
-987
-940
-987
-987
-996
-987
-996
-997
-995
-996
-987
-988
-987
-986
-986
-986
-972
-990
-986
-986
-986
-986
-987
-986
-987
-987
-987
-986
-986
-986
-986
-986
-986
-986
-986
-986
-986
-986
-986
-986
-986
-986
-986
-986
-986
-986
-986
-986
-986
-986
-986
-986
-986
-986
-986
-987
-994
-958
-987
-987
-987
-995
-995
-995
-987
-987
-987
-995
-981
-987
-985
-985
-985
-986
-985
-978
-988
-987
-992
-990
-987
-992
-974
-988
-964
-985
-987
-988
-988
-971
-988
-974
-985
-985
-985
-996
-982
-978
-970
-978
-971
-992
-978
-978
-978
-988
-971
-994
-973
-971
-943
-978
-992
-978
-978
-994
-992
-985
-978
-992
-985
-992
-992
-992
-992
-985
-964
-985
-985
-978
-985
-978
-978
-945
-971
-978
-971
-985
-985
-992
-992
-992
-992
-992
-992
-995
-992
-985
-978
-992
-992
-992
-992
-992
-992
-992
-992
-992
-992
-992
-992
-992
-992
-992
-992
-992
-992
-992
-992
-992
-992
-992
-992
-992
-992
-983
-959
-973
-962
-943
-889
-931
-904
201
-903
-995
-973
-994
-973
-973
-981
-987
-987
-973
-987
-987
201
-959
-973
-962
-994
-994
-805
-994
-959
-994
-959
-987
-987
-924
-994
-994
-987
-833
-994
-973
-980
-994
-959
-987
-987
-987
-987
-987
-987
-987
-987
-987
-994
-994
-994
-994
-994
-994
-971
-957
-985
-985
-980
-952
-980
-987
-987
-989
-973
-987
-987
-966
-980
-995
-995
-959
-973
-945
-995
-995
-973
-987
-959
-931
-974
-989
-959
-982
-995
-973
-985
-945
-989
-989
-972
-995
-995
-959
-986
-995
-995
-995
-972
-972
-972
-986
-986
-995
-995
-995
-972
-972
-987
-972
-995
-995
-995
-995
-995
-995
-995
-995
-995
-995
-987
-987
-987
-972
-972
-972
-972
-930
-972
-987
-972
-972
-987
-972
-972
-995
-995
-995
-972
-995
-995
-995
-995
-995
-995
-995
-995
-995
-995
-986
-986
-995
-995
-995
-995
-995
-972
-995
-995
-972
-987
-972
-987
-972
-972
-972
-987
-972
-995
-995
-995
-995
-972
-972
-987
-987
-987
-972
-995
-995
-995
-995
-995
-972
-995
-972
-972
-972
-972
-972
-972
-987
-972
-987
-987
-972
-972
-972
-972
-987
-972
-973
-972
-972
-972
-972
-972
-995
-995
-972
-972
-972
-972
-972
-987
-972
-972
-972
-972
-972
-972
-986
-972
-972
-972
-986
-986
-972
-944
-986
-986
-989
-973
-889
-889
-917
-945
-980
-980
-940
-940
-861
-940
-940
-912
-940
-940
-980
-980
-917
-940
-917
-917
-940
-940
-945
-968
-980
-980
-968
-980
-980
-945
-940
-889
-912
-917
201
-856
-940
201
201
-832
-980
-980
-942
-994
-980
-972
-942
-982
-994
201
201
201
201
201
-873
-929
201
201
-901
-901
201
201
201
201
201
201
201
201
201
201
201
201
201
201
-826
-950
-912
-981
201
-912
-814
-944
-889
-986
-954
-926
-940
-982
-982
-940
-940
-982
-982
-982
-982
201
-800
-912
-982
-968
-968
-982
-982
-982
-982
-828
-982
-982
-982
-982
-982
-968
-968
-982
-982
-982
-982
-982
-982
-982
-982
-982
-982
-982
-982
-982
-982
-982
-982
-982
-982
-982
-982
-982
-982
-982
-982
-982
-982
-982
-982
-982
201
-982
-982
-982
-982
-982
-982
-982
-982
-982
-982
-982
-982
-982
-982
-982
-982
-982
-982
-982
-982
-982
-954
-982
-982
-982
-982
-982
-982
-982
-982
-982
-982
-982
-982
-982
-982
-982
-982
-982
-982
-982
-982
-982
-982
-982
-982
-982
-982
-982
-982
-982
-982
-982
-982
-982
-982
-982
-982
-982
-982
-982
-982
-982
-982
-982
-982
-982
-982
-982
-982
-982
-982
-982
-982
-982
-982
-982
-982
-982
-982
-982
-982
-982
-982
-982
-982
-982
-982
-982
-982
-982
-982
-982
-982
-982
-982
-982
-982
-982
-982
-982
-982
-982
-982
-982
-982
-982
-982
-982
-982
-982
-982
-982
-982
-982
-982
-982
-982
-982
-982
-982
-982
-982
-982
-982
-982
-982
-982
-982
-982
-982
-982
-982
-982
-982
-982
-982
-982
-982
-982
-982
-982
-982
-982
-982
-982
-982
-982
-982
-982
-982
-982
-982
-982
-982
-940
-982
201
-805
-973
-944
-995
-981
-973
-959
-973
-973
201
201
201
201
201
201
201
201
201
201
201
201
201
201
201
201
201
201
201
201
201
201
201
201
201
201
201
201
201
201
-970
-899
-983
-955
-983
-974
-857
-903
-973
-973
-931
-973
-973
-973
-973
-983
-973
-959
-959
-983
-973
-959
-973
-973
-973
-973
-973
-973
-973
-983
-983
-983
-959
-959
-959
-959
-959
-989
-989
-983
-983
-983
-989
-959
-989
-989
-989
-989
-989
-989
-989
-983
-989
-989
-959
-989
-989
-989
-959
-959
-959
-959
-983
-983
-983
-983
-983
-983
-983
-983
-983
-983
-983
-983
-983
-983
-983
-983
-983
-983
-959
-959
-959
-959
-959
-983
-983
-983
-983
-983
-983
-983
-983
-983
-983
-983
-983
-983
-983
-959
-959
-959
-959
-959
-959
-959
-959
-959
-983
-959
-959
-959
-959
-983
-983
-983
-983
-983
-983
-983
-983
-983
-983
-983
-959
-983
-983
-983
-983
-983
-983
-983
-983
-983
-983
-983
-983
-983
-983
-983
-983
-959
-959
-959
-959
-959
-959
-983
-983
-983
-959
-959
-959
-959
-959
-983
-959
-959
-959
-959
-959
-959
-959
-959
-959
-959
-959
-983
-983
-983
-983
-959
-983
-983
-983
-983
-983
-983
-983
-983
-983
-983
-983
-983
-983
-983
-983
-983
-983
-983
-983
-983
-983
-983
-983
