agent: texplore
env: fuelworld
Environment is episodic.
set statesPerDim to 0 for all dim
feature 0 has range 20
feature 1 has range 30
feature 2 has range 61
reward range: 400
Parallel ETUCT tracking real state values
Planner using history size: 0
Start model learning thread
start parallel uct planning search thread
Created MultClass 0 with nModels: 5
Created C4.5 decision tree 0 with == and > splits
Created C4.5 decision tree 6 with == and > splits
Created C4.5 decision tree 12 with == and > splits
Created C4.5 decision tree 18 with == and > splits
Created C4.5 decision tree 24 with == and > splits
Created MultClass 3 with nModels: 5
Created C4.5 decision tree 3 with == and > splits
Created C4.5 decision tree 9 with == and > splits
Created C4.5 decision tree 15 with == and > splits
Created C4.5 decision tree 21 with == and > splits
Created C4.5 decision tree 27 with == and > splits
Created MultClass 4 with nModels: 5
Created C4.5 decision tree 4 with == and > splits
Created C4.5 decision tree 10 with == and > splits
Created C4.5 decision tree 16 with == and > splits
Created C4.5 decision tree 22 with == and > splits
Created C4.5 decision tree 28 with == and > splits
Created MultClass 1 with nModels: 5
Created C4.5 decision tree 1 with == and > splits
Created C4.5 decision tree 7 with == and > splits
Created C4.5 decision tree 13 with == and > splits
Created C4.5 decision tree 19 with == and > splits
Created C4.5 decision tree 25 with == and > splits
Created MultClass 2 with nModels: 5
Created C4.5 decision tree 2 with == and > splits
Created C4.5 decision tree 8 with == and > splits
Created C4.5 decision tree 14 with == and > splits
Created C4.5 decision tree 20 with == and > splits
Created C4.5 decision tree 26 with == and > splits
-553.6
-422
-421.4
-417.8
-418.4
-416.4
-418.2
-421.2
-418.2
-417.4
-422.4
-418.2
-418.4
-420
-419
-417.2
-420.6
-418.2
-417.4
-419.2
-776.2
-417.8
-547.4
-416
-417.4
-418
-417
-416.4
-461.6
-420.8
-458.6
-415.6
-599.8
-420
-418.6
-419.6
-416
-416.8
-463
-419.4
-1128.8
-216.8
-763
-622
-605.2
-873.199
-480.2
-1164.6
-627.2
-596
-551.6
-154.4
-511.2
-550.6
-387.6
-141.8
-256.4
-354
-605.8
-300
-157.8
-142.2
-298.6
-79.8
-182
-48.6
-127.2
-91
-205.6
-170.6
-146.8
-85.4
-90.8
-129.4
-50.4
-94
-51.6
-93
-140.6
-232.8
-79.8
-89.6
-85.4
-171
-67.6
-137.4
-135.8
-82.6
-124.4
-117.6
-95.2
-90.6
-126.8
-98.4
-55
-86.2
-56.4
-123.4
-54.6
-54.8
-77.8
-52.4
-53.2
-52
-52.8
-55.4
-53.6
-51.2
-56.2
-49
-54.4
-87.6
-61
-100.4
-57.4
-54.6
-51
-54.2
-55
-84.2
-55.4
-62
-90.6
-48.6
-56.6
-51.6
-52
-75
-51
-75.8
-53
-96.2
-54
-57.8
-53
-53.2
-49.8
-63.2
-50.4
-51.8
-54.4
-54.6
-48.6
-52
-55.4
-56
-58.2
-55
-52.2
-56.8
-53.8
-52.8
-54.4
-57.2
-49.2
-52.2
-52.4
-57.4
-55.8
-53
-48.6
-52.4
-61
-74.4
-53.4
-51.8
-52
-71
-52.4
-54.2
-51
-54
-52.4
-59.4
-54.8
-53
-77.4
-52
-51
-55.8
-56.2
-52.2
-52.4
-52.6
-47.8
-52.2
-53.4
-75.8
-57
-76.8
-52.2
-52.4
-54.6
-59.6
-53.6
-55.6
-54
-55.8
-52.6
-53.6
-54.4
-53.6
-55
-59.2
-52.8
-53
-51.4
-51.6
-51.8
-58
-78
-55.6
-52
-124.4
-51.6
-50.6
-49
-52.4
-50.6
-60.6
-53.2
-53.4
-52
-50.4
-59
-54.6
-51.4
-53.4
-57.4
-56.4
-57.2
-58.2
-54.4
-56
-55
-52.8
-52
-58.6
-53
-54
-60.4
-52.6
-56.6
-52
-54.8
-80.2
-86.2
-52.8
-52
-74.2
-50.4
-55.6
-54.8
-68.6
-56.2
-52.8
-56.4
-53
-50.2
-53
-54.2
-57
-87.4
-52
-50.4
-53.6
-55
-55.6
-55.6
-53.2
-53.8
-57.4
-48.6
-52.8
-53
-56.2
-53.2
-51.6
-57.2
-56.8
-48
-50.4
-53.4
-55.8
-54
-57.6
-54
-50.4
-60.8
-57
-53.8
-55.4
-55.8
-54.2
-53.4
-50.4
-80.6
-52
-52
-54.4
-53.8
-57.2
-60.4
-73.4
-57.2
-54
-56.6
-51.8
-53.2
-72
-52.6
-59.8
-49.8
-52.6
-52.2
-78.4
-48.8
-51
-50
-49.2
-54.2
-51
-51.4
-59.6
-53
-52.8
-53.4
-53
-60
-45
-56.4
-55.6
-53.8
-58.8
-55.4
-51.6
-60.2
-53.4
-53.8
-50.4
-55
-53.8
-52
-56.8
-55.4
-86.4
-50.4
-52
-51.8
-54.2
-58
-53.6
-56.2
-77.8
-55.2
-53.6
-58.8
-51.4
-53.6
-57
-50
-76.6
-54.8
-47.6
-57.2
-51.8
-54
-54.6
-54.4
-58
-54.6
-56.2
-59.6
-49
-51.8
-51.4
-54.4
-79.6
-69.6
-50.2
-49.4
-52
-50.4
-52.2
-58.8
-51.8
-53.8
-51.2
-53.4
-55.8
-59
-464.6
-55.6
-56.2
-56
-51.8
-62.4
-57.4
-58.2
-57.4
-55.6
-54.4
-55
-49.6
-52
-56.8
-61.6
-55.4
-52
-91
-56
-54.8
-56.2
-53
-50.6
-60.8
-64.2
-51.6
-57
-55.2
-53.8
-52.4
-51.6
-58.6
-78.4
-52.4
-46.6
-52.4
-49.4
-50.8
-52
-52.2
-50.6
-55.2
-46.4
-53.4
-50
-52.6
-50.8
-58.8
-55.2
-53.2
-50.2
-51.6
-50.4
-51.4
-49.8
-52.4
-56.8
-59.2
-54.2
-56.8
-54.2
-51.4
-54.4
-56.2
-51.6
-57.6
-55
-58.8
-53.4
-57
-55.4
-55.6
-52.2
-57.4
-48
-83.8
-51.2
-59.6
-56.2
-50.2
-57.8
-52
-59.8
-77.2
-50.8
-55.4
-54
-53.2
-54.6
-49.2
-58
-54.4
-51
-55
-52
-56.4
-61
-56.6
-56.4
-53.6
-51.4
-92.6
-52.8
-57.6
-54.6
-53
-54
-50
-56.4
-54.6
-55
-55.4
-55
-52.8
-55.2
-53.2
-53.6
-54.2
-53.2
-49.6
-54.8
-53.8
-55.4
-58.6
-52
-52.4
-59.2
-57
-51.2
-48.2
-50
-59
-54
-47.6
-74.8
-55.4
-56.8
-56.6
-54
-55.2
-78.6
-55.4
-53.2
-54.6
-52.4
-54.6
-55.8
-51.2
-58
-53.2
-56.8
-49.4
-58.2
-53.6
-55.6
-55.8
-54.4
-49.2
-55.6
-49.8
-53.6
-52.4
-53.6
-52
-52.2
-50.4
-54.4
-54.8
-52
-48
-48.6
-49.8
-54.8
-56.8
-83.2
-59
-50.6
-50.6
-53.6
-53.6
-51.6
-53.6
-56.4
-57.6
-50
-52.6
-55.2
-54.6
-52.6
-54.8
-58
-52.8
-56.2
-55.4
-56.4
-56.4
-58.2
-52.2
-56.8
-52.8
-58.6
-48.2
-49
-52.8
-79.8
-54.2
-51.2
-51.8
-49.6
-52.2
-54
-56
-51.4
-48
-51.4
-54.8
-50
-49.6
-53
-50.2
-52.2
-56.4
-52
-54.2
-60.8
-51
-54
-55.6
-56.4
-52.8
-53
-53.8
-54.8
-56
-52.8
-55.8
-53.4
-52.4
-50.6
-60.6
-46.6
-55
-51.4
-52.2
-48.4
-54.8
-50.4
-56
-52.6
-51.4
-51.2
-48.2
-55.4
-50.2
-89.2
-50.8
-53.8
-53.2
-52.6
-55
-47.6
-52
-50
-54.4
-52.6
-54
-50
-50.8
-54.4
-51
-52
-49.8
-55.6
-49.4
-71
-50
-53.6
-53.4
-51.4
-49
-57.4
-52
-56.2
-58
-51.4
-52.8
-53.6
-53.4
-55
-55.2
-50.2
-75.2
-56
-54.6
-57
-53.6
-52.8
-55
-55.4
-54.2
-52.2
-59.2
-53
-54.4
-58.6
-54
-53.4
-52.2
-54
-52.2
-84.8
-457.4
-50.8
-54.8
-54.2
-50.4
-80.4
-48.8
-57.4
-56.6
-77.4
-53.8
-57.2
-55
-48.4
-51.8
-54.8
-49
-52.2
-52
-51.4
-54
-52
-51.8
-56.4
-54
-50
-52.6
-52.4
-53
-52.8
-55.4
-55.6
-51.4
-59.4
-55.2
-59.4
-52.6
-78.4
-55.8
-58
-53.6
-51
-50.4
-55.2
-51.4
-53
-49
-49
-54.8
-57.2
-53.4
-52.2
-81
-51
-69.2
-53.4
-49
-61
-59.4
-53.8
-58.2
-52
-55.4
-55.6
-52.2
-53.6
-56
-56
-53.8
-52
-62.4
-54.4
-53.2
-57.6
-54.2
-53.2
-48
-57.2
-74.2
-75.6
-54.8
-53.8
-51
-54.8
-58.2
-54
-54.2
-49.8
-51.8
-55.2
-60.8
-53
-53.8
-58.4
-74.6
-52.2
-56.6
-51.6
-62.8
-53
-51.8
-49
-50.6
-48
-56.8
-50.4
-49
-53.4
-53.4
-54.2
-54.8
-55
-51.4
-57.2
-56
-54.6
-52.4
-50.8
-51.8
-50.4
-50.6
-52.4
-56.8
-50
-51.8
-50.4
-54.4
-48.6
-52.4
-48.8
-52
-54
-54.6
-53.8
-55.2
-50
-52.4
-47.6
-73
-50
-50.8
-48.8
-49
-54.2
-51.4
-53.6
-54
-52.6
-50
-48.8
-52.6
-57
-54.4
-56.8
-60.8
-53.4
-52
-56.8
-58
-90.8
-53.4
-51.8
-56.6
-59.8
-55.4
-48.8
-52.2
-50.8
-52.6
-56.2
-76.8
-50
-56
-54.2
-54.6
-79
-53.6
-59.4
-54.6
-52.8
-49.8
-53.2
-54.2
-52.2
-47.2
-55.4
-51.4
-50.6
-62.8
-58.6
-51.4
-51
-49
-50
-56.8
-52
-75.4
-55.2
-56.4
-55.8
-51.4
-52.6
-53
-50.8
-56.4
-52.4
-49
-56.8
-53.8
-49.4
-49.6
-71
-49.4
-49.8
-49.6
-55.2
-52.6
-55.8
-54.2
-55.8
-54.2
-50.2
-72.8
-52
-52.6
-49.6
-55.4
-53.4
-53
-55.4
-52.8
-52.2
-52.6
-53.4
-53.2
-50.4
-52
-53.4
-52
-67.6
-53.6
-47.2
-56
-51.4
-76.8
-50.6
-52.6
-53.2
-57
-52.4
-54
-56.4
-58.4
-56.8
-52.4
-53.6
-55.2
-54.6
-58.4
-80.6
-58.2
-54.2
-53.6
-52.4
-52.8
-83
-47.2
-55
-52.6
-50.8
-52.8
-48
-50.4
-56
-50.8
-53
-50.4
-56.8
-56.6
-71.8
-49.6
-55.2
-55.2
-51.4
-54.6
-53.4
-52.6
-55.8
-53.2
-60.4
-53.2
-55.8
-51
-58
-51.2
-54.4
-51
