agent: texplore
env: fuelworld
Environment is episodic.
set statesPerDim to 0 for all dim
feature 0 has range 20
feature 1 has range 30
feature 2 has range 61
reward range: 400
Parallel ETUCT tracking real state values
Planner using history size: 0
Start model learning thread
Created MultClass 0 with nModels: 5
Created C4.5 decision tree 0 with == and > splits
start parallel uct planning search thread
Created C4.5 decision tree 6 with == and > splits
Created C4.5 decision tree 12 with == and > splits
Created C4.5 decision tree 18 with == and > splits
Created C4.5 decision tree 24 with == and > splits
Created MultClass 3 with nModels: 5
Created C4.5 decision tree 3 with == and > splits
Created C4.5 decision tree 9 with == and > splits
Created C4.5 decision tree 15 with == and > splits
Created C4.5 decision tree 21 with == and > splits
Created C4.5 decision tree 27 with == and > splits
Created MultClass 4 with nModels: 5
Created C4.5 decision tree 4 with == and > splits
Created C4.5 decision tree 10 with == and > splits
Created C4.5 decision tree 16 with == and > splits
Created C4.5 decision tree 22 with == and > splits
Created C4.5 decision tree 28 with == and > splits
Created MultClass 1 with nModels: 5
Created C4.5 decision tree 1 with == and > splits
Created C4.5 decision tree 7 with == and > splits
Created C4.5 decision tree 13 with == and > splits
Created C4.5 decision tree 19 with == and > splits
Created C4.5 decision tree 25 with == and > splits
Created MultClass 2 with nModels: 5
Created C4.5 decision tree 2 with == and > splits
Created C4.5 decision tree 8 with == and > splits
Created C4.5 decision tree 14 with == and > splits
Created C4.5 decision tree 20 with == and > splits
Created C4.5 decision tree 26 with == and > splits
-416.6
-416.6
-417.4
-416.6
-418.2
-416
-421
-419.6
-420.6
-419
-417.8
-415.2
-730.2
-418.6
-417.8
-417.4
-510.8
-417.2
-849.2
-553.6
-509.8
-672
-418.8
-766
-2405.01
-350.8
-1050
-733.6
-244.8
-151.6
-657.4
-104.2
-132.8
-504.4
-102.6
-103.4
-547.2
-458
-457.4
-457
-462
-57.6
-188.4
-99.2
-50.2
-59
-56.8
-463.2
-59
-62
-54.8
-420.8
-53.4
-57.6
-52.4
-101.8
-57.2
-421.2
-54.8
-54
-61.8
-463.2
-786.4
-471.4
-83.4
-583.6
-51.4
-57.6
-56.4
-463.6
-852.2
-79.2
-60
-57.4
-54
-60
-59.8
-56.2
-59.2
-54
-90.8
-59
-55.4
-48
-459.8
-95
-57.4
-52.4
-50.2
-90.4
-459
-57.6
-56
-51
-56.2
-54
-55.4
-52.2
-52.4
-53.8
-52.2
-83.8
-51.4
-53.6
-73.4
-55.2
-54.2
-52.8
-50.8
-50.4
-50.6
-56
-58.8
-49.6
-458.2
-56.2
-59
-53
-51.2
-52
-54.6
-54.2
-51
-56
-61
-55.4
-52.4
-57.2
-52.4
-49.6
-51
-54.4
-81.6
-49.8
-51.4
-52.6
-58
-54.6
-49.4
-85.4
-52.4
-51
-49.8
-56.6
-55.8
-56.8
-50.6
-73.4
-54.4
-49.4
-51
-49.6
-50.2
-49.4
-57.6
-54
-53
-49.2
-54.8
-49
-52
-50
-48.4
-48
-55.4
-46.4
-55.2
-51
-49.6
-49.2
-61.2
-50.6
-64.6
-51.4
-51.8
-58
-56.6
-51
-49.2
-46
-51
-53.6
-50
-56
-58.4
-50.8
-50.8
-54.6
-54.8
-58
-78.4
-54.2
-51.6
-52.2
-60.2
-62.2
-47.6
-51.2
-60.8
-56.8
-53.2
-49.4
-52.6
-53.6
-49
-50.2
-61.8
-70
-53.2
-56.4
-48.4
-60.2
-80.4
-51
-52
-70.6
-49.2
-51.2
-58.2
-50
-49.4
-55.2
-47.6
-82
-50.8
-53.4
-49.2
-58.8
-56.2
-57
-52.8
-50.6
-49
-68.2
-51.2
-47.8
-47.6
-53
-49
-50.2
-46.6
-52.4
-60
-59
-49.8
-54.4
-48.4
-46.6
-69.8
-62.2
-54
-49
-47.2
-48.2
-57.6
-51.6
-55.8
-75.2
-69
-57.2
-46.6
-47.4
-47
-48.4
-52.8
-70
-49
-52
-53.6
-56.4
-50.8
-54.2
-50.2
-53.2
-54.2
-54.4
-53.2
-53.2
-48.4
-47
-49.2
-52.2
-48
-53.4
-47.8
-47.4
-51.4
-52.4
-53.8
-51.2
-50.6
-55.2
-56.8
-46.6
-52.6
-56.2
-48.4
-50.4
-47.2
-54.4
-46
-49.2
-53.6
-50
-50.4
-55
-53
-50.8
-53.4
-48.2
-57.4
-51.8
-56.4
-51.2
-52.6
-53.6
-51.2
-54.4
-54
-47.4
-50.6
-49.8
-53.4
-51.6
-55.2
-55.4
-54
-49
-52.6
-51
-55.2
-54.2
-50
-53.4
-48.8
-48.8
-53.4
-52.4
-56.2
-53.8
-51.8
-50.6
-54.6
-55.6
-49.4
-51.4
-56
-46.6
-47.4
-74
-57.2
-59.6
-53.2
-52.8
-49.4
-54.8
-92.8
-51.8
-58.4
-51.6
-55.4
-49.4
-53.8
-53.8
-53.6
-50.6
-56.6
-49.8
-50.4
-54.4
-51.6
-89.2
-50
-53
-52
-66.4
-57.6
-53.6
-49.6
-48.6
-50.8
-50.6
-46.6
-72.6
-54.4
-52
-52.2
-59.4
-56
-52
-51
-49.8
-45.8
-58
-52.6
-71.6
-53
-70.8
-61.6
-49.4
-51.4
-92.4
-50.8
-53
-58.2
-48.8
-46.6
-50.2
-50.6
-46.4
-50.6
-52.8
-55
-50.4
-55.6
-52.2
-59.2
-52
-54
-58.8
-52
-53
-83.4
-72.8
-49
-47.6
-54.6
-49.2
-47.2
-54
-50.4
-55.4
-50
-46
-54.2
-51.4
-51.6
-60.2
-56
-52.4
-50.6
-56.4
-56.4
-54.8
-50.8
-60.4
-49.6
-59.2
-55.4
-49.8
-51.8
-56.4
-50.6
-50.4
-60
-55.4
-48.2
-51.2
-55.2
-48.4
-52.4
-48
-46
-49.4
-52.4
-48
-54.8
-59.2
-52.8
-47.4
-54.4
-57.2
-54
-49.2
-46.2
-53
-57.8
-50.8
-52.4
-47.4
-62.2
-47.6
-54
-61
-58.2
-51.6
-52.8
-54
-50.4
-47.6
-48.2
-51
-50.4
-49.4
-51.2
-101.4
-57.2
-56.2
-51.6
-52.6
-49.8
-49.8
-52
-50
-46.4
-51.4
-54.4
-51.8
-56.6
-56.8
-48.8
-54.2
-53.6
-53.8
-54.4
-50.6
-52.4
-51.6
-53.8
-57.4
-49.8
-52.4
-52.8
-50
-51.2
-47.4
-51.8
-55.8
-50.4
-54.8
-51.6
-50.4
-50.6
-50
-49
-51.4
-48.6
-52.4
-53.6
-50.6
-49.2
-50.4
-49.6
-49.2
-50.8
-55.2
-50.8
-47.4
-51.2
-50.4
-54.6
-48.4
-51.4
-50.8
-48.8
-50.4
-50.2
-52.4
-54
-48
-46
-51
-55
-49.2
-48.6
-53.2
-55.2
-48.6
-53
-54.8
-56
-52.2
-55.2
-54.4
-52
-48.6
-91.2
-52
-54.4
-58
-55
-50.8
-50.8
-48.4
-49.4
-46.8
-55.4
-53.8
-48.8
-85
-47.6
-70.4
-61
-57.2
-51.6
-54
-48.4
-48.8
-51.4
-57.4
-53.6
-54.6
-58
-46.6
-49.2
-61.2
-102.4
-54.6
-54
-50
-60.2
-51
-50.8
-73.4
-53.6
-92.2
-51.6
-53.8
-87.2
-51.6
-56.4
-52.6
-51
-51
-57
-54.6
-52.2
-49.8
-53.4
-57.4
-53
-58
-54.6
-55.6
-50.8
-52.8
-55.4
-48
-57
-51.4
-55
-68
-52.8
-50.6
-48
-54.8
-54.2
-71.2
-53.6
-51.6
-54.8
-54.2
-51.6
-47.4
-56.8
-47
-55.6
-51.8
-57.6
-57.4
-46.6
-51.8
-46.6
-52.6
-51.4
-51
-55
-70.2
-51.8
-51.2
-53.6
-52.6
-49.4
-48
-49
-54.8
-53.2
-56.2
-52.6
-54.4
-54.8
-47
-88.6
-55.4
-49.8
-54.8
-51
-52.8
-72.6
-51.2
-48
-55.4
-64.2
-53.2
-52.6
-51.8
-50.4
-52.6
-48
-57.8
-53
-54.4
-49
-49.4
-53.2
-67.6
-50.6
-57.4
-54.4
-53
-61.4
-53.4
-55.4
-49.2
-55.4
-58.4
-88.8
-47.6
-48.2
-57.4
-53.6
-52.2
-50.4
-54.8
-53
-53
-51.8
-56.6
-48
-50.2
-52
-83.8
-51
-49
-48.4
-50.4
-47.6
-77.2
-52.4
-47.2
-54.8
-56
-49.4
-47.4
-57.4
-54.4
-50
-52
-45.4
-55.2
-54.2
-51.4
-52.8
-51.8
-53.4
-104.4
-46.2
-50.4
-51.6
-57.4
-57
-60.8
-54.6
-52
-56.8
-67.8
-51.2
-61.6
-52.8
-49.2
-52
-49.2
-55.8
-81.6
-50.6
-53.6
-51.4
-56.2
-52.6
-49.2
-54.2
-56
-52.2
-47.4
-56.2
-55.2
-49.8
-47.8
-49.2
-55.6
-67.2
-55.6
-52.4
-50
-50.8
-56.2
-46.8
-61.4
-75.4
-58
-54.8
-50.8
-54.8
-56.6
-50
-50
-52.8
-45.8
-54.4
-50.4
-54.8
-57.2
-58.6
-59
-50
-51
-55.4
-48.6
-70
-57
-51.2
-56.4
-49.6
-55
-59
-86.2
-63.6
-49.4
-49.2
-51.2
-49.4
-52.2
-50
-53.6
-57.6
-54
-48.4
-59.2
-51.6
-49.6
-56
-53.8
-54.2
-75.4
-48.8
-47.8
-52
-50.4
-53.8
-56.6
-50.2
-55.8
-64.6
-50
-54.4
-51.8
-52.8
-44.8
-49.8
-49.2
-70.8
-57.8
-53.8
-52.2
-54
-52.8
-78.4
-53.6
-53
-57.4
-49.6
-49
-49.4
-47.6
-50.4
-50.2
-57.8
-59.4
-53
-70.8
-51.8
-51.4
-48.4
-51.8
-56.8
-52
-49
-49
-54.8
-46.8
-53.6
-55
-60.4
-57.8
-48
-53.4
-49
-55.4
-54.8
-58.8
-49.8
-57
-48.8
-53.8
-49.8
-53
-52.8
-47.6
-75
-53.2
-51
-57.6
-56.6
-56.6
-48.6
-51.2
-51.8
-48
-53.6
-51
-56.2
-47.2
-56
-51.6
-51.6
-52.8
-54.6
-46.2
-54.2
-53.6
-51.6
-51.8
-49
-51.2
-50.4
-50.8
-53.4
-49
-55.2
-80.4
-52
-57.2
-50.8
-82
-56.8
-54.4
-52.6
-54.4
-46.6
-51.6
-53
-53
-51.8
-44.4
-48.8
-51.4
-57.6
-55.4
-57.2
-55.4
-53.6
-54.8
-55
-48.6
-54.4
-48.4
-50.2
-49
-54.2
-52.4
-52.6
-54.4
-60.4
-53.8
-51.8
-51.6
-55
-57.8
-45.4
-56.8
-50.4
-50.6
-50.4
-49.8
-51
-55.6
-52.6
-52.6
-68.4
-53.4
-50
-50.8
-54.8
-48
-54
-59.2
-56.8
-54.6
-52
-50
