agent: texplore
env: asterix
Feature Selection: 0
Environment is episodic.
set statesPerDim to 0 for all dim
feature 0 has range 30
feature 1 has range 30
feature 2 has range 30
feature 3 has range 30
reward range: 1020
Parallel ETUCT tracking real state values
Planner using history size: 0
Start model learning threadstart parallel uct planning search thread

Created MultClass 0 with nModels: 5
Created C4.5 decision tree 0 with == and > splits
Created C4.5 decision tree 6 with == and > splits
Created C4.5 decision tree 12 with == and > splits
Created C4.5 decision tree 18 with == and > splits
Created C4.5 decision tree 24 with == and > splits
Created MultClass 4 with nModels: 5
Created C4.5 decision tree 4 with == and > splits
Created C4.5 decision tree 10 with == and > splits
Created C4.5 decision tree 16 with == and > splits
Created C4.5 decision tree 22 with == and > splits
Created C4.5 decision tree 28 with == and > splits
Created MultClass 5 with nModels: 5
Created C4.5 decision tree 5 with == and > splits
Created C4.5 decision tree 11 with == and > splits
Created C4.5 decision tree 17 with == and > splits
Created C4.5 decision tree 23 with == and > splits
Created C4.5 decision tree 29 with == and > splits
Created MultClass 1 with nModels: 5
Created C4.5 decision tree 1 with == and > splits
Created C4.5 decision tree 7 with == and > splits
Created C4.5 decision tree 13 with == and > splits
Created C4.5 decision tree 19 with == and > splits
Created C4.5 decision tree 25 with == and > splits
Created MultClass 2 with nModels: 5
Created C4.5 decision tree 2 with == and > splits
Created C4.5 decision tree 8 with == and > splits
Created C4.5 decision tree 14 with == and > splits
Created C4.5 decision tree 20 with == and > splits
-997
Created C4.5 decision tree 26 with == and > splits
Created MultClass 3 with nModels: 5
Created C4.5 decision tree 3 with == and > splits
Created C4.5 decision tree 9 with == and > splits
Created C4.5 decision tree 15 with == and > splits
Created C4.5 decision tree 21 with == and > splits
Created C4.5 decision tree 27 with == and > splits
-994
-995
-996
-996
-990
-994
-994
-994
-989
-995
-995
-992
-990
-980
-992
-995
-995
-992
-995
-992
-995
-996
-995
-993
-994
-995
-994
-992
-980
-992
-993
-996
-995
-995
-992
-996
-995
-992
-994
-994
-994
-992
-993
-993
-996
-992
-992
-981
-991
-996
-992
-991
-991
-991
-991
-993
-991
-991
-992
-992
-993
-992
-992
-992
-992
-991
-991
-991
-991
-992
-991
-991
-991
-993
-991
-991
-993
-991
-991
-991
-991
-991
-991
-991
-991
-991
-992
-992
-992
-989
-991
-975
-995
-991
-988
-987
-956
-990
-989
-990
-989
-989
-990
-988
-989
-990
-990
-990
-990
-989
-969
-996
-984
-985
-987
-973
-994
-957
-945
-979
-997
-997
-997
-973
-973
-982
-973
-993
-997
-980
-997
-997
-959
-952
-969
-993
-993
-973
-973
-979
-981
-993
-993
-973
-997
-997
-997
-997
-997
-997
-997
-997
-997
-997
-997
-997
-997
-997
-997
-997
-997
-997
-997
-996
-997
-997
-997
-993
-996
-997
-980
-982
-980
-996
-996
-996
-996
-997
-997
-997
-993
-993
-980
-982
-993
-993
-993
-986
-973
-993
-973
-979
-993
-993
-993
-993
-993
-993
-993
-993
-993
-951
-993
-945
-945
-973
-994
-917
-996
-945
-973
-980
-945
-847
-966
-994
-994
-994
-994
-994
-994
-994
-994
-994
-994
-994
-994
-994
-994
-994
-994
-994
-994
-994
-994
-994
-994
-994
-994
-994
-994
-994
-994
-994
-994
-994
-994
-994
-994
-994
-994
-994
-994
-994
-994
-994
-994
-994
-994
-994
-994
-994
-994
-994
-994
-994
-994
-994
-994
-994
-994
-994
-994
-994
-994
-994
-994
-994
-994
-994
-994
-994
-994
-994
-994
-994
-994
-994
-994
-994
-994
-994
-994
-994
-994
-994
-994
-994
-994
-994
-994
-994
-994
-994
-994
-994
-994
-994
-994
-994
-994
-994
-994
-994
-994
-994
-994
-994
-994
-994
-994
-994
-994
-994
-994
-994
-994
-994
-994
-994
-994
-994
-994
-994
-994
-994
-994
-994
-994
-994
-994
-994
-994
-994
-994
-994
-994
-994
-994
-994
-994
-994
-994
-994
-994
-994
-994
-994
-994
-994
-994
-994
-994
-994
-994
-994
-994
-994
-994
-994
-994
-994
-994
-994
-994
-994
-994
-994
-994
-994
-994
-994
-994
-994
-994
-994
-994
-994
-994
-994
-994
-994
-994
-994
-994
-994
-994
-994
-994
-994
-833
-875
-959
-973
-973
-952
-973
-945
-945
-917
-959
-961
-962
-973
-836
-905
-961
-974
-918
-918
-990
-990
-890
-946
-806
-990
-990
-990
201
-939
-861
-945
-946
-990
-964
-973
-973
-978
-890
-974
-973
-945
-973
-987
-973
-945
-981
-981
-974
-984
-988
-984
-984
-974
-984
-983
-988
-984
-984
-988
-984
-988
-984
-988
-984
-988
-984
-988
-984
-988
-984
-984
-984
-984
-984
-984
-988
-989
-984
-988
-995
-994
-988
-994
-988
-994
-987
-987
-987
-984
-988
-994
-988
-995
-994
-988
-994
-988
-994
-988
-994
-988
-984
-988
-995
-994
-984
-988
-995
-994
-988
-984
-988
-984
-988
-984
-988
-984
-988
-984
-988
-984
-988
-984
-988
-984
-988
-984
-988
-994
-988
-994
-988
-994
-988
-994
-988
-994
-988
-994
-988
-984
-988
-984
-988
-994
-988
-994
-988
-994
-988
-994
-988
-984
-988
-994
-988
-994
-988
-994
-988
-994
-988
-994
-988
-994
-988
-994
-988
-994
-988
-994
-988
-984
-988
-994
-988
-994
-988
-994
-988
-994
-988
-994
-988
-994
-988
-984
-988
-984
-988
-994
-988
-984
-988
-984
-988
-994
-988
-984
-988
-994
-988
-984
-988
-984
-988
-994
-988
-984
-988
-984
-988
-984
-988
-984
-988
-984
-988
-984
-988
-984
-988
-984
-988
-984
-988
-984
-988
-984
-988
-984
-988
-984
-988
-984
-988
-984
-988
-984
-988
-984
-988
-984
-988
-994
-988
-984
-988
-984
-988
-984
-988
-984
-988
-984
-988
-994
-988
-984
-988
-984
-988
-984
-988
-984
-988
-984
-988
-984
-988
-994
-988
-994
-988
-994
-988
-994
-988
-974
-974
-974
-981
-981
-981
-981
-981
-981
-995
-974
-976
-946
-988
-988
-994
-990
-945
-917
-945
-973
-973
-805
-990
-990
-990
-990
-988
-973
-988
-988
-988
-988
-988
-988
-988
-988
-988
-988
-988
-988
-988
-973
-974
-973
-988
-878
201
-950
-878
-945
-953
-897
-925
-925
-897
-953
201
-927
-953
-953
-925
-927
-955
-955
201
-869
-813
201
201
201
201
201
201
201
201
-892
-862
-995
-829
-966
-995
-995
-995
-995
-980
-918
-995
-995
-995
-995
-995
-995
-995
-995
-995
-995
-995
-995
-995
-995
-995
-995
-995
-995
-995
-995
-995
-995
-995
-995
-995
-995
-995
-995
-995
-995
-995
-995
-995
-995
-995
-995
-995
-995
-995
-995
-995
-995
-995
-995
-995
-995
-995
-995
-995
-995
-995
-995
-995
-995
-995
-995
-995
-995
-995
-995
-995
-995
-995
-995
-995
-995
-995
-995
-995
-995
-995
-995
-995
-995
-995
-995
-995
-995
-995
-995
-995
-995
-995
-995
-995
-995
-995
-995
-995
-995
-995
-995
-995
-995
-995
-995
-995
-995
-995
-995
-995
-995
-995
-995
-995
-995
-995
-995
-995
-995
-995
-995
-995
-995
-995
-995
-995
-995
-995
-995
-995
-995
-995
-995
-995
-995
-995
-995
-995
-995
-995
-995
-995
-995
-995
-995
-995
-995
-995
-995
-995
-995
-995
-995
-995
-995
-995
-995
-995
-995
-995
-995
-995
-995
-995
-995
-995
-995
-995
-995
-995
-995
-995
-995
-995
-995
-995
-995
-995
-995
-995
-995
-995
-995
-995
-995
-995
-995
-995
-995
-995
-995
-995
-995
-995
-995
-995
-995
-995
-995
-995
-995
-995
-995
-995
-995
-995
-995
-995
-995
-995
-995
-995
-995
-995
-995
-995
-995
-995
-995
-995
-995
-995
-995
-995
-995
-995
-995
-995
-995
-995
-995
-995
-995
-995
-995
-995
-995
-995
-995
-995
-995
-995
