agent: texplore
env: asterix
Environment is episodic.
set statesPerDim to 0 for all dim
feature 0 has range 30
feature 1 has range 30
feature 2 has range 30
reward range: 1001
Parallel ETUCT tracking real state values
Planner using history size: 0
start parallel uct planning search thread
Start model learning thread
Created MultClass 0 with nModels: 5
Created C4.5 decision tree 0 with == and > splits
Created C4.5 decision tree 6 with == and > splits
Created C4.5 decision tree 12 with == and > splits
Created C4.5 decision tree 18 with == and > splits
Created C4.5 decision tree 24 with == and > splits
Created MultClass 3 with nModels: 5
Created C4.5 decision tree 3 with == and > splits
Created C4.5 decision tree 9 with == and > splits
Created C4.5 decision tree 15 with == and > splits
Created C4.5 decision tree 21 with == and > splits
Created C4.5 decision tree 27 with == and > splits
Created MultClass 4 with nModels: 5
Created C4.5 decision tree 4 with == and > splits
Created C4.5 decision tree 10 with == and > splits
Created C4.5 decision tree 16 with == and > splits
Created C4.5 decision tree 22 with == and > splits
Created C4.5 decision tree 28 with == and > splits
Created MultClass 1 with nModels: 5
Created C4.5 decision tree 1 with == and > splits
Created C4.5 decision tree 7 with == and > splits
Created C4.5 decision tree 13 with == and > splits
Created C4.5 decision tree 19 with == and > splits
Created C4.5 decision tree 25 with == and > splits
Created MultClass 2 with nModels: 5
Created C4.5 decision tree 2 with == and > splits
Created C4.5 decision tree 8 with == and > splits
Created C4.5 decision tree 14 with == and > splits
Created C4.5 decision tree 20 with == and > splits
Created C4.5 decision tree 26 with == and > splits
-995
-991
-996
-995
-995
-991
-995
-996
-996
-996
-997
-994
-995
-993
-994
-994
-994
-975
-992
-968
-996
-994
-992
-992
-996
-996
-985
-996
-997
-996
-994
-995
-997
-995
-996
-992
-993
-994
-992
-995
-994
-996
-993
-991
-980
-989
-945
-959
-990
-845
-972
-995
-902
-876
-834
-996
-996
-973
-946
-947
-996
-996
-945
-987
-982
-917
-981
-973
-983
201
-887
201
201
201
201
-994
201
-981
-981
201
201
201
201
-988
-988
-917
-801
-815
-972
-985
-929
-985
-929
-983
-927
-985
-985
-985
-985
-912
201
-873
-974
-993
201
201
-980
-854
-966
-826
-944
-986
-986
-958
-986
-958
-986
-986
-986
-986
-986
-986
-986
-986
-986
-986
-986
-986
-986
-986
-986
-986
-986
-986
-986
-986
-986
-986
201
201
201
-960
-904
-960
-988
-988
-988
-960
-960
-988
-960
-973
-833
-973
-973
-861
-945
-861
-941
201
201
201
201
201
201
-861
-973
-973
-917
-970
-970
-886
-970
-917
201
201
-926
201
201
201
201
201
201
201
201
201
201
201
201
201
-977
-952
201
201
201
-834
201
201
201
201
201
201
-803
-957
-985
-985
-985
-985
-985
-985
-985
-985
-985
-985
-985
-971
-985
-985
-985
-985
-985
-985
-985
-985
-985
-985
-985
-985
-985
-985
-985
-985
-945
-938
201
-917
-945
-861
201
-994
-994
-994
201
201
-994
-994
-994
-994
201
201
201
201
201
201
201
201
201
201
201
201
201
201
201
201
201
201
201
201
201
201
201
201
201
201
201
201
201
201
201
201
201
201
201
-995
-947
-995
-975
-995
-933
-995
201
-995
-961
-995
-975
-995
-989
-995
-989
-995
-975
-995
-975
-995
-933
-841
-975
-961
-994
-961
-973
-989
-981
-995
-961
-994
-961
-891
-961
-889
-989
-961
-961
-961
-961
-961
-961
-933
-961
201
201
-878
201
201
-945
201
-946
201
201
201
201
201
201
201
-939
-904
201
201
201
201
201
201
201
201
201
201
201
-959
201
201
201
201
201
201
201
201
201
201
201
201
201
201
201
201
201
201
201
201
201
201
201
201
201
201
201
201
201
201
201
201
201
201
201
201
201
201
201
201
201
201
201
201
201
201
201
201
201
201
201
201
201
201
201
201
201
201
201
201
201
201
201
201
201
201
201
201
201
201
201
201
201
201
201
201
201
-931
201
-959
-843
-959
-959
-843
-847
201
201
201
201
201
201
201
201
201
201
201
201
201
201
201
201
201
201
201
201
201
201
201
201
201
201
-983
-927
201
-983
-955
-955
-955
-955
-955
-927
-927
-955
-955
-955
-955
-955
-955
-955
-955
-955
-955
-955
-955
-955
-955
-955
-955
-955
-955
-955
-955
-955
-955
201
201
-843
-955
-955
-955
-955
-955
-947
-989
-990
-990
-990
-990
-990
-990
-990
-990
-990
-990
-990
-990
-990
-990
-990
-990
-990
-990
-990
-990
-990
-990
-990
-990
-990
-990
-990
-990
-990
-990
-990
-990
-990
-990
-990
-990
-990
-990
-990
-990
-990
-990
-990
-990
-990
-990
-990
-990
-990
-990
-990
-990
-990
-990
-990
-990
-990
-990
-990
-990
-990
-990
-990
-990
-990
-990
-990
-990
-990
-990
-990
-990
-990
-990
-990
-990
-990
-990
-990
-990
-990
-990
-990
-990
-990
-990
-990
-990
-990
-990
-990
-990
-990
-990
-990
-990
-990
-990
-990
-990
-990
-990
-990
-990
-990
-990
-990
-990
-990
-990
-990
-990
-990
-990
-990
-990
-990
-990
-990
-990
-990
-990
-990
-990
-990
-990
-990
-990
-990
-990
-990
-990
-990
-990
-990
-990
-990
-990
-990
-990
-990
-990
-990
-990
-990
-990
-990
-990
-990
-990
-990
-990
-990
-990
-990
-990
-990
-990
-990
-990
-990
-990
-990
-990
-990
-990
-990
-990
-990
-990
-990
-990
-990
-990
-990
-990
-990
-990
-990
-990
-990
-990
-990
-990
-990
-990
-990
-990
-990
-990
-990
-990
-990
-990
-990
-990
-990
-990
-990
-990
-990
-990
-990
-990
-990
-990
-990
-990
-990
-990
-990
-990
-990
-990
-990
-990
-990
-990
-990
-990
-990
-990
-990
-990
-990
-990
-990
-990
-990
-990
-990
-990
-990
-990
-990
-990
-990
-990
-990
-990
-990
-990
201
-968
-945
-875
-953
-958
-806
-956
-918
201
-958
-890
-862
-946
-946
-946
-946
201
-930
-930
-931
-847
201
-978
201
-806
201
201
201
201
-931
201
201
201
201
201
201
201
201
201
201
201
-959
-975
201
-975
-975
-975
-975
-975
-975
-975
-975
-975
-975
-975
-975
-975
-975
-975
-975
-975
-975
-975
-975
-975
-975
-975
-975
-975
-975
-975
-975
-975
-975
-975
-975
-975
-975
-975
-975
-975
-975
-975
-975
-975
-975
-975
-975
-975
-975
-975
-975
-975
-975
-975
-975
-975
-975
-975
-975
-975
-975
-975
-975
-975
-975
-975
-975
-975
-975
-975
-975
-975
-975
-975
-975
-975
-975
-975
-975
-975
-975
-975
-975
-975
-975
-975
-975
-975
-975
-975
-975
-975
-975
-975
-975
-975
-975
-975
-975
-975
-975
-975
-975
-975
-975
-975
-975
-975
-865
-930
-888
-949
-972
-972
-972
-977
-972
201
201
201
-860
-972
-972
-972
-972
-972
-972
-972
-972
-972
-972
-972
-972
-972
-972
-972
-972
-972
-972
-972
-972
-972
-972
-972
-972
-972
-972
-972
-972
-972
-972
-972
-972
-972
-972
-972
-972
-972
-972
-972
-972
-972
-972
-972
-972
-972
-972
-972
-972
-972
-972
-972
-972
-972
-972
-972
-972
-972
-972
-972
-972
-972
-972
-972
-972
201
201
201
201
201
201
201
201
201
201
201
201
201
201
201
201
201
201
201
