agent: texplore
env: asterix
Feature Selection: 0
Environment is episodic.
set statesPerDim to 0 for all dim
feature 0 has range 30
feature 1 has range 30
feature 2 has range 30
feature 3 has range 30
reward range: 1020
Parallel ETUCT tracking real state values
Planner using history size: 0
start parallel uct planning search thread
Start model learning thread
Created MultClass 0 with nModels: 5
Created C4.5 decision tree 0 with == and > splits
Created C4.5 decision tree 6 with == and > splits
Created C4.5 decision tree 12 with == and > splits
Created C4.5 decision tree 18 with == and > splits
Created C4.5 decision tree 24 with == and > splits
Created MultClass 4 with nModels: 5
Created C4.5 decision tree 4 with == and > splits
Created C4.5 decision tree 10 with == and > splits
Created C4.5 decision tree 16 with == and > splits
Created C4.5 decision tree 22 with == and > splits
Created C4.5 decision tree 28 with == and > splits
Created MultClass 5 with nModels: 5
Created C4.5 decision tree 5 with == and > splits
Created C4.5 decision tree 11 with == and > splits
Created C4.5 decision tree 17 with == and > splits
Created C4.5 decision tree 23 with == and > splits
Created C4.5 decision tree 29 with == and > splits
Created MultClass 1 with nModels: 5
-995
Created C4.5 decision tree 1 with == and > splits
Created C4.5 decision tree 7 with == and > splits
Created C4.5 decision tree 13 with == and > splits
Created C4.5 decision tree 19 with == and > splits
Created C4.5 decision tree 25 with == and > splits
Created MultClass 2 with nModels: 5
Created C4.5 decision tree 2 with == and > splits
Created C4.5 decision tree 8 with == and > splits
Created C4.5 decision tree 14 with == and > splits
Created C4.5 decision tree 20 with == and > splits
Created C4.5 decision tree 26 with == and > splits
Created MultClass 3 with nModels: 5
Created C4.5 decision tree 3 with == and > splits
Created C4.5 decision tree 9 with == and > splits
Created C4.5 decision tree 15 with == and > splits
Created C4.5 decision tree 21 with == and > splits
Created C4.5 decision tree 27 with == and > splits
-995
-994
-994
-995
-992
-995
-994
-995
-995
-994
-996
-996
-994
-997
-997
-990
-995
-996
-995
-996
-996
-995
-995
-995
-995
-994
-992
-984
-995
-981
-997
-997
-994
-993
-996
-994
-995
-995
-995
-994
-996
-996
-991
-980
-995
-996
-995
-995
-995
-995
-995
-995
-995
-996
-995
-996
-991
-996
-995
-996
-994
-983
-991
-995
-996
-996
-996
-996
-995
-995
-996
-996
-995
-996
-996
-995
-995
-995
-995
-995
-995
-996
-996
-996
-996
-996
-996
-996
-995
-995
-995
-995
-995
-995
-996
-992
-992
-995
-995
-995
-995
-995
-995
-995
-995
-995
-995
-995
-995
-995
-995
-995
-995
-995
-995
-995
-995
-995
-992
-996
-995
-995
-995
-995
-995
-995
-995
-995
-995
-996
-995
-995
-995
-995
-995
-995
-995
-995
-995
-995
-996
-989
-995
-995
-995
-995
-995
-995
-995
-995
-995
-995
-995
-995
-995
-995
-995
-995
-995
-995
-995
-995
-995
-995
-996
-997
-988
-974
-995
-995
-988
-960
-972
-955
-987
-987
-960
-972
-996
-988
-992
-931
-903
-944
-959
-987
-987
-987
-987
-916
-995
-945
-900
-974
-987
-987
-987
-987
-987
-987
-987
-987
-987
-959
-987
-954
-931
-987
-959
-987
-987
-987
-931
-987
-987
-987
-987
-987
-987
-987
-987
-987
-987
-987
-987
-987
-987
-987
-987
-946
-985
-970
-983
-966
-974
-985
-982
-984
-984
-957
-996
-985
-985
-985
-985
-985
-985
-985
-954
-994
-985
-952
-967
-985
-985
-985
-985
-985
-985
-985
-957
-985
-968
-982
-968
-982
-967
-985
-985
-985
-985
-966
-923
-967
-967
201
-811
-972
-983
-986
-986
-982
-982
-874
-986
-930
-986
-986
-986
-972
-986
-986
-986
-930
-986
-996
-996
-996
-996
-996
-996
-996
-996
-996
-996
-996
-996
-996
-996
-996
-996
-996
-996
-996
-996
-996
-996
-996
-996
-996
-996
-996
-996
-996
-996
-996
-996
-996
-996
-996
-996
-996
-996
-996
-996
-996
-996
-996
-996
-996
-996
-996
-996
-996
-996
-996
-996
-996
-996
-996
-996
-996
-996
-996
-996
-996
-996
-996
-996
-996
-996
-996
-996
-996
-996
-996
-996
-996
-996
-996
-996
-996
-996
-996
-996
-996
-996
-996
-996
-996
-996
-996
-996
-996
-996
-996
-996
-996
-996
-996
-996
-996
-996
-996
-996
-996
-996
-996
-996
-996
-996
-996
-996
-996
-996
-996
-996
-996
-996
-996
-996
-996
-996
-996
-996
-996
-996
-996
-996
-996
-996
-996
-996
-996
-996
-996
-996
-996
-996
-996
-996
-996
-996
-996
-996
-996
-996
-996
-996
-996
-996
-996
-996
-996
-996
-996
-996
-996
-996
-996
-996
-996
-996
-996
-996
-996
-996
-996
-996
-996
-996
-996
-996
-996
-996
-996
-996
-996
-996
-996
-996
-996
-996
-996
-996
-996
-996
-996
-996
-996
-996
-996
-996
-996
-996
-996
-996
-996
-996
-996
-996
-996
-996
-996
-996
-996
-996
-996
-996
-996
-996
-996
-996
-996
-996
-996
-996
-996
-996
-996
-996
-996
-996
-996
-996
-996
-996
-996
-996
-996
-996
-996
-996
-996
-996
-996
-996
-996
-996
-996
-996
-996
-996
-996
-996
-996
-996
-996
-996
-996
-996
-996
-996
-996
-996
-996
-996
-996
-996
-996
-996
-996
-996
-996
-996
-996
-996
-996
-996
-996
-996
-996
-996
-996
-996
-996
-996
-996
-996
-996
-996
-996
-996
-996
-996
-996
-996
-996
-996
-996
-996
-996
-996
-996
-996
-996
-996
-996
-996
-996
-996
-996
-996
-996
-996
-996
-996
-996
-996
-996
-996
-996
-996
-996
-996
-996
-996
-996
-996
-996
-996
-996
-996
-996
-996
-996
-996
-996
-996
-996
-996
-996
-996
-996
-996
-996
-996
-996
-996
-996
-996
-996
-996
-996
-996
-996
-996
-996
-996
-996
-996
-996
-996
-996
-996
-845
-929
-929
-954
-929
-901
-929
201
-929
201
201
201
201
201
201
201
201
-972
-960
-949
-988
-959
-960
-960
-974
-974
-974
-974
-974
-946
-960
-974
-946
-960
-983
-988
-980
-980
-980
-980
-974
-974
-974
-932
-974
-974
-974
-876
201
-988
-974
-960
-974
-974
-974
-960
-960
-974
-978
-975
-988
-974
-974
-978
-960
-974
-974
-974
-974
-974
-974
-974
-971
-988
-978
-978
-971
-988
-974
-971
-988
-974
-974
-974
-974
-974
-974
-974
-960
-974
-974
-960
-974
-974
-974
-960
-932
-960
-960
-974
-974
-974
-974
-974
-974
-974
-974
-974
201
201
-987
-959
-917
-917
-805
201
-805
201
201
201
-917
-833
201
-889
-889
-945
201
-805
201
201
201
201
-960
-959
-994
-974
-946
-980
-988
-994
-994
-974
-994
-994
-980
-980
-946
-988
-988
-988
-988
-988
-974
-960
-988
-988
-993
-932
-988
-988
-994
-988
-985
-983
-988
-932
-984
-988
-989
-850
-990
-990
-988
-988
-988
-918
-988
-988
-988
-994
-988
-994
-906
-988
-988
-988
-988
-994
-988
-994
-988
-994
-988
-994
-918
-974
-974
-974
201
-876
-988
-988
-988
-990
-918
-990
-990
-890
-974
-974
-990
-988
-960
-974
-990
-990
-990
-990
-962
201
201
-918
-918
-974
-974
-890
-994
-974
-994
-974
-994
-974
-994
-974
-994
-974
-994
-974
-994
-974
-994
-990
-974
-994
-990
-990
-990
-990
-990
-990
-974
-994
-990
-990
-990
-990
-990
-990
-990
-990
-990
-990
-990
-990
-990
-990
-990
-990
-990
-990
-990
-990
-990
-974
-974
-974
-974
-974
-974
-974
-974
-974
-974
-974
-974
-990
-974
-974
-862
-946
-974
-974
-974
-974
-974
-946
-974
-990
-946
-974
-918
-974
-974
-946
-974
-974
-974
-974
-974
-974
-862
-919
201
201
201
201
201
-985
201
201
201
201
201
201
201
201
201
201
201
201
201
201
201
201
201
201
201
201
201
201
-917
201
201
-945
-973
-917
201
201
201
201
201
201
201
201
