agent: texplore
env: asterix
Feature Selection: 0
Environment is episodic.
set statesPerDim to 0 for all dim
feature 0 has range 30
feature 1 has range 30
feature 2 has range 30
feature 3 has range 30
reward range: 1020
Parallel ETUCT tracking real state values
Planner using history size: 0
Start model learning thread
start parallel uct planning search thread
Created MultClass 0 with nModels: 5
Created C4.5 decision tree 0 with == and > splits
Created C4.5 decision tree 6 with == and > splits
Created C4.5 decision tree 12 with == and > splits
Created C4.5 decision tree 18 with == and > splits
Created C4.5 decision tree 24 with == and > splits
Created MultClass 4 with nModels: 5
Created C4.5 decision tree 4 with == and > splits
Created C4.5 decision tree 10 with == and > splits
Created C4.5 decision tree 16 with == and > splits
Created C4.5 decision tree 22 with == and > splits
Created C4.5 decision tree 28 with == and > splits
Created MultClass 5 with nModels: 5
Created C4.5 decision tree 5 with == and > splits
Created C4.5 decision tree 11 with == and > splits
Created C4.5 decision tree 17 with == and > splits
Created C4.5 decision tree 23 with == and > splits
Created C4.5 decision tree 29 with == and > splits
Created MultClass 1 with nModels: 5
Created C4.5 decision tree 1 with == and > splits
Created C4.5 decision tree 7 with == and > splits
Created C4.5 decision tree 13 with == and > splits
Created C4.5 decision tree 19 with == and > splits
Created C4.5 decision tree 25 with == and > splits
Created MultClass 2 with nModels: 5
Created C4.5 decision tree 2 with == and > splits
Created C4.5 decision tree 8 with == and > splits
Created C4.5 decision tree 14 with == and > splits
Created C4.5 decision tree 20 with == and > splits
Created C4.5 decision tree 26 with == and > splits
Created MultClass 3 with nModels: 5
Created C4.5 decision tree 3 with == and > splits
Created C4.5 decision tree 9 with == and > splits
Created C4.5 decision tree 15 with == and > splits
Created C4.5 decision tree 21 with == and > splits
Created C4.5 decision tree 27 with == and > splits
-995
-992
-993
-996
-997
-977
-992
-992
-994
-994
-994
-996
-993
-995
-992
-992
-996
-995
-988
-995
-994
-994
-966
-995
-995
-995
-995
-989
-995
-994
-994
-994
-992
-994
-994
-990
-989
-994
-994
-972
-990
-989
-994
-995
-995
-987
-990
-994
-995
-994
-996
-996
-996
-994
-992
-989
-986
-959
-996
-995
-987
-992
-974
-996
-987
-987
-995
-958
-994
-991
-972
-996
-994
-994
-997
-995
-996
-991
-994
-994
-992
-992
-993
-994
-994
-996
-991
-996
-996
-995
-994
-970
-945
-983
-960
-973
-989
-995
-994
-995
-988
-987
-988
-976
-996
-932
-959
-960
-991
-958
-945
-959
-931
-890
-945
-959
-973
-973
-973
-987
-973
-959
-985
-995
-980
-973
-994
-994
-994
-994
-994
-994
-994
-994
-961
-945
-994
-994
-994
-973
-994
-994
-994
-994
-994
-994
-994
-994
-994
-994
-994
-994
-994
-994
-994
-994
-994
-994
-994
-994
-994
-994
-994
-994
-994
-994
-994
-994
-994
-994
-994
-994
-994
-994
-994
-994
-994
-994
-994
-994
-994
-994
-994
-994
-994
-994
-994
-994
-994
-994
-994
-994
-994
-994
-994
-994
-994
-994
-994
-994
-945
-945
-918
-974
-967
-995
-994
-995
-994
-994
-994
-994
-994
-994
-994
-994
-966
-952
-826
-994
-994
-966
-994
-994
-994
-994
-994
-994
201
-910
201
201
201
201
201
-918
-996
-876
-996
-988
-988
-995
-996
-995
-960
-988
-960
-988
-981
-988
-987
-988
-988
-960
-987
-988
-960
-988
-988
-988
-988
-988
-988
-988
-988
-988
-988
-988
-988
-988
-988
-988
-988
-988
-988
-988
-988
-988
-988
-988
-988
-988
-988
-988
-988
-988
-988
-988
-988
-988
-988
-988
-988
-988
-988
-988
-988
-988
-988
-988
-988
-988
-988
-988
-988
-988
-988
-988
-988
-988
-988
-988
-988
-988
-988
-988
-988
-988
-988
-988
-988
-988
-988
-987
-959
-987
-987
-987
-973
-987
-987
-987
-987
-987
-987
-987
-946
-987
-807
-959
-981
-925
-925
-897
-953
-953
-953
-953
-953
-981
-981
-953
-953
-953
-953
-953
-953
-953
-953
-953
-953
-953
-953
-953
-953
-974
-973
201
201
201
201
201
201
-996
201
201
-996
201
-989
-996
-984
-996
-987
201
-942
-984
-996
201
-830
-970
-984
-984
-984
-984
-984
-984
-984
-984
-984
201
201
201
-858
-970
201
201
201
201
201
201
201
201
201
201
201
201
201
201
201
-918
201
201
201
201
201
-805
201
-839
201
201
201
201
201
201
201
201
201
201
201
201
-903
-987
-987
-987
-987
-987
-987
-987
-987
-987
-987
-987
-987
-987
-987
-987
-987
-973
-987
-987
-987
-987
-987
-973
-973
-987
-987
-987
-987
-987
-987
-987
-987
-987
-987
-987
-987
-987
-987
-987
-987
-987
-987
-987
-987
-987
-987
-987
-987
-987
-987
-987
-987
-987
-987
-987
-987
-987
-987
-987
-987
-987
-987
-987
-987
-987
-987
-987
-987
-987
-987
-987
-987
-987
-987
-987
-987
-987
-987
-987
-987
-987
-987
-987
-987
-987
-987
-987
-987
-987
-987
-987
-987
-987
-987
-987
-987
-987
-987
-987
-987
-987
-987
-987
-987
-987
-987
-987
-987
-987
-987
-987
-987
-987
-987
-987
-987
-987
-987
-987
-987
-987
-987
-987
-987
-987
-987
-987
-987
-987
-987
-987
-987
-987
-987
-987
-987
-987
-987
-987
-987
-987
-987
-987
-987
-987
-987
-987
-987
-987
-987
-987
-987
-987
-987
-987
-987
-987
-987
-987
-987
-987
-987
-987
-987
-987
-987
-987
-987
-987
-987
-987
-987
-987
-987
-987
-987
-987
-987
-987
-987
-987
-987
-987
-987
-987
-987
-987
-987
-987
-987
-987
-987
-987
-987
-987
-987
-987
-987
-987
-987
-987
-987
-987
-987
-987
-987
-987
-987
-987
-987
-987
-987
-987
-987
-987
-987
-987
-987
-987
-987
-987
-987
-987
-987
-987
-987
-987
-987
-987
-987
-987
-987
-987
-987
-987
-987
-987
-987
-987
-987
-987
-987
-987
-987
-987
-987
-987
-987
-987
-987
-987
-987
-987
-987
-932
201
201
201
201
201
201
-843
201
201
-983
-955
201
201
201
201
201
201
-924
-839
201
201
201
201
201
201
201
201
201
201
201
201
201
201
201
201
201
201
201
201
201
201
201
201
201
201
201
201
201
-891
-970
201
201
201
201
-863
-990
-947
-990
-897
-990
-919
-990
-920
-990
-948
-990
-948
201
-953
-990
-947
-990
-947
-990
-919
-990
201
-919
201
-919
-990
-919
-990
201
201
-990
-807
201
201
201
201
201
-808
-990
-919
-990
-919
-990
-919
-990
-919
-990
-919
-990
-835
-990
201
-990
-863
-990
-947
-990
-919
-990
-919
-990
-863
201
201
201
201
201
201
201
201
201
201
201
201
201
201
201
201
201
201
201
201
201
201
201
201
201
201
201
201
201
201
201
201
201
201
201
201
201
201
201
201
201
201
201
201
201
201
201
201
201
201
201
201
201
201
201
201
201
201
201
201
201
201
201
201
201
201
201
201
201
201
201
201
201
201
201
201
201
201
201
201
201
201
201
201
201
201
201
201
201
201
201
201
201
201
201
201
201
201
201
201
201
201
201
201
201
201
201
201
201
201
201
201
201
201
201
201
201
201
201
201
201
201
201
201
201
201
201
201
201
201
201
201
201
201
201
201
201
201
201
201
201
201
201
201
201
201
201
201
201
201
201
201
201
201
201
201
201
201
201
201
201
-848
201
201
201
201
201
201
201
201
201
201
201
201
201
201
201
201
201
201
201
201
201
201
201
201
201
