agent: texplore
env: asterix
Feature Selection: 0
Environment is episodic.
set statesPerDim to 0 for all dim
feature 0 has range 30
feature 1 has range 30
feature 2 has range 30
feature 3 has range 30
reward range: 1020
Parallel ETUCT tracking real state values
Planner using history size: 0
Start model learning thread
start parallel uct planning search thread
Created MultClass 0 with nModels: 5
Created C4.5 decision tree 0 with == and > splits
Created C4.5 decision tree 6 with == and > splits
Created C4.5 decision tree 12 with == and > splits
Created C4.5 decision tree 18 with == and > splits
Created C4.5 decision tree 24 with == and > splits
Created MultClass 4 with nModels: 5
Created C4.5 decision tree 4 with == and > splits
Created C4.5 decision tree 10 with == and > splits
Created C4.5 decision tree 16 with == and > splits
Created C4.5 decision tree 22 with == and > splits
Created C4.5 decision tree 28 with == and > splits
Created MultClass 5 with nModels: 5
Created C4.5 decision tree 5 with == and > splits
Created C4.5 decision tree 11 with == and > splits
Created C4.5 decision tree 17 with == and > splits
Created C4.5 decision tree 23 with == and > splits
Created C4.5 decision tree 29 with == and > splits
Created MultClass 1 with nModels: 5
Created C4.5 decision tree 1 with == and > splits
Created C4.5 decision tree 7 with == and > splits
Created C4.5 decision tree 13 with == and > splits
-995
Created C4.5 decision tree 19 with == and > splits
Created C4.5 decision tree 25 with == and > splits
Created MultClass 2 with nModels: 5
Created C4.5 decision tree 2 with == and > splits
Created C4.5 decision tree 8 with == and > splits
Created C4.5 decision tree 14 with == and > splits
Created C4.5 decision tree 20 with == and > splits
Created C4.5 decision tree 26 with == and > splits
Created MultClass 3 with nModels: 5
Created C4.5 decision tree 3 with == and > splits
Created C4.5 decision tree 9 with == and > splits
Created C4.5 decision tree 15 with == and > splits
Created C4.5 decision tree 21 with == and > splits
Created C4.5 decision tree 27 with == and > splits
-996
-993
-993
-990
-992
-995
-994
-995
-995
-996
-994
-993
-995
-995
-995
-995
-995
-996
-995
-994
-991
-991
-992
-992
-996
-994
-991
-995
-993
-995
-995
-994
-995
-994
-994
-991
-995
-995
-994
-995
-992
-995
-993
-996
-993
-980
-992
-996
-993
-992
-995
-994
-992
-995
-993
-993
-993
-993
-993
-993
-993
-996
-992
-996
-993
-993
-993
-996
-996
-996
-997
-996
-996
-993
-996
-993
-996
-992
-992
-996
-993
-996
-993
-991
-992
-992
-996
-993
-996
-992
-996
-992
-993
-993
-993
-993
-993
-993
-993
-993
-993
-996
-992
-996
-992
-996
-992
-993
-993
-993
-993
-993
-993
-995
-997
-992
-996
-992
-992
-993
-993
-995
-993
-995
-993
-996
-997
-996
-993
-993
-995
-997
-996
-993
-996
-993
-996
-993
-996
-993
-996
-997
-996
-997
-996
-997
-996
-993
-996
-993
-995
-992
-997
-997
-997
-997
-997
-961
-974
-997
-997
-997
-994
-997
-997
-997
-997
-997
-997
-997
-997
-987
-987
-987
-994
-977
-941
-997
-997
-997
-997
-997
-997
-997
-997
-997
-997
-997
-997
-997
-997
-997
-997
-997
-997
-997
-997
-997
-997
-997
-997
-997
-997
-997
-997
-997
-997
-997
-997
-997
-997
-997
-997
-997
-997
-997
-997
-997
-997
-997
-997
-997
-997
-997
-997
-997
-997
-997
-997
-997
-997
-997
-997
-997
-997
-997
-997
-997
-997
-997
-997
-997
-997
-997
-997
-997
-997
-997
-997
-997
-997
-997
-997
-997
-997
-997
-997
-997
-997
-997
-997
-997
-997
-997
-997
-997
-997
-997
-997
-997
-997
-997
-997
-997
-997
-997
-997
-997
-997
-997
-997
-997
-997
-997
-997
-997
-997
-997
-997
-997
-997
-997
-997
-997
-997
-997
-997
-997
-997
-997
-997
-997
-997
-997
-997
-997
-997
-997
-997
-997
-997
-997
-997
-997
-997
-997
-997
-997
-997
-997
-997
-997
-997
-997
-997
-997
-997
-997
-997
-997
-997
-997
-997
-997
-997
-997
-997
-997
-997
-997
-997
-997
-997
-997
-997
-997
-997
-997
-997
-997
-997
-997
-997
-997
-997
-997
-997
-997
-997
-997
-997
-997
-997
-997
-997
-997
-997
-997
-997
-997
-997
-997
-997
-997
-997
-997
-997
-997
-997
-997
-997
-991
-996
-989
-996
-990
-996
-942
-996
-960
-996
-928
-931
-975
-887
-876
-960
-856
-919
-995
-849
-843
-945
-926
-980
-898
-980
-982
201
-954
-951
-945
-985
201
-861
-917
-990
-943
-905
-933
-877
-905
-903
-991
-903
-973
-903
-931
-931
-945
-949
-945
-931
-973
201
-994
-973
-924
-861
-805
-980
-973
-833
-994
-945
-973
-994
-966
-980
-917
201
-980
-973
-994
-945
-994
-982
-945
-994
-945
-994
-945
-945
-994
-945
-994
-861
-994
-973
-994
-973
-994
-973
-994
-973
-994
-973
-973
-994
-917
-994
-973
-994
-826
-806
201
-968
201
201
-875
201
201
201
201
-964
-936
-945
-945
201
-973
-994
-931
-940
-992
-950
-959
201
201
-959
-922
201
201
201
-987
201
-903
-994
-987
-994
-987
-994
-987
-994
-987
-992
-987
-992
-987
-994
-992
-987
-994
-987
-994
-987
-987
-985
-985
-987
-987
-987
-987
-987
-987
-995
-987
-992
-987
-973
-994
-987
-992
-987
-992
-987
-994
-987
-982
-987
-994
-987
-987
-994
-987
-994
-987
-994
-987
-994
-985
-987
-987
-994
-987
-987
-957
-931
-987
-987
-987
-987
-987
-987
-983
-987
-981
-987
-987
-931
-966
-931
-987
-973
-988
-959
-987
-966
-847
-987
-995
-972
-978
-987
-819
-987
-925
-987
-987
-995
-987
-987
-988
-987
-987
-987
-987
-987
-987
-987
-987
-987
-994
-987
-959
-994
-994
-959
-988
-959
-959
-987
-945
-988
-988
-988
-987
-987
-987
-995
-847
-995
201
-987
-995
-987
-995
201
-873
-995
-875
-995
201
-931
-995
201
-931
-995
-959
-995
-959
-995
-959
-995
-959
-995
-987
-995
201
-987
-995
201
-875
-995
-959
-995
-959
-995
-959
-995
-987
-995
-987
-995
-987
-995
-987
-995
-959
-995
-959
-987
-987
-987
-995
-987
-995
201
-945
-995
201
-918
-988
-995
-946
-994
-890
-983
-983
-983
-985
201
-981
-977
-985
-985
-985
-985
-985
-985
-985
-985
-985
-985
-985
-985
-985
-985
-985
-985
-985
-985
-985
-985
-985
-985
-985
-985
-985
-985
-985
-985
-985
-985
-985
-985
-985
-985
-985
-985
-985
-985
-985
-985
-985
-985
-985
-983
-985
-985
-985
-985
-985
-985
-985
-985
-985
-985
-985
-985
-985
-985
-985
-985
-985
-985
-985
-985
-985
-985
-985
-985
-985
-985
-985
-985
-985
-985
-985
-985
-985
-985
-985
-985
-985
-985
-985
-985
-985
-985
-985
-985
-985
-985
-985
-985
-985
-985
-985
-985
-985
-985
-985
-985
-985
-985
-985
-985
-985
-985
-985
-985
-985
-985
-985
-985
-985
-985
-985
-985
-985
-985
-985
-985
-985
-985
-985
-985
-985
-985
-985
-985
-985
-985
-985
-985
-985
-985
-985
-985
-985
-985
-985
-985
-985
-985
-985
-985
-985
-985
-985
-985
-985
-985
-985
-985
-985
-985
-985
-985
-985
-985
-985
-985
-985
-985
-985
-985
-985
-985
-985
-985
-985
-985
-985
-985
-985
-985
-985
-985
-985
-985
-985
-985
-985
-985
-985
-985
-985
-985
-985
-985
-985
-985
-985
-985
-985
-985
-985
-985
-985
-985
-985
-985
-985
-985
-985
-985
-985
-985
-985
-985
-985
-985
-985
-985
-985
-985
-985
-985
-985
-985
-985
-985
-985
-985
-985
-985
-985
-985
-985
-985
-985
-985
-985
-985
-985
-985
-985
-985
-985
-985
-985
-985
-985
-985
-985
-985
-985
-985
-985
-985
-985
-985
-985
-985
-985
-985
-985
-985
-985
-985
-985
-985
-985
-985
-985
-985
-985
-985
-985
-985
-985
-985
-985
-985
-985
-985
-985
-985
-985
-985
-985
-985
-985
-985
-985
-985
-985
-985
