agent: texplore
env: asterix
Feature Selection: 0
Environment is episodic.
set statesPerDim to 0 for all dim
feature 0 has range 30
feature 1 has range 30
feature 2 has range 30
feature 3 has range 30
reward range: 1020
Parallel ETUCT tracking real state values
Planner using history size: 0
Start model learning thread
start parallel uct planning search thread
Created MultClass 0 with nModels: 5
Created C4.5 decision tree 0 with == and > splits
Created C4.5 decision tree 6 with == and > splits
Created C4.5 decision tree 12 with == and > splits
Created C4.5 decision tree 18 with == and > splits
Created C4.5 decision tree 24 with == and > splits
Created MultClass 4 with nModels: 5
Created C4.5 decision tree 4 with == and > splits
Created C4.5 decision tree 10 with == and > splits
Created C4.5 decision tree 16 with == and > splits
Created C4.5 decision tree 22 with == and > splits
Created C4.5 decision tree 28 with == and > splits
Created MultClass 5 with nModels: 5
Created C4.5 decision tree 5 with == and > splits
Created C4.5 decision tree 11 with == and > splits
Created C4.5 decision tree 17 with == and > splits
Created C4.5 decision tree 23 with == and > splits
Created C4.5 decision tree 29 with == and > splits
Created MultClass 1 with nModels: 5
Created C4.5 decision tree 1 with == and > splits
Created C4.5 decision tree 7 with == and > splits
Created C4.5 decision tree 13 with == and > splits
Created C4.5 decision tree 19 with == and > splits
Created C4.5 decision tree 25 with == and > splits
Created MultClass 2 with nModels: 5
Created C4.5 decision tree 2 with == and > splits
Created C4.5 decision tree 8 with == and > splits
Created C4.5 decision tree 14 with == and > splits
Created C4.5 decision tree 20 with == and > splits
Created C4.5 decision tree 26 with == and > splits
Created MultClass 3 with nModels: 5
-994
Created C4.5 decision tree 3 with == and > splits
Created C4.5 decision tree 9 with == and > splits
Created C4.5 decision tree 15 with == and > splits
Created C4.5 decision tree 21 with == and > splits
Created C4.5 decision tree 27 with == and > splits
-997
-995
-993
-996
-993
-994
-993
-993
-996
-994
-995
-994
-994
-982
-993
-994
-995
-993
-994
-994
-988
-996
-992
-993
-994
-987
-992
-993
-989
-987
-990
-987
-984
-989
-959
-987
-987
-987
-987
-987
-987
-987
-987
-987
-987
-987
-987
-987
-987
-987
-987
-987
-987
-987
-987
-987
-987
-987
-995
-987
-987
-959
-931
-848
-990
-990
-988
-988
-994
-987
201
-904
-817
-994
201
-986
-846
-930
-924
-994
-958
201
-994
201
201
-959
-994
-959
-994
-994
-995
-987
-987
-987
-974
201
201
201
201
201
201
-995
201
-931
-987
-973
-987
-987
-959
-987
-945
-973
-995
-995
-973
-973
-973
-987
-973
-987
-987
-987
-987
-973
-973
-987
-987
-987
-973
-973
-987
-987
-987
-987
-994
-973
-973
-980
-987
-973
-945
-973
-967
-995
-971
-987
-981
-980
-987
-950
-995
-973
-973
-973
-987
-995
-945
-950
-966
-950
-981
-984
-945
-961
-978
-986
-987
-987
-981
-995
-933
-981
-987
-981
-980
-987
-960
-987
-981
-981
-981
-981
-981
-981
-981
-981
-995
-995
-995
-995
-995
-995
-981
-981
-995
-980
-987
-980
-987
-978
-980
-987
-987
-981
-981
-987
-980
-987
-974
-987
-987
-987
-987
-987
-987
-945
-973
-945
-973
-973
-973
-959
-945
-917
-960
-974
-962
-974
-918
-918
-988
-960
-991
-988
-988
-988
-932
-995
-991
-988
-946
-988
-994
-988
-993
-988
-991
-988
-995
-991
-960
-995
-991
-946
-974
-988
-988
-988
-988
-988
-993
-988
-988
-989
-946
-988
-995
-988
-995
-994
-988
-991
-960
-988
-988
-988
-988
-988
-988
-988
-988
-988
-988
-989
-991
-988
-993
-988
-991
-988
-995
-988
-991
-960
-993
-988
-991
-988
-995
-904
-991
-960
-991
-988
-973
-988
-993
-988
-993
-988
-993
-988
-993
-988
-993
-988
-993
-988
-993
-988
-993
-988
-993
-988
-993
-988
-993
-988
-993
-988
-993
-988
-993
-988
-993
-988
-993
-988
-993
-988
-993
-988
-993
-988
-993
-988
-993
-988
-993
-988
-993
-988
-991
-988
-995
-988
-991
-988
-995
-988
-995
-988
-991
-988
-991
-988
-995
-988
-991
-988
-993
-988
-993
-988
-993
-988
-993
-988
-993
-988
-993
-988
-993
-988
-993
-988
-993
-988
-993
-988
-993
-988
-993
-988
-993
-988
-993
-988
-993
-988
-993
-988
-993
-988
-993
-988
-993
-988
-993
-988
-993
-988
-993
-988
-993
-988
-991
-988
-993
-988
-993
-988
-991
-988
-991
-988
-991
-988
-993
-987
-993
-987
-991
-987
-993
-987
-993
-987
-993
-987
-993
-987
-993
-987
-993
-987
-993
-987
-993
-987
-993
-987
-993
-987
-993
-987
-987
-993
-987
-993
-987
-987
-987
-987
-987
-987
-987
-987
-987
-987
-987
-987
-987
-987
-987
-987
-987
-987
-987
-987
-987
-987
-987
-987
-987
-987
-987
-987
-987
-987
-987
-987
-987
-987
-987
-987
-987
-987
-987
-987
-987
-987
-987
-987
-987
-987
-987
-987
-987
-987
-987
-987
-987
-987
-987
-987
-987
-987
-987
-987
-987
-987
-987
-987
-987
-987
-987
-987
-987
-987
-987
-987
-987
-987
-987
-987
-987
-987
-987
-987
-987
-987
-987
-987
-987
-987
-987
-987
-987
-987
-987
-987
-987
-987
-987
-987
-987
-987
-987
-987
-987
-987
-987
-987
-987
-987
-987
-987
-987
-987
-987
-987
-987
-987
-987
-987
-987
-987
-987
-987
-987
-987
-987
-987
-987
-987
-987
-987
-987
-987
-987
-987
-987
-987
-987
-987
-987
-987
-987
-987
-987
-987
-987
-987
-987
-987
-987
-987
-987
-987
-987
-987
-987
-987
-987
-987
-987
-987
-987
-987
-987
-987
-987
-987
-987
-987
-987
-987
-987
-987
-987
-987
-987
-987
-987
-987
-987
-987
-987
-987
-987
-987
-987
-987
-987
-987
-987
-987
-987
-987
-987
-987
-987
-987
-987
-987
-987
-987
-987
-987
-987
-987
-987
-987
-987
-987
-987
-987
-987
-987
-987
-987
-987
-987
-987
-987
-987
-987
-987
-987
-987
-987
-987
-987
-987
-987
-987
-987
-987
-987
-987
-987
-987
-987
-987
-987
-987
-987
-987
-987
-987
-987
-987
-987
-987
-987
-987
-987
-987
-987
-987
-987
-987
-987
-987
-987
-987
-987
-987
-987
-987
-987
-987
-987
-987
-987
-987
-987
-987
-987
-987
-987
-987
-987
-987
201
-845
201
201
201
-957
201
-957
201
201
201
201
201
201
201
201
201
201
201
201
201
201
201
201
201
201
201
201
-861
-889
-861
201
-917
-973
-945
-945
-917
201
-889
201
-889
-945
-945
-945
-973
-917
-945
-945
-945
-945
-945
-945
-945
-945
-945
-945
-945
-945
-945
-945
-945
-945
-945
-945
-945
-861
-945
-945
201
201
-917
201
201
201
201
-861
-945
-833
-917
-945
-945
201
201
201
201
201
-945
-972
-975
-946
-983
-981
-944
-975
-981
-916
-972
-944
-980
-972
-979
201
-804
-987
201
-972
-888
-991
-987
-972
-945
201
201
201
201
201
201
201
201
201
201
201
201
201
201
201
201
201
201
201
201
-845
-986
-987
-958
-945
-986
-917
-986
-959
-986
201
-846
-986
-958
-986
-986
-860
-986
-986
-986
-986
-986
-986
-986
-986
-986
-846
-986
-986
-986
-958
-986
-986
201
-930
-986
-986
-986
-986
-986
-958
-986
-986
-986
-986
201
-986
201
-874
-986
-986
-874
201
-958
-986
-986
201
201
201
201
201
201
201
201
201
201
201
201
201
201
201
201
201
201
201
201
201
201
201
201
201
201
201
201
201
201
201
201
201
201
201
201
201
201
201
201
201
201
201
201
201
201
201
201
201
201
201
201
201
201
201
201
201
201
201
201
201
201
201
201
201
201
201
201
201
201
201
201
201
201
201
201
-989
