agent: texplore
env: asterix
Feature Selection: 2
Environment is episodic.
set statesPerDim to 0 for all dim
feature 0 has range 30
feature 1 has range 30
reward range: 1020
Parallel ETUCT tracking real state values
Planner using history size: 0
Start model learning thread
start parallel uct planning search thread
Created MultClass 0 with nModels: 5
Created C4.5 decision tree 0 with == and > splits
Created C4.5 decision tree 6 with == and > splits
Created C4.5 decision tree 12 with == and > splits
Created C4.5 decision tree 18 with == and > splits
Created C4.5 decision tree 24 with == and > splits
Created MultClass 2 with nModels: 5
Created C4.5 decision tree 2 with == and > splits
Created C4.5 decision tree 8 with == and > splits
Created C4.5 decision tree 14 with == and > splits
Created C4.5 decision tree 20 with == and > splits
Created C4.5 decision tree 26 with == and > splits
Created MultClass 3 with nModels: 5
Created C4.5 decision tree 3 with == and > splits
Created C4.5 decision tree 9 with == and > splits
Created C4.5 decision tree 15 with == and > splits
Created C4.5 decision tree 21 with == and > splits
Created C4.5 decision tree 27 with == and > splits
Created MultClass 1 with nModels: 5
Created C4.5 decision tree 1 with == and > splits
Created C4.5 decision tree 7 with == and > splits
Created C4.5 decision tree 13 with == and > splits
Created C4.5 decision tree 19 with == and > splits
Created C4.5 decision tree 25 with == and > splits
-995
-994
-995
-994
-994
-995
-993
-995
-994
-994
-997
-997
-997
-997
-997
-996
-989
-995
-995
-995
-995
-995
-994
-994
-994
-994
-994
-994
-994
-992
-992
-992
-992
-995
-995
-993
-995
-995
-995
-994
-992
-968
-996
-996
-996
-996
-996
-996
-996
-996
-993
-991
-980
-962
-992
-995
-991
-992
-994
-977
-977
-990
-990
-990
-983
-994
-963
-997
-997
-977
-991
-991
-984
-984
-984
-996
-984
-950
-992
-992
-992
-992
-992
-995
-994
-992
-991
-992
-992
-994
-976
-983
-983
-936
-996
201
-905
-925
-995
-995
-995
-995
-995
-995
-993
-850
-953
-990
-941
-988
-987
-906
-931
-995
-990
-981
-990
-995
-965
-987
-988
-986
-987
-993
-987
-993
-987
-947
-917
-955
-990
-934
-976
-996
-997
-926
-989
-985
-975
-975
-989
-976
-996
-973
-995
-993
-984
-993
-970
-993
-987
-987
-987
-993
-996
-993
-990
-974
-996
-989
-982
-989
-996
-989
-996
-955
-955
-946
-946
-974
-983
-983
-988
-988
-932
-988
-932
-987
-960
-899
-864
201
201
-827
201
-990
201
-958
-973
-994
-952
-994
-938
-922
-994
201
-990
-996
201
-993
201
-830
-974
-984
-956
-984
-992
-984
-928
-934
-962
-990
-984
-990
-990
-984
-990
-990
-990
-990
-962
-990
-990
-990
-990
-990
-990
-927
-864
201
201
-991
-914
-956
-984
-808
-899
-899
-815
-983
-983
-983
-983
-983
-983
-983
-983
-983
-983
-983
-983
-983
-983
-983
-983
-983
-983
-983
-982
201
-992
-982
-982
-982
-982
-982
-982
-982
-982
201
201
-984
-963
-991
-921
-991
-991
-991
-984
-991
-991
-984
-984
-956
-984
-984
-984
-984
-984
-984
-921
-984
-956
-987
-893
-837
-984
-963
-982
-990
-989
-977
-975
-982
-949
-991
-969
-969
-977
-977
-977
-969
-977
-969
-969
201
-989
-989
-961
-989
-989
-989
-989
-989
-989
-989
-989
-989
-989
-989
-989
-989
-989
-989
-989
-989
-989
-989
-989
-989
-942
-857
201
-956
-948
-992
-988
-988
-988
-976
-970
-990
-984
-984
-990
-956
-984
-990
-990
-990
-990
-984
-988
-988
-984
-984
-984
-984
-976
-984
-984
-984
-970
-971
-985
-915
-985
-856
-956
-985
-985
-837
-977
-991
-977
-976
-977
-949
-977
-977
-977
-977
-977
-977
-977
-977
-977
-977
-977
-977
-977
-983
-970
-900
-970
-984
-891
-949
-956
-949
-967
-833
201
201
-818
-980
-986
-986
-986
-992
-981
-992
-986
-992
-958
-981
-981
-992
-992
-958
-981
-992
-992
-981
-986
-930
-986
-992
-992
-958
-992
-992
-992
-992
-992
-992
-992
-958
-986
-986
-987
-979
-953
-930
-958
-986
-986
-986
-986
-986
-972
-986
-972
-972
-979
-986
-986
-986
-986
-981
-986
-986
-986
-986
-986
-972
-986
-971
-971
-929
-985
-985
-985
-985
-957
-985
-985
-985
-985
-985
-985
-985
201
-985
-971
-985
-985
-985
-985
-985
-985
-985
-986
-944
-913
-972
-920
-972
-972
-954
-986
-986
-982
-972
-972
-975
-986
-944
-972
-975
-986
-958
-961
-986
-958
-978
-944
-926
-986
-972
-982
-832
-982
-926
-972
-888
-954
-954
-856
-917
-973
-994
-903
-994
-994
-934
-994
-987
-994
-994
201
-973
-987
-994
-994
-994
-994
-994
-994
-994
-994
-994
-994
-994
-994
-994
-994
-994
-994
-994
-994
-994
-994
-994
-994
-994
-994
-994
-994
-994
-994
-994
-994
-984
-889
-833
201
201
-917
201
201
201
201
201
-856
-968
-891
-969
201
-897
201
-892
-889
201
-828
-800
-920
201
201
201
201
201
-898
201
201
201
201
-897
-808
-913
-948
-940
201
-948
-996
-884
-968
-808
-941
201
201
201
201
-838
-922
-922
-922
-950
-950
-950
-950
-950
-950
-922
-950
-922
-922
-922
-922
-950
-950
-922
-917
-864
-881
-909
-920
-909
-907
-965
-948
-965
-922
-937
-965
-948
-920
-965
-965
-965
-965
-965
-976
-965
-963
201
201
201
201
201
201
201
201
-892
-920
-892
201
201
-892
-920
-920
-892
201
-992
-992
-992
-992
-992
-992
-992
-992
-992
-992
-992
-992
-992
-992
-992
-992
-992
-992
-992
-992
-992
-992
-992
-992
-992
-992
-992
-992
-992
-992
-992
-992
-992
-992
-992
-992
-992
-992
-992
-992
-992
-992
-992
-992
-992
-992
-992
-992
-992
-992
-992
-992
-992
-992
-992
-992
-992
-992
-992
-992
-992
-992
-992
-992
-992
-992
-992
-992
-992
-992
-992
-992
-992
-992
-992
-992
-992
-992
-992
-992
-992
-992
-992
-992
-992
-992
-992
-992
-992
-992
-992
-992
-992
-992
-992
-992
-992
-992
-992
-992
-992
-992
-992
-992
-992
-992
-992
-992
-992
-992
-992
-992
-992
-992
-992
-992
-992
-992
-992
-992
-992
-992
-992
-992
-992
-992
-992
-919
-934
-889
-894
-989
-861
-969
-891
-978
-863
-950
-947
-950
-947
-978
201
201
201
201
201
-934
-822
-861
-983
-917
201
201
-816
-956
-988
-928
-880
-984
-848
201
-928
-876
-960
-988
-988
201
201
201
201
201
201
201
201
201
201
201
-941
201
201
-971
-994
-985
201
201
201
-886
-914
201
-942
-957
-957
-970
-951
-971
-985
-942
-895
-970
-979
-970
-979
-979
-970
-951
-915
-985
-970
201
201
201
201
201
201
201
201
201
201
201
-808
-934
201
201
201
201
201
201
201
201
201
201
201
201
-864
-879
-879
201
201
201
201
201
201
201
201
201
-913
-946
201
-848
-988
-974
-974
201
201
-911
-820
-988
-988
-988
-932
201
201
-974
201
201
201
201
201
201
201
201
201
201
201
201
201
201
201
201
201
201
201
201
201
201
201
-976
201
201
201
-801
201
201
201
201
201
-801
-983
-989
-983
-989
-969
-989
-989
-989
-989
