agent: texplore
env: asterix
Feature Selection: 2
Environment is episodic.
set statesPerDim to 0 for all dim
feature 0 has range 30
feature 1 has range 30
reward range: 1020
Parallel ETUCT tracking real state values
Planner using history size: 0
Start model learning thread
start parallel uct planning search thread
Created MultClass 0 with nModels: 5
Created C4.5 decision tree 0 with == and > splits
Created C4.5 decision tree 6 with == and > splits
Created C4.5 decision tree 12 with == and > splits
Created C4.5 decision tree 18 with == and > splits
Created C4.5 decision tree 24 with == and > splits
Created MultClass 2 with nModels: 5
Created C4.5 decision tree 2 with == and > splits
Created C4.5 decision tree 8 with == and > splits
Created C4.5 decision tree 14 with == and > splits
Created C4.5 decision tree 20 with == and > splits
Created C4.5 decision tree 26 with == and > splits
Created MultClass 3 with nModels: 5
Created C4.5 decision tree 3 with == and > splits
Created C4.5 decision tree 9 with == and > splits
Created C4.5 decision tree 15 with == and > splits
Created C4.5 decision tree 21 with == and > splits
Created C4.5 decision tree 27 with == and > splits
Created MultClass 1 with nModels: 5
Created C4.5 decision tree 1 with == and > splits
Created C4.5 decision tree 7 with == and > splits
Created C4.5 decision tree 13 with == and > splits
Created C4.5 decision tree 19 with == and > splits
Created C4.5 decision tree 25 with == and > splits
-981
-996
-983
-991
-995
-989
-996
-996
-994
-994
-995
-994
-994
-983
-989
-994
-996
-995
-995
-995
-990
-995
-995
-996
-996
-996
-996
-996
-996
-996
-996
-994
-992
-995
-993
-994
-996
-993
-963
-997
-997
-991
-997
-996
-996
-996
-996
-912
-990
-996
-997
-996
201
-994
-994
-995
-990
-994
-994
-996
-994
-994
-994
-994
-992
-997
-991
-991
-996
-997
-985
-847
-995
-995
-995
-995
-995
-995
-995
-995
-995
-995
-995
-995
-995
-995
-995
-995
201
-995
-995
-995
-994
-995
-994
-995
-995
-995
-995
-995
-995
-995
-995
-995
-995
-990
-862
-995
-984
-988
-983
-983
-991
-991
-995
-991
-991
-991
-995
-990
-990
-994
-994
-994
-990
-994
-989
-994
-989
-975
-971
-990
-989
-990
-990
-863
-961
-947
-956
-984
-976
-994
-975
-984
-947
-990
-961
-985
-995
-995
-995
-995
-970
-995
-995
-995
-989
-995
-995
-995
-955
-970
-989
-983
-984
-877
-993
-992
-964
-970
-992
-993
-978
-970
-993
-980
-991
-976
-934
-894
-821
-984
-962
-993
-920
-993
-993
-993
-993
-994
-993
-993
-857
-948
-941
-992
-917
-992
-990
-931
-949
-977
-954
-983
-974
-940
-982
-983
-991
-983
-979
-948
-836
-986
-945
-986
-834
-987
-987
-988
-987
-987
-987
-987
-987
-987
-987
-987
-987
-987
-987
-987
-987
-959
-984
-986
-986
-988
-988
-988
-987
-988
-988
-988
-988
-988
-988
-988
-987
-988
-959
-988
-986
-986
-986
-986
-986
-986
-986
-986
-986
-986
-986
-986
-986
-986
-986
-988
-974
-988
-834
-988
-988
-988
-988
-987
-994
-985
-973
-987
-987
-994
-987
-994
-987
-973
-987
-987
-994
-987
-987
-987
-987
-994
-987
-971
-987
-987
-994
201
-833
-988
-977
-861
-848
-988
-988
-988
-988
-988
-988
-988
-988
-988
-988
-988
-988
-988
-988
-988
-988
-988
-988
-988
-988
-988
-959
-910
201
201
201
201
201
-959
-959
201
201
-900
-919
-947
-975
-984
-919
-975
-975
-975
201
201
-919
201
201
-962
-877
201
-906
-954
-961
-946
-987
-987
-987
-987
-959
-987
-987
-987
-987
-987
-987
-959
-931
-987
-959
-847
-959
-931
-930
-931
-987
-987
-931
-987
-987
-987
-931
-987
-987
-987
-987
-987
-987
-986
-959
-987
-985
201
201
201
201
201
-975
-946
-974
-974
-974
-859
-957
-971
-971
-959
-901
-985
-985
-985
-976
-985
-994
-987
-985
-985
-985
-985
-973
-985
-957
-985
-971
-985
-985
-985
-985
-985
-892
-985
201
201
-920
-985
-980
-980
-980
-980
-980
201
201
-995
-911
201
201
201
201
-897
-920
201
201
201
201
-949
-991
-949
-991
-990
201
201
-976
201
201
-990
-990
201
-939
201
-994
-953
-994
-963
-994
-994
201
-994
-994
-994
-994
-994
-994
-994
-994
-994
-994
-860
-963
201
201
-991
201
-991
201
201
201
-944
-948
-892
201
201
201
-984
-971
-956
-915
-992
-956
-984
-984
-992
-900
-991
-992
-991
-992
-984
-992
-991
-992
-984
-992
-942
-992
-970
-992
-984
-992
-970
-992
-991
-992
-984
-992
-942
-992
-984
-992
-984
-992
-928
-992
-984
-992
-992
-992
-992
-984
-992
201
201
-971
-971
-986
-986
-971
201
201
201
201
201
-903
201
201
201
201
201
-877
201
201
201
201
201
201
201
201
201
201
201
-912
201
201
201
-996
-805
201
-964
201
-992
-981
-936
-981
-936
201
-981
-981
-964
-964
-964
-964
-964
-981
-981
-981
-981
-964
-964
-981
-964
-964
-964
-927
201
201
201
201
201
201
-807
-870
-926
-951
-989
-919
-898
-954
-982
-926
201
201
-863
-947
-947
201
-933
-954
-926
201
-842
-926
-877
-898
-954
-954
-926
-926
-933
-926
-954
-926
201
-828
-913
-837
-886
-858
-914
-801
-942
-886
-914
-942
-942
-942
-914
-970
-956
-972
-987
-970
-833
-984
-984
-987
-984
-984
-984
-970
-970
-984
-984
-973
-987
-987
-984
-984
-984
-984
-984
-984
-984
-984
-984
-972
-984
-984
-984
-973
-987
-987
-984
-984
-984
-984
-984
-984
-984
-984
-984
-984
-984
-984
-984
-984
-984
-984
-984
-984
-984
-984
-984
-970
-984
-984
-984
-984
-984
-984
-984
-984
-984
-984
-984
-984
-984
-984
-984
-984
-984
-970
-984
201
-981
-995
-995
-995
-995
-995
-995
-995
-995
-995
-995
-995
-995
-978
-967
-978
-995
-995
-995
-995
-978
-995
-995
-995
-995
-995
-995
-995
-995
-995
-978
-978
-995
-995
-995
-995
-995
-995
-995
-995
-995
-995
-995
-995
-995
-995
-995
-995
-995
-995
-995
-995
-995
-995
-995
-995
-995
-995
-995
-995
-995
-995
-995
-995
-995
-995
-995
-995
-995
-995
-995
-950
-995
-995
-995
-995
-995
-995
-995
-995
-995
-995
-995
-995
-995
-995
-995
-995
-995
-995
-995
-995
-995
-995
-995
-995
-995
-995
-995
-995
-995
-978
-978
-995
-995
-995
-995
-995
-995
-995
-995
-995
-995
-995
-995
-995
-995
-995
-995
-995
-995
-995
-995
-995
-995
-978
-978
-995
-995
-995
-995
-995
-995
-995
-995
-995
-995
-995
-995
-995
-995
-995
-995
-995
-995
-995
-995
-995
-995
-995
-995
-995
-995
-995
-995
-995
-995
-995
-995
-995
-995
-995
-995
-995
-995
-995
-995
-995
-995
-995
-995
-995
-995
-995
-995
-995
-995
-995
-995
-995
-995
-995
-995
-995
-995
-995
-995
-995
201
201
-851
201
201
201
201
201
201
201
201
201
201
201
201
201
201
201
201
201
201
201
201
201
201
-889
-917
201
-945
-861
-917
-917
-945
-833
-945
-833
-931
-932
-973
-987
-987
-987
-973
-987
-973
-987
-987
-973
-973
-987
-973
-959
-987
-973
-973
-973
-973
-987
-987
-987
-973
-889
-987
-973
-973
-973
-987
