agent: texplore
env: asterix
Feature Selection: 0
Environment is episodic.
set statesPerDim to 0 for all dim
feature 0 has range 30
feature 1 has range 30
feature 2 has range 30
feature 3 has range 30
reward range: 1020
Parallel ETUCT tracking real state values
Planner using history size: 0
start parallel uct planning search thread
Start model learning thread
Created MultClass 0 with nModels: 5
Created C4.5 decision tree 0 with == and > splits
Created C4.5 decision tree 6 with == and > splits
Created C4.5 decision tree 12 with == and > splits
Created C4.5 decision tree 18 with == and > splits
Created C4.5 decision tree 24 with == and > splits
Created MultClass 4 with nModels: 5
Created C4.5 decision tree 4 with == and > splits
Created C4.5 decision tree 10 with == and > splits
Created C4.5 decision tree 16 with == and > splits
Created C4.5 decision tree 22 with == and > splits
Created C4.5 decision tree 28 with == and > splits
Created MultClass 5 with nModels: 5
Created C4.5 decision tree 5 with == and > splits
Created C4.5 decision tree 11 with == and > splits
Created C4.5 decision tree 17 with == and > splits
Created C4.5 decision tree 23 with == and > splits
Created C4.5 decision tree 29 with == and > splits
Created MultClass 1 with nModels: 5
Created C4.5 decision tree 1 with == and > splits
Created C4.5 decision tree 7 with == and > splits
Created C4.5 decision tree 13 with == and > splits
Created C4.5 decision tree 19 with == and > splits
Created C4.5 decision tree 25 with == and > splits
Created MultClass 2 with nModels: 5
Created C4.5 decision tree 2 with == and > splits
Created C4.5 decision tree 8 with == and > splits
Created C4.5 decision tree 14 with == and > splits
Created C4.5 decision tree 20 with == and > splits
Created C4.5 decision tree 26 with == and > splits
Created MultClass 3 with nModels: 5
Created C4.5 decision tree 3 with == and > splits
Created C4.5 decision tree 9 with == and > splits
Created C4.5 decision tree 15 with == and > splits
Created C4.5 decision tree 21 with == and > splits
-993
Created C4.5 decision tree 27 with == and > splits
-994
-994
-994
-994
-992
-993
-994
-993
-993
-994
-994
-995
-995
-982
-981
-995
-986
-997
-989
-990
-991
-995
-992
-981
-994
-996
-989
-944
-995
-995
-991
-996
-995
-996
-987
-988
-986
-994
-985
-986
-995
-996
-984
-986
-986
-988
-987
-986
-987
-987
-988
-988
-987
-986
-988
-985
-996
-988
-987
-988
-987
-988
-988
-988
-988
-988
-987
-987
-987
-983
-987
-979
-986
-986
-986
-989
-986
-986
-997
-997
-997
-997
-997
-997
-996
-996
-997
-997
-997
-997
-997
-996
-996
-997
-997
-997
-996
-996
-997
-997
-997
-997
-997
-997
-996
-997
-997
-997
-997
-997
-997
-997
-997
-997
-997
-996
-997
-997
-997
-997
-997
-996
-997
-997
-997
-997
-997
-997
-997
-997
-997
-997
-997
-997
-997
-996
-996
-997
-997
-997
-997
-997
-997
-997
-997
-996
-994
-996
-997
-997
-997
-997
-997
-997
-997
-997
-997
-997
-997
-997
-997
-997
-997
-997
-997
-997
-997
-997
-997
-997
-997
-997
-997
-997
-997
-997
-997
-997
-997
-997
-997
-997
-997
-997
-997
-997
-997
-997
-997
-997
-997
-997
-997
-997
-997
-997
-997
-997
-997
-997
-997
-997
-997
-997
-997
-997
-997
-997
-997
-997
-997
-997
-997
-997
-997
-997
-997
-997
-997
-997
-997
-997
-997
-997
-997
-997
-997
-997
-997
-997
-997
-997
-997
-997
-997
-997
-997
-997
-997
-997
-997
-997
-997
-997
-997
-997
-997
-997
-997
-997
-997
-997
-997
-997
-997
-997
-997
-997
-997
-997
-997
-997
-997
-997
-997
-997
-997
-997
-997
-997
-997
-997
-997
-997
-997
-997
-997
-997
-997
-997
-997
-997
-997
-997
-997
-997
-997
-997
-997
-997
-997
-997
-997
-997
-997
-997
-997
-997
-997
-997
-997
-997
-997
-997
-997
-997
-997
-997
-997
-997
-997
-997
-997
-997
-997
-997
-997
-997
-997
-997
-997
-997
-997
-997
-997
-997
-997
-997
-997
-997
-997
-997
-997
-997
-997
-997
-997
-997
-997
-997
-997
-997
-997
-997
-997
-997
-997
-997
-997
-997
-997
-997
-997
-997
-997
-997
-997
-997
-997
-997
-997
-997
-997
-997
-997
-997
-997
-997
-997
-997
-997
-997
-997
-997
-997
-997
-997
-997
-997
-997
-997
-997
-997
-995
-997
-994
-994
-994
-994
-994
-994
-997
-994
-994
-997
-995
-994
-995
-995
-994
-994
-994
-994
-994
-993
-994
-994
-994
-994
-994
-994
-995
-994
-994
-994
-994
-994
-995
-994
-989
-994
-994
-994
-994
-995
-994
-995
-993
-993
-993
-994
-995
-993
-993
-995
-994
-995
-994
-995
-994
-995
-995
-995
-995
-995
-994
-995
-995
-995
-995
-995
-987
-995
-995
-984
-995
-983
-995
-933
-905
-947
-933
-975
-961
-947
-975
-975
-961
-975
-961
-947
-933
-961
-945
-947
-987
-995
-984
-995
-984
-995
-984
-995
-956
-984
-988
201
-890
-989
-858
-830
-989
-987
-886
-984
-989
-988
-984
-984
-984
-984
-984
-984
-988
-984
-988
-988
-942
-984
-984
-984
-984
-984
-984
-989
-989
-993
-989
-989
-989
-994
-988
-988
-989
-994
-989
-993
-988
-988
-989
-989
-989
-994
-989
-988
-988
-984
-984
-984
-984
-984
-984
-931
-989
-989
-989
-989
-989
-989
-989
201
-875
201
-847
-931
-904
-997
-904
-903
-931
-997
-997
-997
-932
-992
-890
-997
-932
-997
-932
-997
-932
-997
-918
-997
-931
-918
-997
-918
-997
-918
-997
-875
-988
-988
-988
-988
-988
-988
-988
-988
-988
-988
-988
-988
-988
-987
-988
-988
-988
-988
-987
-987
-932
201
-974
-988
-988
-988
-988
-980
201
-974
-981
-994
-988
-994
-988
-981
-981
-963
-994
-988
-974
-994
-988
-988
-988
-988
-988
-988
-974
-992
-988
-988
-981
-994
-988
-981
-994
201
-974
-994
-988
-988
-988
201
201
201
-974
201
201
-981
-994
-988
-981
-981
-994
-988
-981
-959
-994
201
-805
-994
-913
-945
-959
-940
-982
-917
-973
-996
-917
201
-917
-975
-870
-917
-973
-982
-917
-917
-945
-994
-917
-992
-917
201
201
201
-889
201
201
201
201
201
-971
-973
-971
-971
-985
-945
-945
-983
-954
-982
-971
-985
-975
-915
-985
-994
-994
-994
-992
-985
-971
-992
-973
-976
-930
-945
-987
-980
-981
-929
-973
-985
-973
-994
-958
-953
-973
-973
-973
-981
-986
-985
-981
-945
-889
-903
-945
-973
-973
-973
-973
-973
-973
-973
-973
-973
-973
-973
-973
-973
-973
-973
-973
-995
-943
-995
-971
-973
-973
-973
-973
-973
-973
-959
-980
-980
-904
-971
-945
-973
-973
-973
-973
-973
-973
-973
-973
-973
-973
-973
-973
-973
-973
-973
-973
-973
-973
-973
-973
-973
-973
-973
-973
-973
-973
-973
-973
-973
-973
-973
-973
-973
-973
-973
-973
-973
-805
-973
-959
-973
-973
-973
-973
-973
-973
-973
-973
-973
-973
-973
-973
-973
-973
-973
-973
-973
-973
-973
-973
-973
-973
-973
-973
-973
-973
-973
-973
-973
-973
-973
-973
-973
-973
-973
-973
-973
-973
-973
-973
-973
-973
-973
-973
-973
-973
-973
-973
-973
-973
-973
-973
-973
-973
-973
-973
-819
-959
-987
-987
201
-941
201
-987
-987
201
-959
-987
-987
-987
-987
-987
-987
-987
-987
-987
-987
-987
-987
-987
-987
-987
-987
-959
-987
-987
-987
-931
-959
201
-987
201
-987
201
201
201
201
201
-847
-931
201
201
201
201
201
-959
201
-959
201
-987
-875
-959
-959
-903
-959
-959
-959
201
-987
201
201
201
201
-914
201
201
201
201
201
201
201
201
201
201
201
201
201
201
201
201
201
201
201
201
201
201
201
201
201
201
201
201
201
201
201
201
201
201
201
201
-911
-967
-981
-981
-911
-974
-980
-959
-930
-930
-977
201
201
201
201
201
201
201
201
201
201
201
201
