agent: texplore
env: fuelworld
Environment is episodic.
set statesPerDim to 0 for all dim
feature 0 has range 20
feature 1 has range 30
feature 2 has range 61
reward range: 400
Parallel ETUCT tracking real state values
Planner using history size: 0
Start model learning thread
start parallel uct planning search thread
Created MultClass 0 with nModels: 5
Created C4.5 decision tree 0 with == and > splits
Created C4.5 decision tree 6 with == and > splits
Created C4.5 decision tree 12 with == and > splits
Created C4.5 decision tree 18 with == and > splits
Created C4.5 decision tree 24 with == and > splits
Created MultClass 3 with nModels: 5
Created C4.5 decision tree 3 with == and > splits
Created C4.5 decision tree 9 with == and > splits
Created C4.5 decision tree 15 with == and > splits
Created C4.5 decision tree 21 with == and > splits
Created C4.5 decision tree 27 with == and > splits
Created MultClass 4 with nModels: 5
Created C4.5 decision tree 4 with == and > splits
Created C4.5 decision tree 10 with == and > splits
Created C4.5 decision tree 16 with == and > splits
Created C4.5 decision tree 22 with == and > splits
Created C4.5 decision tree 28 with == and > splits
Created MultClass 1 with nModels: 5
Created C4.5 decision tree 1 with == and > splits
Created C4.5 decision tree 7 with == and > splits
Created C4.5 decision tree 13 with == and > splits
Created C4.5 decision tree 19 with == and > splits
Created C4.5 decision tree 25 with == and > splits
Created MultClass 2 with nModels: 5
Created C4.5 decision tree 2 with == and > splits
Created C4.5 decision tree 8 with == and > splits
Created C4.5 decision tree 14 with == and > splits
Created C4.5 decision tree 20 with == and > splits
Created C4.5 decision tree 26 with == and > splits
-417.4
-418.6
-419
-418.6
-417.8
-418
-698.8
-559.8
-420.2
-466.8
-422.4
-464
-464.8
-417.6
-416.4
-507.2
-416.8
-421.8
-420.8
-416
-418.8
-511
-460.4
-465
-422.4
-421
-461.2
-421.2
-419.2
-989.001
-513.2
-726.8
-416
-462.2
-419.8
-640
-504.8
-771
-461.4
-508.2
-500.6
-465.6
-260.4
-545.8
-1235.4
-407.2
-203.6
-554
-322.8
-146
-96.2
-94
-81.4
-97.4
-63.8
-181.6
-94.2
-544.6
-49.8
-93.8
-89
-107.2
-49.8
-90
-460.2
-53.4
-465.4
-92.8
-61.2
-93.6
-55.4
-54.6
-137.6
-96
-88.6
-417.6
-127.2
-55.8
-47.4
-98.4
-92.4
-49.6
-83.4
-96
-87.2
-54.8
-52.2
-101.6
-98.2
-54.6
-47.2
-87.4
-94
-82.6
-59.8
-85.6
-60.2
-51.6
-56.4
-55.8
-50.4
-47.2
-48.2
-45.6
-48
-53.4
-53.4
-62.2
-88.6
-55.8
-52.8
-49.2
-56
-49
-57.6
-60.2
-52.4
-51.2
-73.2
-52.4
-56
-61.6
-69.2
-50
-86.8
-50.4
-53
-48
-46.6
-50.4
-47.6
-49.8
-55.4
-75.8
-67.6
-76.6
-68.4
-49.8
-56.4
-50.2
-51
-57.4
-54.6
-57.8
-53.8
-51.8
-51.6
-50.8
-51.4
-54.6
-58.8
-58.4
-55.8
-48.2
-55.2
-49.4
-54.4
-53.4
-60.8
-53
-52.4
-49
-53.4
-52.6
-82.4
-47
-54.4
-64
-47
-56.2
-50.2
-48.4
-48.8
-52.2
-48
-73.4
-49.6
-54.8
-48
-71.6
-51.4
-55.8
-54
-69.6
-49.8
-50.6
-47.4
-45.8
-55.4
-82.2
-50.8
-76.2
-49.4
-88
-51.4
-83.4
-48.4
-59.2
-52
-50.2
-48.8
-50
-48
-46.4
-78.2
-78.8
-53.4
-50.8
-76.6
-52.2
-58.6
-76.8
-48
-96.4
-56.4
-51.8
-56.8
-50
-45.6
-51.2
-68
-51.4
-51.2
-49.4
-47.4
-420.2
-56.4
-422
-418.6
-421.6
-53.6
-50.4
-418.2
-61.2
-418.2
-52.8
-96.4
-60.4
-52
-53.2
-51.8
-52
-95.4
-415.8
-51.4
-50.8
-414.4
-49
-49.4
-420.8
-47.6
-48.4
-50.6
-55.4
-86.8
-50.2
-56.6
-49.8
-60.6
-50
-49
-51.2
-51.8
-47.4
-55.4
-51.6
-56
-50.8
-53.6
-54.4
-74.8
-49.4
-48.4
-45.8
-50.8
-46.2
-53.6
-48
-56.8
-55.2
-57.8
-51.2
-51.6
-55
-50.2
-55.2
-57
-51.4
-75.8
-46.2
-50.8
-54
-52.6
-51
-46.8
-47.4
-60.2
-49.6
-51.6
-48.6
-55
-47.8
-48.4
-50.4
-56.2
-53.4
-47.6
-47.4
-53
-55.8
-50.6
-55.6
-56.4
-52
-53.8
-52.4
-49.4
-50.2
-53
-80.2
-46.6
-49.6
-58.2
-51.6
-51
-50.8
-49.4
-50
-50.2
-52
-56.2
-78
-48.2
-58.4
-62.6
-51
-56
-52
-46.8
-50.2
-47.2
-80.6
-55.4
-53.6
-51.2
-55.2
-74.6
-46
-53.8
-54.2
-53.2
-51.2
-48
-52.4
-49.6
-51.4
-58.2
-55.2
-52.2
-55.8
-48.4
-53.6
-52.4
-53.8
-47.4
-50
-49
-56.6
-52.6
-47.6
-49.4
-50.8
-68
-50.4
-51.8
-52.4
-49.8
-60.6
-48.2
-55.2
-55.4
-53.2
-69.8
-66.4
-50
-54.6
-54.4
-49.4
-49.4
-50.6
-50.4
-50
-51.4
-57.4
-47
-64.6
-52.8
-50
-51.8
-49
-55.2
-55
-57.6
-50.4
-55.8
-45.4
-50.6
-53
-50.2
-52.6
-54.4
-52
-55
-48
-52.6
-47
-55.2
-68.6
-50.6
-54.6
-58
-51
-53.8
-58.4
-49
-58
-55.4
-52.4
-69.8
-58
-53
-53
-76.6
-49.4
-68.4
-53.6
-75.2
-47.2
-51.4
-55.4
-49.8
-51.2
-57.2
-47
-50
-54.4
-53.4
-51.4
-48.6
-47.8
-54.4
-49.8
-51
-47.2
-51
-51.4
-48.2
-56.2
-48
-48
-49
-46.8
-47.6
-51.4
-52.4
-55.2
-48
-51
-57.4
-56.4
-54.6
-59.2
-78.2
-54.4
-47
-52.8
-49.4
-52.8
-48.2
-47.2
-47.4
-48.2
-48.2
-51.4
-50.4
-55.8
-49.4
-53.2
-65.4
-55.6
-50.4
-58.8
-54.8
-56.2
-48
-79.2
-55.8
-56
-52
-53.6
-55.8
-46.6
-58
-52.8
-46.6
-49.6
-51.6
-50.4
-52.4
-49
-55.2
-57.4
-74.4
-53.8
-53.6
-49.6
-53.4
-90.6
-48.8
-58.4
-55.8
-55.2
-52.4
-50.2
-47.4
-51.8
-54
-54.8
-51.4
-49.4
-53.4
-51.4
-53.8
-51.6
-50.6
-55
-52.4
-73.8
-51.8
-51
-52.8
-52.2
-48
-52.8
-50
-50.8
-51.6
-77
-52
-51
-55.4
-47.4
-57
-50.8
-50.4
-54.2
-52.6
-82.2
-47.4
-47.2
-52.4
-50
-50.6
-48
-52.2
-57.6
-52.2
-50
-46.6
-56.8
-55
-56.4
-52.8
-49.2
-50
-58.2
-49.8
-62
-57.6
-52.2
-55
-50
-50.6
-47.4
-54.4
-51.2
-66.6
-51.6
-54.6
-52
-61
-49.8
-53.6
-47.6
-56.2
-61.6
-50.2
-51.4
-57.8
-57.2
-72
-45.2
-51.2
-50.4
-54.2
-54.6
-50.4
-49.4
-60
-51.6
-47
-55.6
-53.6
-50
-52.6
-58.2
-47.8
-59.4
-48.6
-49.6
-51
-53.8
-60.8
-49
-53
-59.4
-48.4
-59.2
-52.8
-54.2
-55.6
-67.2
-70.2
-53.2
-52.6
-51.6
-48.6
-55
-49
-46.2
-47.6
-51.8
-56.8
-49.8
-57.6
-54.6
-53.6
-52.4
-45
-55.6
-52
-54.4
-52
-51
-46.6
-50
-48.2
-77.8
-83.2
-51.6
-56
-46.8
-47
-52
-50.2
-49.4
-54.8
-57.4
-50
-58.8
-52.6
-47.8
-48
-45.6
-48.4
-52.2
-52
-47.6
-55
-93.8
-49
-51.2
-68.4
-53.4
-51.2
-48.2
-46.2
-56.2
-49.8
-54.4
-46.2
-54.4
-75.2
-64.2
-56.2
-56
-55.4
-47.2
-46.4
-53.2
-57
-51.6
-56.6
-58
-49
-50
-47
-49.4
-51.8
-53
-55.2
-49.4
-54.8
-51.6
-51.2
-54.2
-51.6
-56
-48.4
-55.4
-53.2
-54.6
-48.2
-52
-51.4
-49.8
-57.2
-49.6
-50
-54.4
-51.6
-48
-58
-50.2
-51.2
-50.2
-48
-57.6
-53.2
-51
-51.4
-52.8
-54.4
-50
-53.4
-51
-53.4
-52.4
-50.8
-52.8
-49
-54.2
-51.4
-79
-47.8
-57
-52.2
-54.2
-53.8
-51.8
-58
-47.4
-54.4
-58.6
-53.6
-46.6
-49.4
-49.8
-50.6
-50.4
-51.8
-54.2
-50.2
-52.8
-53
-80.8
-75.4
-52.4
-53.2
-53
-57.4
-49.8
-50.4
-45
-60.8
-48.2
-54.4
-48.8
-52.4
-50
-56.6
-59.8
-48.6
-55
-50.6
-49.2
-60
-50.6
-53
-45.4
-57.6
-61
-51.6
-56.4
-55.6
-55.4
-53.4
-53
-55
-52.4
-48.8
-50.2
-58.2
-52.2
-47.2
-58.6
-56
-54.8
-54
-73
-44.6
-52.6
-55.4
-52.4
-53.4
-51.2
-54.2
-57.6
-49.2
-48.8
-52.4
-53.6
-46
-55.4
-57.4
-57.2
-53
-57
-49.8
-48.8
-58.4
-78.6
-57
-50.6
-55.4
-50.2
-51.2
-72.2
-47.4
-59.8
-51.6
-56.8
-79.8
-55.2
-49
-49
-48.4
-53.6
-50
-52
-51.4
-55
-54
-54.6
-57
-56
-55
-49.4
-57.8
-55.8
-53
-53.2
-50.4
-53.6
-52
-50.2
-47.6
-51.2
-50
-55.4
-52.8
-48
-51.2
-53.8
-71
-55.8
-94.8
-48.6
-44.6
-51.8
-49.6
-51.4
-56.4
-48.4
-47.4
-48.6
-55.6
-53.2
-49.4
-54.2
-52.6
-53.6
-47
-54.8
-48.6
-51.8
-53
-53.4
-52.2
-88.8
-48.4
-49.8
-53
-52
-50.4
-50.8
-49.8
-46.6
-52
-55.2
-56.2
-54.8
-48.6
-52.6
-53.8
-59.4
-54.4
-50.4
-50.2
-47
-52.8
-48.6
-51.6
-53.2
-57.8
-93.8
-54.6
-51
-53
-49.2
-47.6
-51.4
-55.2
-55.4
-54.8
-57
-58.2
-56.4
-54.6
-48.6
-50
-52
-49.8
-60.2
-53.4
-46.8
-53.4
-55
-49.4
-75
-51
-48.4
-60.2
-49.4
-58
-53.6
-48.6
-56
-50.8
-58.2
-50.4
-50.2
-54.6
-421.2
-49
-46.4
-48.6
-53
-49.6
-51.8
-53.4
-55
-62.8
-57.4
-52.4
-52.6
-50.8
-50
-51
-48.8
-56.4
-47.6
-53.2
-57
-59.8
-58.4
-52
-81.4
-50.2
-51.8
