agent: texplore
env: fuelworld
Environment is episodic.
set statesPerDim to 0 for all dim
feature 0 has range 20
feature 1 has range 30
feature 2 has range 61
reward range: 400
Parallel ETUCT tracking real state values
Planner using history size: 0
Start model learning thread
Created MultClass 0 with nModels: 5
start parallel uct planning search thread
Created C4.5 decision tree 0 with == and > splits
Created C4.5 decision tree 6 with == and > splits
Created C4.5 decision tree 12 with == and > splits
Created C4.5 decision tree 18 with == and > splits
Created C4.5 decision tree 24 with == and > splits
Created MultClass 3 with nModels: 5
Created C4.5 decision tree 3 with == and > splits
Created C4.5 decision tree 9 with == and > splits
Created C4.5 decision tree 15 with == and > splits
Created C4.5 decision tree 21 with == and > splits
Created C4.5 decision tree 27 with == and > splits
Created MultClass 4 with nModels: 5
Created C4.5 decision tree 4 with == and > splits
Created C4.5 decision tree 10 with == and > splits
Created C4.5 decision tree 16 with == and > splits
Created C4.5 decision tree 22 with == and > splits
Created C4.5 decision tree 28 with == and > splits
Created MultClass 1 with nModels: 5
Created C4.5 decision tree 1 with == and > splits
Created C4.5 decision tree 7 with == and > splits
Created C4.5 decision tree 13 with == and > splits
Created C4.5 decision tree 19 with == and > splits
Created C4.5 decision tree 25 with == and > splits
Created MultClass 2 with nModels: 5
Created C4.5 decision tree 2 with == and > splits
Created C4.5 decision tree 8 with == and > splits
Created C4.5 decision tree 14 with == and > splits
Created C4.5 decision tree 20 with == and > splits
Created C4.5 decision tree 26 with == and > splits
-417.4
-419
-418.2
-418.2
-417.4
-417.2
-420.2
-420
-420.2
-417
-418.2
-1005.6
-366.8
-606.4
-502.2
-504.8
-513.8
-559
-422.8
-421
-422.4
-422.4
-421.4
-420
-420.6
-417.8
-421.6
-416.8
-422.8
-421.4
-419.6
-418.6
-421
-416
-468
-423.2
-420.2
-418.6
-419.6
-419.2
-419
-420.2
-670.4
-250.2
-416.4
-632
-916.801
-277
-597.4
-65
-131.2
-88.4
-97
-548.6
-100.8
-415.6
-420.4
-419.2
-418.6
-419.4
-418
-416.8
-419
-417
-419.6
-418
-416.6
-415.6
-419
-420
-548.4
-416.6
-416.6
-415.8
-85.6
-418
-417.8
-94.8
-236.8
-54
-96.8
-88
-86
-104.4
-171.6
-93.4
-96.8
-94.6
-53.2
-85.6
-54.4
-91.2
-174
-91.8
-100.2
-57.8
-61.6
-149.8
-103.2
-60.2
-58.4
-101.6
-58.6
-104.2
-85.8
-61
-95.2
-49.8
-52.4
-56.4
-105.8
-92.2
-87.8
-62
-51.4
-57.6
-88.4
-53.6
-57
-57.4
-57.6
-59
-56.2
-52.8
-60.6
-60.2
-62.6
-55.8
-49.2
-61.8
-51.4
-88.8
-62.6
-52.2
-59.2
-85
-59
-51.8
-90.2
-57.8
-62.2
-92
-55.2
-58.2
-53
-63.8
-58.6
-51.8
-145.4
-53
-57.6
-59
-55.2
-54.4
-87.2
-50.8
-60.2
-50.8
-79.4
-53.2
-508
-55
-56.2
-52.6
-56.6
-155.4
-55.6
-99.4
-59
-52.6
-49
-57.8
-61
-58.4
-51.6
-60.2
-58.6
-51.4
-50
-55.6
-55.8
-58
-56.6
-79.4
-56.8
-54.4
-55
-51.4
-52.6
-51.8
-61.4
-60.8
-55.4
-84.8
-58.4
-56.6
-65.2
-96.6
-53.4
-53
-53
-52
-59.2
-62.8
-94.4
-50
-60.4
-93
-44.4
-55.8
-57
-49.4
-131.2
-54.4
-51.8
-61.4
-59.6
-57.8
-57
-62.6
-53.2
-57.4
-52
-50.4
-53.2
-56.6
-52.4
-57.2
-86.2
-53
-48.8
-52.8
-51
-58
-56.2
-56.8
-52.4
-55.4
-55.4
-52.8
-56.4
-54.6
-51.4
-50.6
-64.8
-54.8
-59.4
-51.6
-53.6
-56.4
-54.6
-56.4
-52.8
-52
-54.6
-53.4
-56.4
-51
-52.4
-55.8
-51.4
-63.8
-49
-50.6
-47.6
-51
-60
-54.8
-53.2
-58
-52.4
-56.6
-52
-52.6
-51.6
-54.8
-55.4
-64
-57.6
-54.8
-53.2
-49.2
-60.6
-56.8
-51.4
-466.6
-54.4
-54.6
-58.6
-52.8
-48.6
-62.6
-466.6
-55.2
-58.4
-58.2
-47.8
-62
-49.6
-54.4
-76.4
-63
-60.8
-84.4
-59.8
-49.8
-66.8
-52.4
-51.6
-51
-50.2
-61.8
-59.4
-51.8
-54.8
-64.2
-58.6
-51.6
-82.4
-53.4
-57
-55.2
-54.4
-47.8
-55.2
-57.4
-53.6
-53.4
-47.4
-52.4
-53.2
-52.8
-53.2
-55.2
-52.8
-57
-56.4
-56.6
-63
-52.2
-53.8
-50.8
-54.2
-53.8
-75
-51.2
-52.2
-54.2
-50.6
-56.2
-47.8
-55.4
-51.2
-49
-56.2
-65.8
-51.2
-56.8
-47.6
-51.4
-58.6
-52.4
-50
-53.8
-56
-56.4
-59.6
-56.8
-50.6
-47.6
-51.6
-55.8
-56.6
-84
-56
-49.4
-52
-48.4
-57.6
-55.8
-51.8
-56.8
-50
-57.8
-54
-60.2
-51.6
-59
-49.4
-57.4
-58.2
-74.6
-51.8
-53.6
-61.6
-48.2
-54.6
-80.8
-50.6
-83.2
-53.4
-53.6
-51.6
-55
-57.6
-80.2
-52.4
-57.8
-56.2
-73
-51
-55
-56.6
-50.4
-84.4
-52
-52.6
-56.6
-48
-56.6
-47.8
-59.4
-51.2
-51.8
-57
-58
-55.4
-49.6
-52.8
-55
-58.6
-52.6
-49
-51
-52.6
-48
-55.8
-52.8
-53
-55.8
-55.4
-75.4
-53.6
-48.4
-54.8
-55.2
-57.4
-55.4
-57
-64
-52.6
-54
-56.6
-49.6
-54.8
-55.8
-53.4
-52.6
-58
-55
-54
-55.8
-53.4
-47.6
-56.6
-52.4
-60.6
-53.4
-54.4
-98.4
-54.2
-58
-55
-57.8
-59.2
-58
-57.6
-55.4
-54.6
-58.6
-53
-58
-54.6
-52.6
-52.8
-59
-54
-56.4
-57.4
-52.8
-51.2
-55.6
-53.8
-77
-53.2
-56.8
-50.2
-60
-50.4
-52.6
-55
-50.2
-54.4
-54.2
-49.6
-58.2
-59
-61.6
-49.2
-55.2
-59.6
-59.6
-48
-56.4
-51
-52.8
-53
-54
-55.2
-58.6
-50.8
-51.4
-52.6
-48.6
-53
-52.2
-58.4
-52.8
-53
-59.8
-51
-54.8
-53.6
-52.4
-50.4
-53
-58.2
-50
-51
-55.2
-53.4
-52.6
-50
-50.2
-55.2
-56.6
-54
-50.6
-54.6
-50.6
-54.6
-54.8
-50.4
-54.2
-50.6
-53.4
-56.2
-53
-56.2
-51.4
-52
-54.8
-54.2
-54.6
-54.2
-50.4
-55.4
-50.2
-56.2
-53.4
-51.6
-53.2
-61
-56.6
-53
-58.2
-55.2
-52.2
-51
-48.6
-54.8
-55.2
-53.8
-58.6
-47.6
-55
-47.2
-51.6
-54.8
-55.6
-75.6
-53.2
-46.8
-52.4
-54.8
-56.4
-53.6
-55.2
-54
-57.8
-51.2
-54
-51
-54
-53.2
-53.8
-53.6
-48.4
-55
-54.4
-48.6
-54.4
-51.8
-51.6
-52
-50.6
-51.8
-53.4
-53.6
-51.4
-52.4
-54.4
-54
-58.2
-54.4
-70.4
-52.6
-58.2
-52.6
-52.4
-52.2
-53.2
-52.8
-56.2
-55
-53.2
-60.6
-57.4
-52.4
-51.4
-50
-55.4
-53.2
-49.6
-53.4
-54
-54.8
-50.2
-56
-52.2
-54.2
-49.8
-53.8
-49.6
-52.4
-52.4
-52.6
-54.2
-53.6
-55.6
-54
-48.2
-54.4
-56.2
-51.2
-49.6
-54.8
-54.6
-52.8
-57.4
-55.2
-50
-53.2
-52.6
-54.8
-53.4
-47.2
-53.8
-81.6
-59.6
-54.2
-55.2
-49.6
-53.6
-53
-50
-54.2
-53
-48
-49
-54.4
-53.6
-54.8
-57.6
-53
-83.4
-128.4
-53.6
-54
-47.6
-75.6
-53.8
-54.2
-50
-55.8
-57
-50.4
-49.4
-55.4
-78.6
-54.2
-48.2
-55.2
-52.4
-52.8
-54.2
-55.4
-56.4
-79.4
-73
-73.4
-48.4
-53.6
-49.2
-56
-47.6
-57
-56.6
-57.2
-57.8
-51.6
-57.4
-52.2
-57.8
-56.2
-49.6
-70.2
-54.2
-53
-55.8
-54
-53.2
-56
-51.4
-73
-52
-55.4
-52.2
-48.4
-49.2
-52.8
-58.4
-52.6
-50.8
-57
-73.8
-46.8
-74.8
-55.6
-53.2
-48.4
-51
-50.6
-52.8
-53
-56.2
-48.6
-47.6
-51.8
-53.2
-52.8
-48.8
-53.4
-55.2
-55.6
-59.2
-52.8
-54.4
-55.4
-59.4
-57.8
-60.4
-53.6
-56.4
-54.8
-49.8
-80
-82
-60
-55.4
-52
-68.4
-52
-56.6
-53.8
-56.2
-52
-59
-55.4
-55
-51.4
-55
-58
-64.4
-54.6
-59.2
-56.8
-68.2
-75.4
-47.6
-51
-48.4
-57
-48.4
-56.8
-51
-55.2
-50.2
-49.8
-48.8
-58.8
-80.2
-50.6
-52.4
-54.6
-59.6
-54.8
-56
-56.8
-61.2
-54.6
-52.4
-58.2
-53.8
-51.8
-50.8
-53
-87.2
-46.8
-51.2
-55
-49.8
-58.4
-51.6
-55.8
-54
-55.6
-49.8
-48.2
-47.4
-49.4
-52
-50.6
-56.8
-53.8
-51.6
-50.4
-50.2
-49.6
-52.4
-51.4
-53.8
-48.6
-54.4
-81.6
-57.8
-57.6
-51.4
-55.4
-52.6
-55.2
-54.6
-56.6
-75.4
-55.8
-54
-52.2
-46.4
-54.8
-53.8
-54.2
-53.8
-51.8
-54.6
-54.2
-48.4
-49.6
-57.4
-48.6
-53.8
-54
-54.8
-52.4
-54.6
-53.8
-85.6
-49.2
-55
-51.4
-52.2
-70
-55.2
-57.4
-49
-79.6
-53
-51.8
-55.4
-55.6
-49.6
-57.2
-58.8
-68.4
-52.4
-49.2
-51.8
-49.6
-59.6
-49.4
-63.6
-54.6
-54.8
-54
-52.2
-81.4
-55
-53.4
-76.4
-56.8
-52.2
-49.6
-57.8
-51.6
-54.2
-54.4
-52.2
-54.2
-77
-48
-50.6
-55.2
-61.4
-50.6
-56.8
-49.2
-53.2
-50.8
-51.8
-52.4
-56
-55.8
-54.8
-53.4
-54
-56.4
-55.8
-53.2
-53.4
-53
-55.6
-53.4
-47.8
-49.6
-52
-51.6
-52.4
-48.2
-52.6
-53.2
-90.2
-53.2
-55.8
-53.8
-52.6
-52
-51.4
-53
-57.2
-53.2
-54.2
-52.2
-55.8
-51.4
-53.4
-50
-49
-58.2
-53.6
-48.8
-57.6
-50.6
-47.4
-49.4
-61
-56.2
-70
-50
-54
-50.4
-49.6
