agent: texplore
env: fuelworld
Environment is episodic.
set statesPerDim to 0 for all dim
feature 0 has range 20
feature 1 has range 30
feature 2 has range 61
reward range: 400
Parallel ETUCT tracking real state values
Planner using history size: 0
Start model learning thread
start parallel uct planning search thread
Created MultClass 0 with nModels: 5
Created C4.5 decision tree 0 with == and > splits
Created C4.5 decision tree 6 with == and > splits
Created C4.5 decision tree 12 with == and > splits
Created C4.5 decision tree 18 with == and > splits
Created C4.5 decision tree 24 with == and > splits
Created MultClass 3 with nModels: 5
Created C4.5 decision tree 3 with == and > splits
Created C4.5 decision tree 9 with == and > splits
Created C4.5 decision tree 15 with == and > splits
Created C4.5 decision tree 21 with == and > splits
Created C4.5 decision tree 27 with == and > splits
Created MultClass 4 with nModels: 5
Created C4.5 decision tree 4 with == and > splits
Created C4.5 decision tree 10 with == and > splits
Created C4.5 decision tree 16 with == and > splits
Created C4.5 decision tree 22 with == and > splits
Created C4.5 decision tree 28 with == and > splits
Created MultClass 1 with nModels: 5
Created C4.5 decision tree 1 with == and > splits
Created C4.5 decision tree 7 with == and > splits
Created C4.5 decision tree 13 with == and > splits
Created C4.5 decision tree 19 with == and > splits
Created C4.5 decision tree 25 with == and > splits
Created MultClass 2 with nModels: 5
Created C4.5 decision tree 2 with == and > splits
Created C4.5 decision tree 8 with == and > splits
Created C4.5 decision tree 14 with == and > splits
Created C4.5 decision tree 20 with == and > splits
Created C4.5 decision tree 26 with == and > splits
-418.6
-417.4
-418.6
-418.6
-418.2
-416.4
-419.8
-640.8
-551.6
-421.6
-419.4
-417.2
-420.2
-417.2
-418
-417.8
-417.2
-627.4
-421.2
-418.8
-420.6
-417.6
-555.8
-418.2
-460.8
-420.4
-557
-153.8
-421.2
-421.6
-418.2
-506.8
-515.8
-417.8
-418.4
-421.4
-422.4
-418.4
-418.2
-420.6
-420.6
-418.2
-534.6
-683
-344.8
-383
-175.2
-302.4
-194
-127.6
-100.6
-92
-127.4
-141.4
-97.2
-86.2
-509.4
-94.8
-464
-100.8
-99.6
-193.8
-94.8
-143.6
-91.4
-104.6
-82.4
-83
-226
-146
-57
-197.2
-58.2
-94.2
-60.8
-140
-77.4
-62.4
-148.8
-64.6
-85.6
-85.6
-100.4
-50.4
-49.6
-90.4
-57
-54.2
-51.8
-55.2
-135
-60.4
-131.4
-53.2
-51.8
-85.2
-101.2
-88.2
-49.2
-88
-56.6
-53.8
-59.8
-56.8
-61.8
-48.2
-418
-77.2
-124.8
-59.6
-61.2
-51
-59.2
-88.2
-60
-56.4
-51.6
-419.6
-130
-80.4
-52.6
-80.2
-105
-61.4
-146.8
-69.6
-58.2
-51.6
-59.4
-103.6
-54.8
-53.8
-49.4
-47.6
-61.2
-96.6
-57.6
-59.2
-51.2
-47.6
-58.4
-50.6
-53.4
-47
-93.8
-50.6
-105
-50
-54.8
-51
-53
-51.2
-53.4
-52.6
-52.4
-99.4
-55.4
-52
-53.4
-49
-58
-78.8
-54.8
-48.2
-50.2
-53.4
-58
-51
-59.4
-52.4
-56.6
-52.4
-50.6
-69.6
-92
-50.6
-51.6
-54.4
-52.2
-46
-51.6
-52.2
-53.6
-55.8
-48.2
-95.4
-55.6
-56.6
-56
-52.8
-52.6
-57.2
-53.6
-57
-57.4
-52
-47.8
-55.2
-56.4
-53.4
-49.6
-54.6
-53
-47.6
-56.6
-51.2
-57.6
-56.4
-52.8
-50.8
-56.8
-54.2
-60.2
-48.4
-73.4
-96.2
-67.4
-51.4
-54.2
-54.2
-57.8
-50.4
-57.4
-51.6
-54.2
-49.2
-54.2
-53.4
-52.8
-50
-69.4
-49.6
-47.4
-51.2
-57.8
-50.2
-56.2
-64.8
-58.6
-99.8
-49.6
-49.6
-59.4
-58.4
-56.4
-52.8
-59.2
-52.8
-54.8
-50
-50.6
-52.4
-45
-50.4
-58.4
-76.8
-49.6
-47
-56
-55.6
-49.6
-59.8
-60.2
-54
-51.8
-58
-53.6
-49.2
-54
-56.6
-51
-52.4
-50
-57.4
-47
-53.4
-57.8
-53.4
-47.8
-56.2
-48.4
-50
-49.6
-51
-51
-54.6
-50.6
-50.6
-51.6
-50.4
-55.6
-51.2
-56.2
-49
-52.6
-52.6
-52
-55.8
-70.6
-52.4
-50.6
-95.4
-60
-55
-51.6
-50
-51.4
-59.4
-66.4
-59.8
-68.4
-47
-56.2
-48.4
-56
-57.8
-82.4
-49.2
-50.4
-59.6
-56
-51.4
-54.6
-58.8
-56.2
-51.8
-52
-60
-53.2
-49.6
-51.6
-59
-59
-57
-46.4
-57.4
-54.4
-61.4
-61.8
-51
-55.4
-49.6
-56.6
-50.8
-57.6
-49.4
-52.6
-48.2
-49.2
-50.6
-60
-60
-57.2
-53.2
-92.6
-49.2
-50.6
-50.6
-52.4
-56.2
-47.6
-49.2
-58
-50
-50
-54.6
-54.2
-51.4
-55.2
-51.4
-50.8
-63
-53.4
-60.4
-54.4
-60.8
-53.4
-54.4
-51.4
-48.2
-56.4
-55
-46.2
-50.8
-51.2
-94.6
-51.6
-54.6
-47.2
-57.4
-54
-60.6
-55
-53.4
-76
-82.4
-57
-48.8
-53.2
-68.4
-53
-62.4
-51.2
-48
-53.6
-419.2
-56.4
-51.2
-47.6
-70
-53.8
-69.2
-53.6
-49.8
-53.6
-71.2
-54.2
-52.6
-51
-53.6
-81.6
-57
-57.2
-52.6
-52.4
-53
-50.4
-53.4
-52
-50.6
-48.8
-48.8
-50
-46.6
-52.4
-49.2
-53
-48
-52
-49.8
-56
-69.6
-60.6
-53.2
-47.8
-50.8
-77.8
-92.4
-53
-54.6
-73.6
-59
-52.2
-52.6
-52.4
-50
-52.6
-51
-55.2
-52
-55.4
-50.4
-67.8
-49
-53.6
-51.6
-51
-55.6
-57.6
-55.2
-48.4
-77.8
-48.2
-52.6
-48.6
-59.4
-57.8
-59.6
-56
-52.8
-80.6
-52.4
-50.2
-51
-52.2
-53.6
-50.4
-48.4
-51.8
-57.6
-53.4
-50
-52.4
-46.4
-75.6
-46.8
-54.6
-49.8
-56.8
-52.2
-50.8
-55.4
-55.4
-56.2
-51
-60.8
-52.8
-50.4
-49.8
-56.6
-56
-49
-65.4
-57
-79.6
-74.2
-47.8
-54.6
-48.2
-56.8
-55.6
-48.2
-59.2
-47.4
-49.2
-48.6
-71.2
-58.4
-49.4
-57
-51.8
-52
-54.8
-56.8
-50
-53
-51.2
-55.6
-54.8
-53.6
-50.6
-57.8
-53.6
-86.4
-61.6
-52.6
-47.2
-53
-138.8
-51.4
-51.2
-55.4
-56
-49
-57
-54.2
-54
-51.2
-50.8
-55.8
-58.2
-48.6
-51.6
-49.8
-52.2
-50.4
-50.6
-48.8
-58.6
-49.4
-67.6
-48.8
-50
-50.4
-50.6
-52.2
-129.2
-46
-44.8
-92.4
-49.8
-102.8
-50.4
-51.6
-49.4
-73.4
-53.6
-49.6
-49
-48.4
-50.4
-461.6
-48.6
-51.2
-50.2
-55
-50.2
-81.6
-64.4
-58.2
-53.8
-422.4
-56
-49.2
-62.6
-52.8
-53.2
-57.6
-54.6
-85
-51.2
-83.8
-53.4
-54.4
-50.4
-48.6
-86
-52.4
-55.6
-59
-62.8
-48.2
-53.4
-49.8
-67.2
-54
-53.8
-51.8
-49.6
-54.8
-95.2
-83
-49.4
-54
-84.4
-50.4
-46.6
-49.4
-49.8
-51.2
-52.2
-51.4
-55.8
-55.2
-51.8
-58.8
-58.8
-53.4
-48.2
-48.8
-49.6
-51.6
-49.2
-57.2
-61.6
-54.6
-46.6
-54
-52.2
-50.4
-53
-50.2
-51.2
-54.6
-50.6
-50.6
-46.8
-58.2
-67.4
-49.4
-51.2
-56.8
-53.4
-48.8
-71.2
-55.6
-50.6
-54.2
-48.6
-59.2
-52
-48.8
-49.6
-77.4
-47.6
-47.8
-50.8
-459.2
-47.6
-59.6
-50.8
-53.8
-53.2
-50.4
-55.2
-62.2
-52.8
-53.4
-50.6
-50.2
-51.6
-53
-60.8
-53.4
-59.6
-52.8
-50.2
-50
-45.2
-56.4
-47.4
-51.8
-59.2
-52.8
-48.4
-48.4
-85.8
-47.4
-49.4
-50.2
-53
-57.4
-52.4
-50.2
-58
-80.4
-50.8
-47.8
-53.2
-96.2
-53.2
-52.4
-53.8
-58.8
-57.6
-51
-52
-56.2
-50.8
-50
-54.4
-51.4
-83.8
-52.2
-50.6
-49
-91.8
-59.8
-56.2
-45.6
-50
-54.2
-49.6
-53.8
-55.4
-51.8
-50.2
-51.2
-53.6
-55.6
-56.4
-51.4
-54
-52.2
-54
-47.2
-52.8
-53
-54.6
-52
-52
-54
-54
-59.6
-49
-50
-55.6
-52.8
-51.4
-69.6
-53.4
-54
-58.8
-64
-57.2
-49.6
-48.8
-60.6
-78
-49
-51.6
-59.6
-53.4
-52
-53.4
-54.6
-53.4
-53
-51
-49.6
-53.8
-49
-72.8
-57.2
-49.8
-52
-49.6
-51.6
-70.4
-52.8
-77.8
-51.4
-47.8
-59.6
-56.8
-52
-52.2
-49.2
-52
-53.8
-77.6
-47.2
-66.6
-57
-50.4
-53.6
-52.2
-52.8
-51.4
-56.2
-46.2
-55
-50.8
-50.6
-53.6
-72.2
-55.6
-51.8
-48
-49.6
-49.2
-49.6
-55.8
-54.8
-50
-56
-56
-69.6
-50
-50
-57.4
-52
-49.4
-54.2
-51
-56.4
-47.2
-56.2
-48
-57
-76.4
-50.2
-51.6
-51.4
-49.2
-57.6
-54.2
-52.4
-47.4
-51
-50.4
-48.2
-54.8
-57.4
-53.8
-49.4
-50
-53
-54.6
-51.6
-52
-59.4
-49.6
-55.6
-50.2
-57.2
-48.8
-57.8
-47.2
-48.4
-53
-55.2
-58.6
-64.6
-51.4
-50.8
-56
-55.4
-55.2
-54
-48.6
-53.2
-53.8
-50.6
-50.2
-55.4
-49.6
-53.2
-59.6
-50.2
-54.8
-53
-48.8
-49.8
-48
-52.8
-48.2
-47
-53.2
-52
-51.4
-50.8
-59.2
-64.4
-52
-48.2
-60.4
-51.4
-54.2
-52.8
-55.4
-52.2
-56.4
-49
-49.6
-56.8
-47.4
-51.6
-47.6
-47.4
-51.6
-46
-51.6
-52.4
-48
-59.8
-50
-54
-84.8
-56.4
-60.2
-45.6
-57.6
-48.6
-54.4
-59.2
-50.2
-57.6
-49
-56.8
-49.2
-52.6
-51.2
-56
-55
-103.2
-49.4
-51
-54.4
-50
-49.8
-52.4
-48.8
-54.8
-56.2
-51.4
-52.6
-48.8
-47.8
-63.4
-51.8
-53
-53.8
-50.2
-50
-56.8
-47.2
-91.8
-55
-49.6
-54.8
-58
-56.2
-52.8
-53.8
-49.4
-50.4
-49.2
-54
-80.4
