agent: texplore
env: fuelworld
Environment is episodic.
set statesPerDim to 0 for all dim
feature 0 has range 20
feature 1 has range 30
feature 2 has range 61
reward range: 400
Parallel ETUCT tracking real state values
Planner using history size: 0
Start model learning thread
start parallel uct planning search thread
Created MultClass 0 with nModels: 5
Created C4.5 decision tree 0 with == and > splits
Created C4.5 decision tree 6 with == and > splits
Created C4.5 decision tree 12 with == and > splits
Created C4.5 decision tree 18 with == and > splits
Created C4.5 decision tree 24 with == and > splits
Created MultClass 3 with nModels: 5
Created C4.5 decision tree 3 with == and > splits
Created C4.5 decision tree 9 with == and > splits
Created C4.5 decision tree 15 with == and > splits
Created C4.5 decision tree 21 with == and > splits
Created C4.5 decision tree 27 with == and > splits
Created MultClass 4 with nModels: 5
Created C4.5 decision tree 4 with == and > splits
Created C4.5 decision tree 10 with == and > splits
Created C4.5 decision tree 16 with == and > splits
Created C4.5 decision tree 22 with == and > splits
Created C4.5 decision tree 28 with == and > splits
Created MultClass 1 with nModels: 5
Created C4.5 decision tree 1 with == and > splits
Created C4.5 decision tree 7 with == and > splits
Created C4.5 decision tree 13 with == and > splits
Created C4.5 decision tree 19 with == and > splits
Created C4.5 decision tree 25 with == and > splits
Created MultClass 2 with nModels: 5
Created C4.5 decision tree 2 with == and > splits
Created C4.5 decision tree 8 with == and > splits
Created C4.5 decision tree 14 with == and > splits
Created C4.5 decision tree 20 with == and > splits
Created C4.5 decision tree 26 with == and > splits
-418.2
-418.2
-418.6
-419.4
-417
-416.8
-419
-418
-419.8
-1222.6
-421.6
-421
-509.8
-416.8
-419.2
-420.2
-420.4
-578
-463
-416.4
-151.6
-421.2
-419.6
-419.8
-548
-420.8
-418.6
-99
-420.2
-550
-420
-511.4
-424.4
-422
-640.2
-417
-463.4
-418.4
-584.8
-417.2
-417.6
-466.2
-421.6
-550.4
-421.2
-419.2
-419
-670
-509.8
-156
-671.401
-215.6
-503.2
-212.4
-96.6
-88.8
-132
-215.2
-96.6
-98.6
-56.2
-96.2
-107.4
-103.4
-91.8
-108
-55.8
-211.2
-126.2
-81.8
-94.4
-55
-59.6
-95.6
-101
-95
-85.6
-94
-82.4
-54.4
-47.6
-49
-57
-89
-54.6
-99
-55.8
-97.2
-59.4
-53.4
-79.8
-91.2
-80.6
-54.8
-89.4
-78.8
-98.6
-51.2
-53.6
-78.4
-84.6
-63.6
-54.2
-51.4
-53.4
-78.8
-57.8
-50.4
-54
-51.2
-53.8
-59
-54.8
-76.8
-89.8
-55.2
-57.8
-53
-50.2
-51.4
-83
-48.8
-51.2
-54.4
-52.6
-53.2
-50.8
-52
-76.6
-58.6
-50.6
-47.4
-53.4
-51.4
-54.8
-47
-54
-52.8
-51
-55
-52.4
-52.2
-55.4
-56.2
-47.4
-51.4
-52.4
-51.2
-71.6
-55.8
-51.4
-50.8
-51
-52.4
-50.4
-46.6
-51.4
-50.4
-50.6
-48
-55.2
-76.4
-122.8
-54.4
-50.6
-50.8
-54.4
-54
-54
-51.6
-58
-51.8
-59.4
-57.6
-53.8
-53.8
-48.2
-46.2
-48.4
-77.2
-77
-81.6
-49.4
-51.8
-55
-51
-50
-50.2
-48.4
-55.2
-48.6
-57.6
-53.8
-49.6
-51.6
-53.4
-51.2
-46.6
-58
-51.8
-53.2
-55.2
-50.2
-55.8
-51.6
-48
-54.2
-49.2
-51.8
-53.8
-56.8
-52.4
-74
-59
-52.8
-50.4
-50.6
-47.8
-51.4
-60.4
-46.6
-52
-49.6
-51.8
-93
-56
-52.2
-49.6
-57
-53.6
-50
-65
-50.8
-51.8
-51
-49.6
-54.6
-50.8
-52
-54.4
-48
-44.4
-54.8
-48.4
-67.6
-53.6
-51.2
-54.4
-52.4
-78.4
-47.4
-460.6
-67
-63.6
-49.2
-53
-49.2
-52.4
-50.6
-68.6
-54
-87
-51
-52
-52.6
-79.4
-57.6
-47
-49
-48.6
-52.2
-50.4
-46.6
-52.6
-52.4
-56.8
-53.4
-68.6
-54.4
-54.2
-50.4
-52.4
-60.8
-51
-53.4
-56
-47
-54
-53.2
-53.6
-54
-46.6
-53.6
-52.6
-56.2
-53.6
-49.8
-61.6
-50.4
-49.2
-52.4
-55
-48.4
-48.2
-47.6
-54.6
-51.4
-52.4
-53.8
-59
-56.2
-48.8
-48
-50
-52.2
-49.6
-51.2
-52.2
-56
-48.4
-53.6
-53
-52.4
-55.4
-52.6
-51.8
-55
-56.6
-54
-72
-52.4
-49.4
-49.4
-54.6
-52.2
-71.2
-53.8
-52
-56.2
-55.2
-53.2
-53.6
-54.6
-84.6
-50.6
-55.8
-52.6
-56.8
-50.4
-47.6
-52.6
-56
-56.4
-77.6
-51.2
-48
-77.4
-55
-47
-51.4
-53.4
-54
-53.2
-59.4
-80.8
-50.4
-60
-53.8
-461.2
-49.8
-55.2
-54
-73.4
-56.4
-56.6
-45.2
-52
-74.2
-56
-52
-51.4
-46.8
-51.6
-46.2
-53
-54.2
-50.4
-47.4
-54
-57
-49.6
-49
-51.8
-52
-55.4
-51.4
-53.4
-55.2
-52.4
-52.4
-52
-51
-59.4
-51.2
-49.6
-53.4
-76.4
-56
-51.8
-57.6
-52.6
-53
-52.4
-53.8
-48.4
-46
-55.6
-46
-51.2
-50.4
-50.4
-46.6
-54.2
-49.8
-62.4
-49.4
-51.4
-48
-102.2
-54.4
-74.2
-53.4
-52.6
-52.2
-70
-56.4
-50.2
-60
-61.6
-51.4
-74.8
-51
-49.6
-54.4
-51.2
-48
-53.8
-46.4
-51.2
-82.2
-52.6
-54.4
-52
-52
-59.8
-51.4
-55
-53.2
-53.6
-78
-51
-77.4
-49.6
-49.2
-58.6
-50.8
-55.8
-48.6
-50.2
-49.8
-54
-48.4
-55
-54.4
-48.6
-46
-50
-48.4
-68.8
-55
-54.2
-52.6
-49.8
-49.8
-51.2
-53.4
-55
-56.4
-56.4
-76.6
-50.6
-49.6
-53.8
-48.8
-56.6
-50.6
-46.2
-75
-47.6
-49.2
-50.2
-54.4
-58
-55.2
-52
-48.4
-51
-52.8
-55.6
-52.8
-67
-57.2
-49.8
-49.2
-50.2
-80.4
-52.2
-53.8
-57.4
-49
-53.8
-51
-46.8
-53.2
-50.4
-53.4
-53.2
-51.6
-52.8
-50
-57.8
-54
-48
-51
-54.6
-52.4
-51.8
-51.4
-52.2
-51.4
-50.4
-48.8
-51.4
-48.4
-85
-49.8
-48.2
-49.4
-51.6
-52
-48.6
-52
-54.2
-54.4
-47.6
-50
-76.6
-49.6
-56.4
-50.6
-48
-54
-53.6
-47.4
-49
-50.8
-48.4
-50.4
-50.2
-52.4
-50.6
-49.4
-48.6
-49
-48.8
-48.4
-55.6
-52.8
-52.2
-54.8
-51
-52
-53.4
-53.8
-53.4
-54.4
-48.6
-49
-47.6
-51.8
-47.6
-86.8
-56.4
-55
-51.2
-49.4
-51.4
-54.8
-54.8
-55.4
-51.8
-50
-52.2
-48.4
-55.4
-47.2
-57.8
-52
-49.6
-48.8
-51
-56.4
-51
-48.6
-53.4
-55.6
-52.8
-50.6
-55
-55.4
-55.2
-55.2
-50.6
-48.6
-58.6
-55.2
-102.6
-50.6
-49.6
-47.2
-53.8
-49.4
-48
-48.8
-56.4
-53.8
-57
-50.6
-51.6
-54.8
-52.6
-50
-52
-54.2
-53.2
-58
-48
-49.2
-54.4
-48.4
-74
-53.6
-48
-48.6
-46.8
-50.4
-54.4
-51.6
-52
-57.2
-50
-53.6
-465.2
-50.6
-69
-51.6
-51.6
-51.4
-46
-52.4
-54.8
-48.8
-49.2
-52.4
-50.6
-49.8
-54
-56.8
-54.8
-68.4
-52.4
-51.4
-51.8
-48.2
-54
-56.8
-51.6
-56.2
-49.4
-54.6
-54.4
-55.4
-54.8
-56
-51.4
-53.6
-145
-49.6
-53.8
-133.8
-53.2
-52
-48.8
-50.2
-57.4
-54.6
-51
-50.2
-48
-53.8
-69.8
-48
-53.4
-52.4
-51.4
-48.6
-47.6
-52.2
-49.8
-48.4
-53.2
-52.2
-50.8
-47.8
-55.2
-57.8
-52.4
-56.2
-50.4
-49.8
-49
-51.8
-52.2
-47.4
-57.4
-54.6
-78.2
-49
-49.4
-52.4
-50
-50.2
-52.4
-50.8
-57
-77
-51.4
-52
-49.8
-55.6
-48.6
-54.8
-84.4
-51
-52
-56.4
-52
-53.8
-54.2
-48.6
-56
-52.6
-47
-48.4
-69.4
-51.8
-50.6
-51.2
-53.6
-53.4
-54.6
-50.8
-48.4
-56.6
-48
-55.8
-111
-52
-48.4
-54.2
-47.2
-52
-54.4
-51
-49.8
-48
-54.8
-73.6
-56
-48.4
-49
-58.4
-48.8
-51.2
-53.2
-52.2
-55
-50.2
-52.4
-53.4
-48.4
-50
-50
-50.8
-53.6
-57.8
-52.6
-49.8
-51.2
-50.8
-55.2
-54.8
-77.4
-52.2
-48.8
-47.6
-80.4
-51.8
-50.8
-51.8
-52
-55.2
-55.8
-53
-53.4
-55
-54.2
-49
-49.6
-49.8
-55.4
-53
-49.6
-52.6
-76
-49
-50.6
-54.2
-45.6
-65.6
-54
-53.8
-56
-51
-53.6
-47.8
-50.6
-50.4
-78.6
-51.8
-53.4
-50.8
-51.4
-56.4
-51.6
-55.4
-48.2
-48.8
-48.8
-51
-77.4
-51.2
-48
-73
-50
-49.4
-54.2
-59.2
-50.8
-51.6
-53.8
-53.8
-48.8
-51.4
-53.6
-52
-67.8
-51
-54.2
-53.4
-47
-52.4
-52.6
-52.4
-49.4
-50.6
-53.2
-50.2
-52.8
-53.4
-52.8
-54.8
-49
-49.2
-54.8
-96.2
-52.6
-53.2
-48
-61.6
-55.8
-51.8
-58.2
-56.2
-54
-50.8
-57
-52.4
-49
-46.4
-54
-52.8
-76.6
-50
-57
-51.6
-50
-76
-52.4
-52.4
-75.2
-49.2
-55.6
-48
-50.4
-49.4
-51
-54
-55
-59.2
-51
-53.8
-57.6
-81
-77
-46.8
-56
-54
-53
-49.6
-53
-66
-54.6
-50.4
-51.4
-57.6
-48.2
-49
-49.6
-52.2
-51
-55
-50.8
-54.2
-48.2
-51.6
-49.6
-49.4
-57.2
-53.8
-55.2
-49.4
-60.2
-54
-53
-51.2
-52
-55
-57.4
-57.2
-51.6
-51.8
-52.2
-48.6
-56.6
-47
-67.4
-45.2
-66.6
-50.2
-48.4
-56
-49
-50.4
-99.4
-49
-50.6
-49.2
-55.6
-50
-53.2
-51.4
-84.8
-52.4
-51.2
-54.8
-51.8
-51
-50.2
-52.4
