agent: texplore
env: fuelworld
Environment is episodic.
set statesPerDim to 0 for all dim
feature 0 has range 20
feature 1 has range 30
feature 2 has range 61
reward range: 400
Parallel ETUCT tracking real state values
Planner using history size: 0
Start model learning thread
start parallel uct planning search thread
Created MultClass 0 with nModels: 5
Created C4.5 decision tree 0 with == and > splits
Created C4.5 decision tree 6 with == and > splits
Created C4.5 decision tree 12 with == and > splits
Created C4.5 decision tree 18 with == and > splits
Created C4.5 decision tree 24 with == and > splits
Created MultClass 3 with nModels: 5
Created C4.5 decision tree 3 with == and > splits
Created C4.5 decision tree 9 with == and > splits
Created C4.5 decision tree 15 with == and > splits
Created C4.5 decision tree 21 with == and > splits
Created C4.5 decision tree 27 with == and > splits
Created MultClass 4 with nModels: 5
Created C4.5 decision tree 4 with == and > splits
Created C4.5 decision tree 10 with == and > splits
Created C4.5 decision tree 16 with == and > splits
Created C4.5 decision tree 22 with == and > splits
Created C4.5 decision tree 28 with == and > splits
Created MultClass 1 with nModels: 5
Created C4.5 decision tree 1 with == and > splits
Created C4.5 decision tree 7 with == and > splits
Created C4.5 decision tree 13 with == and > splits
Created C4.5 decision tree 19 with == and > splits
Created C4.5 decision tree 25 with == and > splits
Created MultClass 2 with nModels: 5
Created C4.5 decision tree 2 with == and > splits
Created C4.5 decision tree 8 with == and > splits
Created C4.5 decision tree 14 with == and > splits
Created C4.5 decision tree 20 with == and > splits
Created C4.5 decision tree 26 with == and > splits
-418.2
-416.6
-419
-417.4
-417.4
-416.8
-419.4
-746.2
-419.6
-419.4
-422
-420.4
-417.8
-417.2
-419.4
-418
-417.2
-417.8
-501.6
-419.2
-419
-416.8
-506.2
-803.2
-706.8
-465
-585.6
-509.6
-500
-510.6
-154.4
-543
-143.6
-97.4
-300.8
-65.2
-224.6
-231.4
-592.8
-170
-142.2
-100.4
-106.8
-500.8
-60.2
-547.8
-417
-464
-420
-143.2
-420.2
-421.6
-416.4
-421.6
-417.8
-416.8
-418.6
-420.8
-418
-416.4
-419.2
-420.8
-419.2
-416.4
-418.8
-418.6
-417
-417
-421.2
-419.2
-419.8
-415.6
-416
-418.2
-416
-418.6
-420.8
-418
-417.4
-417
-419.6
-420
-418
-418.8
-422.4
-420.6
-418
-69.4
-87.6
-89.8
-171.6
-109.2
-461.2
-506.4
-53
-138.4
-85.4
-52.6
-85.6
-58.6
-90.4
-137.6
-60
-54.4
-56.8
-468.8
-132.2
-102.2
-55.4
-90.6
-66
-58.8
-52.2
-58
-95.4
-105.6
-59.6
-81.4
-98.4
-56.6
-54.2
-56.8
-57.6
-56.6
-55.4
-90.2
-59.4
-54.2
-94.6
-62.6
-49.4
-60.6
-88.6
-54.6
-51.6
-85
-89.6
-86.2
-55.8
-58.2
-52.4
-56.2
-53.8
-61.4
-54.4
-56.8
-83.4
-60
-48.6
-57.4
-49.6
-56.2
-102.4
-77.2
-92.2
-57.2
-72.8
-53
-464.4
-58
-58.2
-55
-57
-74
-50
-56
-58.6
-59.4
-55
-51.4
-57
-52.6
-51
-54.8
-468.6
-82.6
-52.8
-54.2
-52.2
-464.8
-52.6
-57.6
-55
-52.8
-49.8
-51
-51.8
-54.8
-55.8
-67
-54.4
-50
-54.8
-51.8
-50.4
-48.4
-58.6
-51.2
-62
-51
-76.4
-51.8
-50.6
-48
-79
-60.4
-56.2
-59.2
-54
-48.4
-49.4
-81.4
-53.6
-54.2
-51.6
-55
-59.4
-54.4
-53.4
-48.4
-51.2
-51.8
-56.2
-55.4
-49
-54.2
-93.4
-56
-85.6
-58.6
-57.2
-55.2
-52.6
-50.8
-48.6
-55.2
-55.4
-51.4
-50.2
-62.4
-54.6
-57.2
-57.2
-54.8
-52.4
-52.2
-54.8
-52.4
-51
-55.8
-55.4
-50.8
-61.4
-53
-56.8
-59.2
-53
-52.2
-57.6
-52.2
-53
-51.6
-51.6
-62
-58.8
-52.8
-54.6
-50
-56.8
-60.8
-82.4
-53.8
-53.4
-50.2
-50.6
-50.4
-52.2
-53
-54.4
-53.8
-54.8
-58.4
-58
-47
-55
-52.2
-55.2
-57.4
-47.6
-51
-54.8
-60.8
-55.8
-49
-49.8
-55.2
-57.4
-52.4
-53.4
-53.8
-98.4
-61.8
-58.8
-56
-55.8
-58.2
-54.2
-94.8
-56.6
-82.6
-57.8
-54.8
-56.4
-50.6
-55.4
-95.6
-47.6
-53.6
-49
-51.8
-76
-48.2
-49.2
-55.2
-97.6
-53.8
-59.2
-51.8
-60.8
-53.4
-51.6
-53.2
-54.6
-56.8
-54.4
-53.4
-52
-51.4
-49.8
-52.4
-52.8
-60.2
-54.2
-52.8
-59.4
-52.8
-48
-50
-51.6
-56.6
-53.6
-53.4
-58.8
-48.8
-56.8
-57.2
-59
-58.4
-58
-52.6
-58.2
-52.4
-52.6
-56.2
-54.4
-55
-53.4
-47.6
-51
-58.8
-53.6
-54.6
-51.8
-56.4
-50
-49.8
-57.2
-53.2
-53.6
-55.8
-59
-46
-56.6
-53.4
-57.4
-88.4
-54.6
-59
-51.2
-51.8
-53.6
-50.6
-59
-70.2
-52.4
-49
-58.2
-53
-49.4
-53.8
-54
-53.8
-59.8
-53.4
-54.4
-51
-53
-53.6
-47.6
-51
-54.2
-53.4
-52.6
-45.2
-51.8
-55.2
-54
-51.4
-52.6
-53.8
-57.2
-52
-58.6
-52.4
-83
-50.8
-48
-73
-50.4
-84.6
-55.4
-56
-51.8
-53
-53
-58.8
-49.2
-53.8
-53.4
-51.2
-48.6
-50.4
-57
-56.8
-52.4
-52.4
-50.2
-85.2
-51.8
-54.6
-50
-52.4
-53.2
-53
-52.4
-52.8
-76
-53
-53.4
-52.2
-54.6
-53.4
-71.2
-74
-48.8
-99
-49.4
-53.4
-51.8
-53.8
-78.8
-53.2
-50
-58
-75.4
-48.2
-51.4
-55.4
-53.2
-53
-49.2
-57.6
-54.6
-54.6
-48.2
-54.8
-55.8
-55
-76.8
-60.8
-54.8
-52.4
-56.8
-58
-50.2
-58.8
-50.6
-57.2
-52.4
-51
-53.2
-55.6
-54.4
-48.4
-58
-55
-48.8
-48.2
-54.6
-56.4
-53.2
-59
-54.6
-55.4
-48.6
-54.2
-55
-56
-54
-55
-54.8
-52
-54.4
-56.8
-54
-71
-52.6
-75
-50.8
-54.2
-49.6
-53
-53
-55.6
-58.4
-52.8
-52.8
-49.2
-55.6
-52.6
-50.8
-55.2
-56.2
-49.4
-56
-49
-54.2
-50
-53.8
-48.6
-59.6
-47.8
-51.4
-55.4
-56.8
-51.6
-54.6
-52.2
-56.8
-53.4
-52.8
-53.4
-51
-51.6
-56.4
-53.8
-54.8
-50
-57.6
-52.8
-61.2
-52.4
-54.4
-51.4
-49.6
-49.4
-49.4
-50.2
-61.2
-51.4
-55.4
-55.6
-54.8
-53.6
-58.2
-58.4
-71.6
-55.2
-53.4
-52.4
-52.4
-75.8
-49.6
-49
-52
-51
-57.4
-53.2
-83.8
-54.4
-55.6
-51.6
-57.6
-53
-55
-52.4
-48.6
-52.2
-54.4
-52.8
-77.4
-52
-49.6
-52.6
-54.2
-53.8
-48.2
-48
-53.6
-57.8
-82.2
-49.2
-52
-57
-50
-51.8
-59.4
-53.8
-54.2
-56
-49.2
-53.4
-49.8
-56.6
-55.4
-55.2
-59
-81.4
-51.4
-51.2
-50.6
-55.6
-49.2
-52.8
-57
-58.8
-48.4
-53.6
-76.2
-51.2
-57.2
-49
-50.2
-75.2
-55.8
-56.4
-54.4
-50.8
-61.2
-57.8
-59.6
-58.4
-77.8
-54.8
-53.2
-56.6
-54.8
-50
-55
-55.8
-50.8
-52.6
-90.4
-59.6
-54.4
-63.2
-58.6
-53.4
-56.4
-51.8
-56.8
-57.6
-55.6
-54
-58.4
-51
-53.8
-56.8
-54.6
-50.4
-56.6
-59.2
-51.6
-52.8
-72
-47.4
-54.6
-54.4
-56.4
-46.8
-55.4
-51.6
-48.4
-61.4
-53
-45
-53
-46.4
-54.4
-51.4
-52.8
-51.4
-49.8
-56.8
-71
-55.6
-50
-54.8
-53.2
-52.4
-54.6
-75.8
-54
-69.6
-53.8
-58.8
-55
-54.2
-51.4
-54.4
-55.4
-54
-54.8
-47.4
-53.4
-48.8
-53.8
-50.6
-56.2
-55.6
-45.8
-51.8
-50.6
-49.6
-51.6
-49.2
-52.4
-51.4
-53.8
-53.2
-56.4
-50.4
-55.8
-51.8
-53.2
-54.8
-51.8
-54.6
-54
-49.2
-57.2
-49.6
-56.4
-56
-54.6
-51
-52.6
-54.6
-56.4
-78.2
-49.2
-59.8
-54.2
-51.6
-72.8
-52
-55.8
-51.4
-51.4
-49.8
-49.4
-460.2
-53.8
-56.4
-52
-52.8
-55.8
-52
-62.4
-57.2
-58
-48.2
-53.8
-52.6
-56.8
-56.4
-61.4
-58.8
-50.4
-48.8
-49.2
-76
-51
-58.8
-55.2
-51.2
-53.6
-56.2
-58.2
-53
-49.8
-50.2
-55.4
-53.4
-48.4
-60
-77
-57.4
-56.8
-94
-59.6
-421
-53
-54.6
-55
-50.6
-60.8
-56.6
-48.8
-52.4
-54.8
-55
-56.6
-51.6
-57.8
-49.2
-54.8
-56
-50
-51.6
-46.4
-54.4
-51.6
-51.2
-52.4
-57.6
-50.6
-49.2
-58.2
-54.8
-54
-50.6
-54.4
-50.6
-49.8
-54
-57
-60.8
-47.4
-57.2
-51
-50.4
-56.4
-51.6
-55
-52
-57.4
-57
-55.8
-55.8
-55.2
-50
-55.2
-49.4
-56.2
-55.8
-53.8
-51
-52.6
-63.4
-60.2
-56.2
-58.8
-57.4
-62.4
-52.8
-51.2
-53.4
-77
-54.2
-57
-55.4
-55
-52.8
-51.8
-54.4
-55.6
-50.6
-48.6
-46.8
-47.2
-49
-56
-52
-47.2
-49.8
-48.2
-53.2
-54
-58.2
-54.6
-47.2
-54
-80
-65.4
-54.8
-53.8
-54.6
-55.8
-51.8
-59.2
-54.4
-47.8
-52
-52.8
-59.4
-55.8
-50.6
-71.8
-50.6
-46
-51.2
-60.6
-89
-54.8
-53.4
-55.2
-57
-53.8
-55.8
-50.4
-60
-48
-53.8
-47.4
-55.4
-56
-52.8
-60.4
-53.4
-80.6
-50.6
-59.8
-79.2
-55.8
-50.6
-85.8
-59.2
-56.4
-53.6
-64
-54.2
-52
-51.6
-49.8
-52.2
-49.6
-73.2
-48.4
-63.2
-61
-48.4
-46.6
-62.6
-47.8
-67
-53.2
-56
-54
-57.2
-55.2
-51
-54.2
-79
-57
-54.2
-58.2
-53
-56.4
-55.6
-70
-54.8
-51.2
-86.2
-54
-59.2
-55.4
-55.2
-56.4
-48
