agent: texplore
env: fuelworld
Environment is episodic.
set statesPerDim to 0 for all dim
feature 0 has range 20
feature 1 has range 30
feature 2 has range 61
reward range: 400
Parallel ETUCT tracking real state values
Planner using history size: 0
Start model learning thread
start parallel uct planning search thread
Created MultClass 0 with nModels: 5
Created C4.5 decision tree 0 with == and > splits
Created C4.5 decision tree 6 with == and > splits
Created C4.5 decision tree 12 with == and > splits
Created C4.5 decision tree 18 with == and > splits
Created C4.5 decision tree 24 with == and > splits
Created MultClass 3 with nModels: 5
Created C4.5 decision tree 3 with == and > splits
Created C4.5 decision tree 9 with == and > splits
Created C4.5 decision tree 15 with == and > splits
Created C4.5 decision tree 21 with == and > splits
Created C4.5 decision tree 27 with == and > splits
Created MultClass 4 with nModels: 5
Created C4.5 decision tree 4 with == and > splits
Created C4.5 decision tree 10 with == and > splits
Created C4.5 decision tree 16 with == and > splits
Created C4.5 decision tree 22 with == and > splits
Created C4.5 decision tree 28 with == and > splits
Created MultClass 1 with nModels: 5
Created C4.5 decision tree 1 with == and > splits
Created C4.5 decision tree 7 with == and > splits
Created C4.5 decision tree 13 with == and > splits
Created C4.5 decision tree 19 with == and > splits
Created C4.5 decision tree 25 with == and > splits
Created MultClass 2 with nModels: 5
Created C4.5 decision tree 2 with == and > splits
Created C4.5 decision tree 8 with == and > splits
Created C4.5 decision tree 14 with == and > splits
Created C4.5 decision tree 20 with == and > splits
Created C4.5 decision tree 26 with == and > splits
-415.8
-417.4
-417
-417
-417.4
-416
-418.6
-418.8
-419.4
-416.6
-417.8
-415.6
-418.8
-419.2
-421.2
-419.2
-417.8
-420.2
-418.2
-416.6
-418.6
-419.4
-421.4
-620
-464.4
-417.2
-419.6
-416.6
-1965.2
-678.4
-510.4
-1044.4
-550
-141
-465.4
-499.2
-918.8
-143
-113
-594.4
-101
-131.8
-85
-86.2
-544
-505.4
-90.8
-87.8
-82.4
-93.4
-87.8
-110
-185.2
-418.6
-505
-86.6
-142.4
-57
-54
-84.4
-462
-98.6
-55.2
-55.8
-58.4
-51
-56.4
-53.8
-60.6
-104.6
-106.2
-57.2
-61.2
-56.4
-62.4
-51.8
-50
-59.2
-138.8
-56.8
-56.4
-71
-51.6
-102.2
-461.4
-108.6
-52.8
-59.4
-53
-51
-51.8
-57.4
-60.2
-56
-57.8
-55.2
-54.4
-54.2
-53.6
-57.4
-52.2
-56
-88.8
-50.4
-58
-50.6
-56
-61.8
-55
-50.6
-56.8
-53.6
-53.6
-55.6
-52
-54.6
-49.8
-82.6
-50.2
-52
-59.6
-60.8
-58.2
-56.4
-52.6
-55
-53.4
-55
-54.4
-92.8
-493.2
-53.4
-50.2
-58
-47.8
-52.8
-47.2
-54.4
-106
-60.8
-51.4
-58.4
-55.6
-48.8
-50.2
-56.4
-52.4
-53.8
-52
-49.6
-58.8
-60
-51.2
-48.6
-55.6
-51
-64.4
-49.2
-58.2
-45.6
-55.2
-53.4
-57.4
-70.8
-57.6
-50.8
-78.2
-58.8
-53.2
-47.8
-53
-51.4
-51.8
-50
-53.2
-48.2
-50.4
-50.4
-60.6
-58.4
-62
-56.6
-49
-54.4
-49.6
-57
-54.8
-69.2
-54.6
-61.8
-93.4
-53.6
-47.2
-52.2
-54.6
-73
-59.8
-52.4
-54
-83.2
-51.4
-81.6
-84.2
-49.8
-54.8
-52.6
-50.4
-55.6
-49
-51.6
-54
-49
-48.2
-52.4
-52.2
-71.4
-49.8
-52
-50.6
-49.4
-57
-54.8
-50.4
-49
-49.6
-51.8
-52.6
-60.4
-51.2
-49.8
-50.2
-55.2
-49.4
-66
-79.2
-51.8
-58.6
-48
-57.6
-78.8
-57
-51.6
-49.8
-48.6
-48.2
-54.6
-55.2
-52
-77.8
-55.6
-90.6
-51.8
-52.2
-50.8
-48.2
-53
-56.2
-55
-50.8
-49.6
-50.8
-53.4
-50
-57
-48
-56.4
-49.6
-53.2
-50
-70.2
-54.4
-52.6
-55.4
-62.8
-53
-58.4
-55.4
-52.4
-417
-59.2
-51.6
-51.4
-49.4
-88.4
-47.6
-58.4
-59
-49.2
-48.4
-56
-56
-45
-47.2
-53.6
-55
-53.4
-49.4
-60.8
-52.4
-50
-56.2
-51.4
-71.2
-51.6
-86.8
-52.2
-62
-50.4
-52.6
-51.8
-54.4
-50
-50
-50
-52.6
-48
-52.8
-61.8
-52.4
-57.6
-57.6
-54.8
-52.2
-54
-77.8
-50.8
-81
-55.8
-49.6
-52.4
-46.8
-61.4
-53.8
-68.6
-49.2
-55
-50.6
-61.2
-48
-55.4
-52.6
-51.6
-52.2
-59.2
-54.4
-56
-58
-49.4
-50.8
-56.8
-60
-54.4
-51.6
-50.4
-52.8
-53.2
-56.4
-56.8
-51.6
-47
-49
-54.4
-56.2
-59
-52.8
-52.4
-53.2
-52.6
-54
-56.4
-50.8
-47.6
-51
-51.8
-54.8
-51.4
-51.2
-48.2
-72.4
-49.8
-55.8
-49.6
-53.4
-52
-69
-52.4
-54.8
-48.4
-53.6
-55.6
-54
-51.2
-51
-55.2
-49.2
-49.4
-51
-49.2
-52.6
-51.8
-50.4
-65.6
-50
-55.2
-51.2
-50.2
-52.2
-51
-47.6
-56.4
-50.4
-71.2
-51.4
-49.4
-50.8
-48.2
-51
-55
-53
-71.6
-45.6
-48
-48
-48.2
-48.6
-75.6
-77.6
-55.6
-58.8
-49.8
-48
-56.8
-50.6
-49.4
-50.8
-49.4
-50.8
-55.4
-52.8
-51.4
-57.8
-50.6
-54.8
-49
-48.8
-47.2
-53
-64
-50.4
-55.4
-58
-51.8
-58.8
-68.2
-51.8
-82.4
-56.4
-50.4
-59.8
-97.2
-52.4
-49.6
-52.8
-56
-70.8
-59.8
-60.4
-74.4
-53
-48
-49
-54.6
-88.8
-45.2
-47.6
-52.2
-53.8
-55.4
-56.6
-61.6
-57.4
-48
-70.2
-57
-54.8
-53.6
-58.6
-51.4
-50.6
-49.8
-55.8
-53.2
-50
-48.2
-56
-52.2
-56
-49.6
-46.6
-49.4
-53
-47.8
-52.6
-53.8
-50
-55
-47.6
-51.8
-53.6
-51
-53
-49.8
-52
-50.8
-50.6
-55.8
-55.2
-50.4
-51
-56.8
-51
-48.6
-59
-54.8
-49.4
-50.2
-52.8
-50.8
-48.8
-50
-52.8
-53.6
-51.6
-44.6
-50.8
-54
-53.8
-53
-59.6
-49.8
-50.6
-51.4
-49.4
-78.8
-57.2
-47.6
-54.4
-52
-49.4
-49
-69
-51
-48.4
-52
-51.4
-55.4
-52
-57.8
-75.8
-50
-48.2
-51
-51.4
-52.8
-55.4
-56.6
-52.8
-54.4
-74.4
-55
-51.8
-46.6
-52.8
-54.6
-49.8
-47.4
-50
-52.4
-56
-73.6
-52.8
-54.8
-51.2
-49.8
-53
-49
-52.8
-52.6
-52
-49
-49.8
-51.4
-51
-49.4
-59.4
-49.8
-52.2
-49.8
-54.4
-55
-49
-47.8
-54.2
-55.4
-51.4
-56
-49.8
-50
-52.2
-53
-58
-54.6
-57
-54.2
-73
-54.8
-50.2
-57.6
-51.6
-55.6
-46.6
-125.2
-51.8
-65.4
-48.4
-50
-60.2
-49.2
-56.2
-72.4
-53.4
-48.8
-49.2
-460.6
-54.8
-55.2
-60.6
-51.6
-58.6
-57.8
-50.8
-55.4
-55.4
-46.6
-51
-96
-49.8
-55.2
-53.8
-59
-49
-50.2
-52.4
-54
-52.2
-56.8
-53.8
-51
-57.2
-51.6
-56.6
-71.2
-54.2
-58.6
-48.2
-60
-50.6
-53
-47
-58.8
-49.6
-48.6
-51.6
-56.8
-50
-50.2
-55.8
-54.2
-51
-49.6
-49.8
-72.4
-47.6
-46
-88.6
-52.4
-57.4
-51.4
-50.8
-55.2
-54.4
-52.6
-53
-53.8
-47.4
-49.4
-50.6
-49.2
-57.2
-48.6
-48.8
-54.4
-51
-53.8
-50.6
-52
-56.2
-52.4
-54
-50.4
-48.8
-50.8
-51.8
-50
-49
-54.8
-47.8
-47.2
-52.4
-48
-65.6
-47.2
-50.6
-51.8
-48.8
-54.4
-52.4
-53.2
-48
-49
-51.4
-49
-46
-51.4
-52.8
-51.4
-53.2
-53.4
-48.4
-50.4
-51.6
-52.8
-52.8
-53.4
-50
-80.2
-58.8
-47.8
-56.4
-55
-50.4
-48.8
-49.2
-50.8
-60.4
-73.8
-53.2
-55.8
-48
-48.6
-53.4
-55.2
-49.6
-47
-56.6
-56
-49.4
-49.6
-54.4
-49.8
-72.4
-51.6
-52.4
-46.8
-48.4
-53
-53
-56.6
-54.6
-56.6
-49.6
-51.2
-47.6
-57.6
-56
-47.6
-76.4
-53.6
-51.8
-51.2
-52.8
-54.6
-53.6
-48
-50.2
-47.8
-52.6
-51.8
-51.4
-51.4
-51.6
-55.4
-53.8
-50.2
-54.2
-50.2
-53.4
-54.4
-57.8
-54.4
-51.6
-53.4
-55.2
-48.4
-48.4
-56
-53.8
-50
-49
-48.8
-55.2
-52.2
-56.4
-46
-50.4
-51.8
-51.4
-45.8
-50
-48.2
-56.6
-53
-49.2
-49.4
-50.8
-52.4
-51.6
-74.8
-44
-51.8
-52.2
-53.8
-49
-51
-55.4
-76.6
-48.2
-58.4
-52.8
-49.8
-54
-52
-52.8
-51.4
-53
-49.4
-50
-55.2
-53.2
-52.4
-53
-48.8
-49.8
-56
-52.8
-48.4
-50.6
-52.2
-52
-55.4
-52.6
-53.6
-51.4
-50.2
-56.4
-50.8
-52.8
-52.2
-48.8
-58
-45.6
-48.4
-50.6
-49.4
-48
-47.4
-52.4
-53.4
-54.2
-76
-51
-51
-51.6
-50.8
-47
-53.2
-59.6
-50.4
-53.4
-52
-50.6
-53.4
-49.4
-49
-52.8
-54.4
-54.2
-52.8
-53.6
-49.2
-53.2
-54.2
-115.6
-46.6
-76.2
-55.4
-50.8
-56.8
-51.2
-55.8
-46.6
-58
-49.8
-44.6
-54.6
-59.2
-51.4
-51.6
-52
-54
-59
-50.8
-57.6
-49.6
-54.8
-51.6
-48
-56.6
-56.4
-51.4
-53.8
-54.8
-49
-56.8
-52.8
-49.8
-54
-54.2
-50.8
-76.4
-50.4
-52.6
-70.6
-52.4
-48
-55.8
-51.8
-59.6
-49.2
-48.6
-50.8
-48.8
-51.4
-52.8
-50.2
-72.6
-49.6
-71
-48
-54.6
-53.8
-54
-54
-84.6
-60.2
-67
-56
-50.8
-51.8
-70.8
-48
-52
-54.8
-54.8
-47
-50.6
-51.4
-46.2
-55.2
-53.2
-52.4
-49
-53.8
-50
-51
-51.4
-53
-57.6
-50
-52.8
