agent: texplore
env: fuelworld
Environment is episodic.
set statesPerDim to 0 for all dim
feature 0 has range 20
feature 1 has range 30
feature 2 has range 61
reward range: 400
Parallel ETUCT tracking real state values
Planner using history size: 0
start parallel uct planning search thread
Start model learning thread
Created MultClass 0 with nModels: 5
Created C4.5 decision tree 0 with == and > splits
Created C4.5 decision tree 6 with == and > splits
Created C4.5 decision tree 12 with == and > splits
Created C4.5 decision tree 18 with == and > splits
Created C4.5 decision tree 24 with == and > splits
Created MultClass 3 with nModels: 5
Created C4.5 decision tree 3 with == and > splits
Created C4.5 decision tree 9 with == and > splits
Created C4.5 decision tree 15 with == and > splits
Created C4.5 decision tree 21 with == and > splits
Created C4.5 decision tree 27 with == and > splits
Created MultClass 4 with nModels: 5
Created C4.5 decision tree 4 with == and > splits
Created C4.5 decision tree 10 with == and > splits
Created C4.5 decision tree 16 with == and > splits
Created C4.5 decision tree 22 with == and > splits
Created C4.5 decision tree 28 with == and > splits
Created MultClass 1 with nModels: 5
Created C4.5 decision tree 1 with == and > splits
Created C4.5 decision tree 7 with == and > splits
Created C4.5 decision tree 13 with == and > splits
Created C4.5 decision tree 19 with == and > splits
Created C4.5 decision tree 25 with == and > splits
Created MultClass 2 with nModels: 5
Created C4.5 decision tree 2 with == and > splits
Created C4.5 decision tree 8 with == and > splits
Created C4.5 decision tree 14 with == and > splits
Created C4.5 decision tree 20 with == and > splits
Created C4.5 decision tree 26 with == and > splits
-417.8
-419.8
-417.8
-419
-416.6
-418
-511.4
-418.6
-1373.2
-415.6
-419.4
-466.6
-598.2
-421
-619.4
-462.4
-502.4
-416.6
-419.6
-224.4
-604.8
-418.2
-1149.6
-2319.2
-135.2
-553.4
-247.4
-142.2
-241.6
-463.6
-779
-214.2
-347.4
-360.8
-683.6
-135.8
-101.6
-126.4
-139.4
-88.2
-91.6
-206.4
-173
-108.6
-134
-54.2
-55.4
-91.4
-128.6
-164.2
-119.4
-214
-619.6
-90.8
-82.4
-104.2
-96.2
-96
-51.4
-87
-82.6
-127
-87.8
-120.4
-82.6
-89.4
-176.2
-139.4
-85.8
-75.8
-86.6
-115.2
-60.2
-89.8
-48.8
-139.6
-129.2
-416.8
-89.8
-53.4
-418.4
-420
-417
-419.8
-59.6
-420.8
-418
-418.6
-508.2
-418.8
-95.6
-419.4
-418.2
-421.6
-51.2
-416.2
-419.4
-420.6
-421.2
-417
-421.8
-418
-419
-419.2
-417.8
-417.6
-418
-420.8
-420.6
-421
-421.2
-55.2
-422
-53.2
-91.6
-54.6
-420.2
-51.6
-59.6
-68.4
-497.2
-55
-421.6
-460.6
-58
-62.8
-55.4
-98.6
-53.6
-63.8
-50.6
-56
-54.6
-49.2
-51.8
-57.4
-49
-54.4
-51
-53
-48.8
-95.2
-53
-53.2
-87.8
-55.2
-49
-102.2
-51.6
-51.4
-59.4
-54.6
-51.2
-50.4
-52.4
-53.6
-52.8
-53.8
-55
-60.2
-76.6
-52.2
-55.8
-57.8
-54
-52.4
-49
-56
-58.6
-52
-50
-72.4
-49.6
-48.4
-49.8
-60.2
-55.2
-52
-76.4
-54.8
-59
-56.8
-50.4
-50.8
-53.8
-46.6
-54.8
-58
-54.8
-51.4
-48.2
-90.2
-52.8
-47.4
-52.4
-49
-65.2
-458.6
-61.2
-81.8
-55.4
-49.6
-53
-58.2
-75.8
-54.8
-48.4
-57
-49.2
-50.6
-48.4
-52.4
-57.6
-49.2
-85.6
-49.4
-49.8
-53.2
-57.4
-54.6
-54
-57.2
-53.2
-46.2
-50.6
-52
-53.2
-57.2
-50.4
-54.8
-62.8
-56.8
-53.4
-54.6
-47.2
-59.2
-51.4
-59.2
-53
-47.8
-81.2
-54.2
-51.2
-53
-81.2
-48.4
-52.4
-48
-49.8
-50
-50.4
-55.6
-52.8
-52.4
-48.6
-57
-80.4
-48
-53.6
-49.6
-54
-53
-49.6
-53.4
-51
-53.2
-53
-53.8
-49.8
-57.4
-51.4
-50.8
-49.8
-55.4
-52.8
-56.2
-58.8
-56
-53.2
-53.4
-53.2
-49.2
-62
-57.6
-75.8
-58.8
-58
-46.6
-51
-53.8
-58
-52
-55.6
-54.8
-49.2
-57.8
-51.2
-55.2
-49.2
-56.8
-55.4
-55.8
-44.4
-114
-50.8
-52.6
-48
-50.4
-50
-50
-53.2
-52.4
-56.2
-48.4
-52.6
-50.4
-54.4
-48.8
-49.2
-48.2
-48.4
-54.8
-55.2
-53.8
-52.8
-55.4
-48.6
-55.8
-51
-51.4
-53
-56
-45.8
-54.4
-59
-50
-55.2
-45.2
-48
-53.6
-53
-47
-55
-51.2
-52.6
-54.6
-52.6
-52.2
-48.4
-52.2
-51.4
-58.4
-49.6
-46.8
-70.2
-53.2
-51.6
-53
-50.8
-55.2
-63.8
-51.4
-52.4
-50.8
-58.6
-54
-52.4
-53.8
-54
-59.8
-54.4
-53.2
-56.8
-48.2
-49.2
-48.6
-58.4
-49.8
-50.6
-54.6
-54
-52.2
-53.6
-70.2
-46.8
-52.6
-51
-53.4
-52.8
-51.4
-53.2
-57.4
-50
-51.8
-48.8
-50.8
-49.4
-124.8
-53
-53.8
-68.2
-52.6
-56
-51.4
-52.8
-78.8
-55.4
-48.6
-50.4
-52.2
-55.4
-52.4
-54.4
-54.8
-52.4
-51
-67.2
-50
-53.8
-51
-55.2
-56.8
-51
-69.2
-76.8
-53.8
-50.8
-53.2
-54.4
-52.4
-54.6
-55.8
-48
-50.2
-50.2
-52
-52
-52.2
-49.6
-49.2
-48.2
-48.4
-67
-74.6
-54.6
-55.2
-53.6
-49
-50.6
-49
-52.2
-55
-49.6
-52.6
-58.8
-52.4
-66.6
-51.8
-48.8
-50.2
-48.6
-54.4
-50.6
-71.4
-51.8
-51.4
-57.2
-49.6
-55.4
-76.4
-55.4
-50.6
-50.8
-46.4
-50
-49
-57
-56
-57.4
-47.8
-51.2
-52
-52.2
-51.8
-52.6
-51.2
-49.2
-49
-69.4
-48.6
-53.4
-51.6
-48.4
-47.4
-47.8
-59
-52.4
-49.6
-49.2
-50.4
-52.6
-51.8
-48.2
-53.2
-52.2
-54
-50
-58.4
-79.2
-53
-48
-48.8
-48.8
-50
-53.4
-73.8
-53
-52.8
-51
-48.6
-52
-52
-50.4
-49.8
-52.2
-52
-47.6
-67
-53.4
-52.6
-51.8
-53.4
-48.8
-54.4
-56.6
-68.2
-50
-51.8
-47.6
-71.6
-46.6
-54
-51.8
-49
-49.2
-51.6
-48.6
-48.8
-55.4
-50
-49.2
-57.4
-54.4
-47.6
-54.4
-52.8
-57.2
-48.6
-49.2
-54.8
-55
-55.4
-59.2
-54
-50.4
-51.6
-56.8
-67.8
-53.8
-49
-60.6
-50.6
-55.2
-75.6
-59.2
-56.4
-44.8
-50.4
-53.6
-55.8
-59.2
-49
-52.6
-54.2
-47.6
-55.8
-51.6
-46.2
-47.6
-54.2
-48.6
-54.2
-73.2
-49.4
-52.6
-53
-53.2
-54.8
-52
-53
-52.4
-46.8
-50.4
-46.4
-54.8
-49.8
-53.4
-54.8
-49.6
-47.8
-50.2
-48
-53
-56
-75.6
-46.2
-53.2
-49
-53.8
-55.4
-55.4
-54.4
-48.4
-51.2
-53.4
-77.4
-48.8
-51.4
-54.6
-51.4
-46.4
-51.8
-53
-52.4
-53.8
-71
-51.8
-55.4
-70.8
-54.8
-49.6
-74.4
-53.2
-61.4
-51.6
-47.6
-47.8
-55.4
-50.4
-55.8
-51
-57.6
-50.4
-54
-46.8
-52.6
-52.4
-54.8
-50
-52.2
-66.4
-49.6
-51
-50
-59
-53
-45
-53
-56.4
-53.6
-48.6
-51.6
-53
-52
-55.2
-50.4
-49.2
-53
-54.8
-50.8
-47.8
-56.6
-56.6
-46.8
-49
-52.2
-52.2
-53.4
-52.8
-48.2
-61.4
-53
-56.4
-49.2
-49
-49.6
-49.2
-45.8
-48.4
-55.4
-73.4
-50.6
-52.6
-57
-67.6
-50.4
-47.2
-52.4
-45
-47.2
-50.6
-45.6
-51.4
-49.6
-67.2
-53.8
-54.4
-48.6
-75.8
-55.6
-46.8
-54.8
-52
-50.4
-47
-46
-90.4
-54.8
-54.8
-46.4
-51.2
-48.6
-51.6
-48
-56.6
-47.8
-48.6
-52.8
-51.8
-57
-51.8
-48.8
-54
-54.6
-47.2
-47.8
-48.4
-53.8
-54.6
-55.6
-52.8
-56.8
-47.6
-50.4
-46.6
-48
-47.8
-53.6
-52.6
-54
-51
-49
-52.6
-59.6
-49.8
-49.6
-49.2
-52
-50.6
-53.4
-52.2
-53
-53.2
-53.4
-54.4
-55.8
-51.8
-50
-70
-53.8
-52.8
-53
-96.4
-53.4
-50.8
-52.8
-54.8
-56
-53.8
-46
-55.2
-51
-51.4
-60.8
-72.4
-82.8
-51.4
-48
-50.6
-56.8
-50.4
-54.8
-51.6
-52.8
-52.6
-50.4
-58.2
-49.2
-47.6
-58
-51
-80.6
-56.4
-52
-49.6
-53.8
-47
-77.6
-52.4
-50.4
-50.4
-46.2
-52.2
-55.2
-49.4
-53
-52.8
-49.4
-55
-50
-50.4
-50.4
-56.8
-55.4
-52.8
-53.4
-51.6
-65.6
-54.8
-51.8
-47.6
-55.4
-49.6
-52.6
-80.4
-50.6
-48
-51.2
-48.6
-49.4
-52.2
-51
-58.4
-46.6
-48.2
-49.4
-53.4
-54.6
-51.8
-48.4
-56.2
-50.8
-53.4
-48.6
-52.8
-53.8
-52.4
-49.2
-53.4
-53.2
-52.8
-49.6
-79
-54.2
-52.2
-54.4
-83.6
-52
-73.4
-48
-72.6
-68.8
-50.4
-55.6
-51.6
-51
-48.6
-56.8
-53.4
-51.8
-54.2
-50.8
-73.6
-47.8
-52
-48.2
-52.8
-49.4
-55.2
-53.6
-66.2
-55
-48.4
-52.8
-54.8
-50
-50.8
-54.6
-53
-54.6
-74.4
-52
-55.4
-55.8
-49
-50.6
-52.6
-49
-48.4
-79.2
-48.6
-61.2
-51
-52.4
-53.6
-46.8
-44.6
-58.8
-48.8
-53
-52.2
-51.2
-52
-48
-50
-51.6
-51.6
-47.6
-52.8
-49.6
-110.4
-47.4
-54.8
-46.8
-54.8
-56.8
-52.4
-50
-52.2
-55.4
-49
-50.4
-49.2
-82.6
-52.2
-49.2
-76.2
-45.2
-52.8
-52.6
-51.8
-58.2
-53.6
-50.8
-53
-56.4
-70.4
-48.8
-90.6
-46.6
-50.4
-54.4
-52
-53.6
-49.2
-50.4
-48.2
-48
-58
-56.2
-51.2
-50.4
-48
-48.8
-76
-52.6
-58.6
-77.4
-50.2
-75
-51.4
-51.4
-52.8
-56.6
-49.8
-56
-47.8
-52
-48
-50.8
