agent: texplore
env: asterix
Feature Selection: 0
Environment is episodic.
set statesPerDim to 0 for all dim
feature 0 has range 30
feature 1 has range 30
feature 2 has range 30
feature 3 has range 30
reward range: 1020
Parallel ETUCT tracking real state values
Planner using history size: 0
Start model learning threadstart parallel uct planning search thread

Created MultClass 0 with nModels: 5
Created C4.5 decision tree 0 with == and > splits
Created C4.5 decision tree 6 with == and > splits
Created C4.5 decision tree 12 with == and > splits
Created C4.5 decision tree 18 with == and > splits
Created C4.5 decision tree 24 with == and > splits
Created MultClass 4 with nModels: 5
Created C4.5 decision tree 4 with == and > splits
Created C4.5 decision tree 10 with == and > splits
Created C4.5 decision tree 16 with == and > splits
Created C4.5 decision tree 22 with == and > splits
Created C4.5 decision tree 28 with == and > splits
Created MultClass 5 with nModels: 5
Created C4.5 decision tree 5 with == and > splits
Created C4.5 decision tree 11 with == and > splits
Created C4.5 decision tree 17 with == and > splits
Created C4.5 decision tree 23 with == and > splits
Created C4.5 decision tree 29 with == and > splits
Created MultClass 1 with nModels: 5
Created C4.5 decision tree 1 with == and > splits
Created C4.5 decision tree 7 with == and > splits
Created C4.5 decision tree 13 with == and > splits
Created C4.5 decision tree 19 with == and > splits
Created C4.5 decision tree 25 with == and > splits
Created MultClass 2 with nModels: 5
Created C4.5 decision tree 2 with == and > splits
Created C4.5 decision tree 8 with == and > splits
Created C4.5 decision tree 14 with == and > splits
Created C4.5 decision tree 20 with == and > splits
Created C4.5 decision tree 26 with == and > splits
Created MultClass 3 with nModels: 5
Created C4.5 decision tree 3 with == and > splits
Created C4.5 decision tree 9 with == and > splits
Created C4.5 decision tree 15 with == and > splits
Created C4.5 decision tree 21 with == and > splits
Created C4.5 decision tree 27 with == and > splits
-996
-996
-994
-995
-994
-994
-996
-994
-991
-993
-993
-990
-990
-994
-994
-993
-994
-992
-995
-990
-994
-992
-991
-995
-994
-990
-994
-995
-992
-994
-994
-994
-992
-995
-992
-994
-994
-933
-995
-992
-994
-994
-984
-994
-996
-994
-997
-994
-995
-995
-994
-996
-980
-977
-995
-992
-995
-995
-992
-992
-997
-995
-990
-995
-990
-994
-994
-974
-995
-994
-994
-994
-995
-995
-995
-993
-990
-995
-995
-995
-994
-992
-995
-995
-995
-995
-995
-995
-994
-997
-997
-995
-975
-994
-995
-994
-995
-995
-994
-992
-995
-995
-992
-993
-995
-995
-995
-995
-990
-995
-995
-995
-996
-995
-995
-995
-995
-996
-992
-995
-995
-995
-995
-996
-996
-995
-996
-995
-995
-994
-994
-995
-996
-995
-996
-995
-994
-995
-995
-995
-995
-995
-995
-995
-995
-995
-995
-995
-995
-995
-995
-995
-995
-990
-995
-995
-994
-973
-992
-991
-995
-995
-995
-995
-991
-995
-995
-991
-995
-995
-995
-995
-995
-995
-995
-995
-995
-995
-995
-995
-995
-995
-995
-973
-974
-995
-995
-995
-983
-995
-995
-995
-992
-973
-959
-995
-973
-995
-973
-973
-974
-975
-974
-995
-994
-974
-995
-974
-995
-995
-974
-994
-947
-947
-987
-995
-975
-996
-947
-990
-990
-990
-995
-995
-996
-988
-995
-995
-995
-995
-995
-996
-996
-974
-995
-995
-996
-988
-995
-995
-995
-995
-995
-995
-995
-996
-974
-995
-996
-996
-988
-996
-918
-995
-995
-995
-995
-995
-995
-995
-995
-995
-995
-995
-995
-995
-996
-996
-996
-996
-996
-996
-996
-946
-996
-996
-995
-995
-995
-995
-995
-996
-975
-995
-995
-995
-995
-995
-995
-995
-995
-996
-996
-995
-995
-996
-975
-995
-995
-995
-996
-974
-995
-996
-974
-995
-995
-995
-995
-995
-995
-996
-996
-995
-995
-995
-995
-995
-995
-995
-996
-996
-974
-995
-995
-995
-995
-995
-995
-995
-995
-995
-995
-995
-995
-995
-995
-995
-995
-995
-995
-995
-995
-995
-995
-995
-995
-995
-995
-995
-995
-995
-995
-995
-995
-995
-995
-995
-995
-995
-995
-995
-995
-995
-995
-995
-995
-995
-995
-995
-995
-996
-975
-996
-996
-975
-995
-995
-995
-995
-975
-995
-995
-946
-995
-995
-995
-995
201
201
-982
-994
-847
-973
-973
-959
-805
-945
-917
-874
-958
-958
201
-846
201
201
-818
-987
-987
-995
-930
-902
-902
201
201
201
-917
-973
-987
-994
-959
-987
-987
-995
-995
-995
-995
-995
-973
-959
-987
-973
-973
-994
-987
-973
-973
-973
-973
-973
-973
-923
-989
-973
201
201
-867
201
201
201
201
201
-970
-970
201
-972
201
-996
-996
-996
-996
-996
-986
-970
201
-996
-987
-984
-958
-834
-958
-986
-986
-986
-986
-986
-986
-986
-986
-986
-986
-972
-984
-986
-986
-986
-986
-995
-986
-986
-986
-972
-986
-986
-986
-986
-986
-972
-982
-986
-986
-986
-986
-986
-986
-986
-986
-986
-986
-986
-986
-986
-986
-986
-986
-986
-992
-986
-986
-986
-992
-986
-986
-986
-986
-986
-986
-986
-986
-972
-986
-972
-986
-986
-986
-986
-986
-986
-972
-986
-986
-972
-986
-986
-986
-986
-986
-986
-986
-986
-986
-986
-972
-986
-986
-982
-996
-996
-996
-996
-996
-996
-996
-986
-986
-986
-986
-986
-986
-986
-986
-986
-986
-986
-986
-986
-986
-986
-986
-986
-986
-986
-986
-982
-996
-996
-986
-982
-986
-986
-986
-986
-986
-986
-986
-986
-986
-986
-986
-986
-986
-986
-986
-986
-986
-986
-986
-986
-986
-986
-986
-986
-986
-986
-986
-986
-986
-986
-986
-986
-986
-986
-986
-986
-986
-986
-986
-986
-986
-986
-986
-986
-986
-986
-986
-986
-986
-986
-986
-986
-986
-986
-986
-986
-986
-986
-986
-986
-986
-982
-996
-996
-996
-996
-996
-996
-996
-996
-996
-996
-996
-996
-996
-996
-996
-996
-996
-856
-996
-996
-996
-996
-996
-996
-996
-996
-982
-996
-996
-996
-996
-996
-890
-869
201
-978
-994
-994
-994
-994
-925
-959
-995
201
-959
201
201
-973
-931
-868
201
201
201
201
-995
201
-995
201
-973
201
201
201
201
201
201
201
201
-925
201
201
201
-990
201
-957
-985
201
201
201
201
201
201
201
201
201
201
201
201
201
201
201
201
201
201
201
201
201
201
-972
-986
-986
-986
-972
-986
-986
-986
-986
-986
-986
-986
-984
-986
-986
-986
-986
-986
-986
-972
-986
-986
-986
-986
-986
-986
-986
-986
-986
-986
-986
-986
-982
-986
-958
-994
-990
-983
-981
-986
-986
-986
-990
-986
-983
-986
-959
-995
-986
-990
-986
-958
-990
-995
-986
-986
-986
-931
-954
-986
-986
-995
-995
-986
-986
-986
-954
-944
-986
-927
-944
-990
-972
-990
-990
-986
-990
-995
-995
-995
-995
-995
-995
-995
-986
-986
-995
-995
-990
-995
-990
-995
-990
-990
-983
-983
-982
-982
-982
-986
-916
-990
-990
-986
-995
-972
-958
-986
-986
-986
-990
-983
-983
-995
-995
-983
-995
-986
-982
-995
-982
-986
-990
-995
-986
-990
-995
-995
-995
-990
-995
-995
-986
-986
-995
-986
-995
-995
-995
-995
-986
-986
-986
-986
-986
-995
-983
-990
-995
-983
-983
-995
-986
-944
-986
-986
-995
-995
-995
-986
-986
-995
-986
-995
-995
-995
-986
-995
-986
-995
-986
-986
-986
-986
-986
-986
-986
-986
-995
-986
-986
-995
-972
-986
-995
-995
-986
-990
-986
-986
-995
-995
-986
-995
-986
-995
-982
-995
-986
-986
-995
-983
-986
-982
-986
-983
-986
-986
-983
-982
-986
-986
-986
-986
-995
-995
-995
-986
-986
-982
-986
-986
-986
-986
-995
-995
-995
-982
-986
-986
-995
-995
-995
-995
-995
-982
-995
-995
-944
-972
-986
-986
-995
-986
-986
-995
-995
-986
-969
-972
-995
-995
-995
