agent: texplore
env: asterix
Feature Selection: 0
Environment is episodic.
set statesPerDim to 0 for all dim
feature 0 has range 30
feature 1 has range 30
feature 2 has range 30
feature 3 has range 30
reward range: 1020
Parallel ETUCT tracking real state values
Planner using history size: 0
Start model learning thread
start parallel uct planning search thread
Created MultClass 0 with nModels: 5
Created C4.5 decision tree 0 with == and > splits
Created C4.5 decision tree 6 with == and > splits
Created C4.5 decision tree 12 with == and > splits
Created C4.5 decision tree 18 with == and > splits
Created C4.5 decision tree 24 with == and > splits
Created MultClass 4 with nModels: 5
Created C4.5 decision tree 4 with == and > splits
Created C4.5 decision tree 10 with == and > splits
Created C4.5 decision tree 16 with == and > splits
Created C4.5 decision tree 22 with == and > splits
Created C4.5 decision tree 28 with == and > splits
Created MultClass 5 with nModels: 5
Created C4.5 decision tree 5 with == and > splits
Created C4.5 decision tree 11 with == and > splits
Created C4.5 decision tree 17 with == and > splits
Created C4.5 decision tree 23 with == and > splits
Created C4.5 decision tree 29 with == and > splits
Created MultClass 1 with nModels: 5
Created C4.5 decision tree 1 with == and > splits
Created C4.5 decision tree 7 with == and > splits
Created C4.5 decision tree 13 with == and > splits
Created C4.5 decision tree 19 with == and > splits
Created C4.5 decision tree 25 with == and > splits
Created MultClass 2 with nModels: 5
Created C4.5 decision tree 2 with == and > splits
Created C4.5 decision tree 8 with == and > splits
Created C4.5 decision tree 14 with == and > splits
Created C4.5 decision tree 20 with == and > splits
Created C4.5 decision tree 26 with == and > splits
Created MultClass 3 with nModels: 5
Created C4.5 decision tree 3 with == and > splits
Created C4.5 decision tree 9 with == and > splits
Created C4.5 decision tree 15 with == and > splits
Created C4.5 decision tree 21 with == and > splits
Created C4.5 decision tree 27 with == and > splits
-981
-992
-994
-995
-994
-995
-994
-994
-994
-994
-993
-996
-985
-995
-996
-994
-994
-994
-991
-991
-992
-995
-993
-995
-992
-995
-996
-982
-993
-987
-988
-994
-994
-994
-994
-993
-997
-994
-996
-992
-992
-992
-995
-994
-989
-991
-997
-997
-994
-994
-989
-988
-995
-995
-994
-991
-988
-993
-993
-996
-987
-990
-993
-996
-974
-993
-996
-987
-995
-994
-988
-995
-973
-996
-995
-987
-996
-987
-991
-990
-987
-987
-987
-987
-988
-973
-995
-988
-995
-987
-996
-988
-996
-930
-981
-986
-993
-994
-986
-995
-986
-995
-986
-995
-958
-995
-986
-996
-958
-994
-958
-991
-994
-995
-995
-989
-994
-986
-986
-997
-986
-996
-986
-997
-986
-996
-994
-991
-992
-990
-994
-994
-986
-986
-986
-988
-986
-986
-986
-986
-992
-994
-986
-986
-986
-986
-986
-986
-986
-986
-986
-986
-986
-986
-986
-986
-986
-986
-986
-986
-986
-986
-986
-986
-986
-986
-986
-986
-986
-986
-986
-986
-986
-986
-986
-986
-986
-986
-986
-986
-986
-973
-973
-973
-973
-974
-973
-904
-988
-985
-847
-973
-985
-973
-988
-987
-987
-973
-987
-984
-988
-984
-984
-988
-984
-988
-988
-988
-987
-973
-984
-987
-987
-987
-984
-987
-984
-984
-984
-987
-987
-987
-987
-987
-987
-987
-987
-987
-987
-987
-984
-984
-987
-987
-987
-987
-987
-987
-987
-987
-987
-987
-987
-987
-987
-987
-987
-987
-987
-987
-987
-987
-987
-987
-987
-987
-987
-984
-984
-984
-984
-987
-987
-987
-987
-987
-987
-987
-987
-987
-987
-987
-987
-987
-987
-987
-987
-987
-987
-973
-983
-987
-987
-987
-973
-988
-987
-956
-987
-987
-974
-987
-984
-987
-945
-975
-983
201
201
-987
-987
-973
-988
-987
-987
-987
-988
-988
-987
-987
-987
-987
-987
-988
-988
-987
-978
-987
-987
-987
-988
-987
-973
-987
-987
-987
-974
-989
-987
-993
-987
201
-994
-979
-988
-951
-987
-993
-993
-987
-993
-987
-993
-987
-994
-989
-987
-993
-989
-993
-989
-993
201
-993
-989
-987
-993
-988
-993
-987
-993
-987
-987
-987
-994
-987
-994
-987
-989
-993
-987
-993
-987
-932
-987
201
-904
-989
-993
-989
-993
-989
-993
-989
-993
-989
-993
-989
-993
-989
-994
-989
-989
-987
-989
-994
-989
-987
-876
-989
-988
-988
-987
-988
-987
-987
-988
-987
-987
-987
-994
-989
-989
-989
-989
-993
-989
-993
-989
-993
-989
-989
-987
-987
-987
-987
-987
-987
-988
-987
-974
-974
-973
-989
-988
-973
-989
-975
-975
-973
-959
-930
-945
-958
-945
-874
-968
-855
201
201
-833
-973
-987
-987
-987
-973
-987
-987
-987
-987
-987
-987
-987
-987
-987
-987
-987
-987
-987
-987
-987
-987
-987
-987
-987
-973
-987
-987
-987
-987
-987
-987
-987
-987
-987
-987
-987
-987
-987
-987
-945
-987
-987
-987
-987
-987
-987
-987
-987
-987
-987
-987
-987
-987
-987
-987
-987
-987
-987
-987
-987
-987
-987
-987
-987
-987
-987
-987
-987
-987
-987
-987
-987
-987
-987
-987
-987
-987
-987
-987
-987
-987
-987
-987
-987
-987
-987
-987
-987
-987
-987
-987
-987
-987
-987
-987
-987
-987
-987
-987
-987
-987
-987
-987
-987
-987
-987
-987
-987
-987
-987
-987
-987
-987
-987
-987
-987
-987
-987
-987
-987
-987
-987
-987
-987
-987
-987
-987
-987
-987
-987
-987
-987
-987
-987
-987
-987
-987
-987
-987
-987
-987
-987
-987
-987
-987
-987
-987
-987
-987
-987
-987
-987
-987
-987
-987
-987
-987
-987
-987
-987
-987
-987
-987
-987
-987
-987
-987
-987
-987
-987
-987
-987
-987
-987
-987
-987
-987
-987
-987
-987
-987
-987
-987
-987
-987
-987
-987
-987
-987
-987
-987
-987
-959
-987
-987
-987
-987
-987
-987
-987
-987
-987
-987
-987
-987
-987
-987
-987
-987
-987
-987
-987
-987
-987
-987
-987
-987
-987
-987
-987
-987
-987
-987
-987
-987
-987
-987
-987
-987
-987
-987
-987
-987
-973
-987
-952
-956
-973
-939
-992
-968
-995
-977
-984
-987
-987
-987
-987
-987
-987
-987
-987
-987
-945
-987
-987
-987
-957
-886
-833
201
201
-889
201
-805
-945
201
201
201
201
-917
201
201
201
201
201
201
201
201
201
201
201
201
-815
-983
-988
-988
-988
-988
-988
-988
-917
-988
-982
-973
-988
-959
-959
-903
-931
-983
-988
-988
-988
-988
-988
-988
-988
-973
201
-988
-988
-988
-988
-988
-988
-988
-988
-988
-988
-988
-988
-988
-988
-988
-988
-988
-988
-988
-988
-988
-988
-988
-988
-988
-988
-988
-988
-988
-988
-988
-988
-988
-988
-988
-988
-988
-988
-988
-945
-959
-875
-959
-988
-988
-988
-988
-988
-988
-988
-988
-988
-988
-988
-988
-988
-988
-988
-988
-988
-988
-988
-988
-988
-988
-988
-988
-988
-988
-988
-988
-988
-988
-988
-988
-988
-988
-988
-988
-988
-988
-988
-988
-988
-988
-988
-988
-988
-988
-988
-988
-988
-988
-988
-988
-988
-988
-988
-988
-988
-988
-988
-988
-988
-988
-988
-988
-988
-988
-988
-988
-988
-988
-988
-988
-988
-988
-959
-973
-973
-973
-875
-988
-988
-988
-988
-988
-988
-988
-988
-988
-988
-988
-988
-988
-988
-988
-988
-988
-988
-988
-988
-988
-988
-988
-988
-988
-988
-988
-988
-988
-988
-988
-988
-988
-988
-988
-988
-988
-988
-988
-988
-988
-988
-988
-988
-988
-988
-988
-988
-988
-988
-988
-988
-988
-988
-988
-988
-988
-988
-988
-988
-988
-988
-988
-988
-988
-988
-988
-988
-988
-988
-988
-988
-988
-988
-988
-988
-988
-988
-988
-988
-988
-988
-988
-988
-988
-988
-988
-988
-988
-988
-988
-988
-988
-988
-988
-988
-988
-988
-988
-988
-988
-988
-988
-988
-988
-988
-988
-988
-988
-988
-988
-988
-988
-988
-988
-988
-988
