agent: texplore
env: asterix
Feature Selection: 0
Environment is episodic.
set statesPerDim to 0 for all dim
feature 0 has range 30
feature 1 has range 30
feature 2 has range 30
feature 3 has range 30
reward range: 1020
Parallel ETUCT tracking real state values
Planner using history size: 0
Start model learning thread
start parallel uct planning search thread
Created MultClass 0 with nModels: 5
Created C4.5 decision tree 0 with == and > splits
Created C4.5 decision tree 6 with == and > splits
Created C4.5 decision tree 12 with == and > splits
Created C4.5 decision tree 18 with == and > splits
Created C4.5 decision tree 24 with == and > splits
Created MultClass 4 with nModels: 5
Created C4.5 decision tree 4 with == and > splits
Created C4.5 decision tree 10 with == and > splits
Created C4.5 decision tree 16 with == and > splits
Created C4.5 decision tree 22 with == and > splits
Created C4.5 decision tree 28 with == and > splits
Created MultClass 5 with nModels: 5
Created C4.5 decision tree 5 with == and > splits
Created C4.5 decision tree 11 with == and > splits
Created C4.5 decision tree 17 with == and > splits
Created C4.5 decision tree 23 with == and > splits
Created C4.5 decision tree 29 with == and > splits
Created MultClass 1 with nModels: 5
Created C4.5 decision tree 1 with == and > splits
Created C4.5 decision tree 7 with == and > splits
Created C4.5 decision tree 13 with == and > splits
Created C4.5 decision tree 19 with == and > splits
Created C4.5 decision tree 25 with == and > splits
Created MultClass 2 with nModels: 5
Created C4.5 decision tree 2 with == and > splits
Created C4.5 decision tree 8 with == and > splits
Created C4.5 decision tree 14 with == and > splits
-993
Created C4.5 decision tree 20 with == and > splits
Created C4.5 decision tree 26 with == and > splits
Created MultClass 3 with nModels: 5
Created C4.5 decision tree 3 with == and > splits
Created C4.5 decision tree 9 with == and > splits
Created C4.5 decision tree 15 with == and > splits
Created C4.5 decision tree 21 with == and > splits
Created C4.5 decision tree 27 with == and > splits
-996
-995
-992
-995
-996
-996
-991
-995
-995
-990
-995
-994
-992
-992
-991
-994
-987
-993
-995
-961
-996
-994
-994
-993
-995
-993
-995
-995
-992
-994
-996
-994
-995
-975
-995
-996
-974
-975
-990
-959
-994
-987
-987
-987
-974
-993
-993
-961
-993
-993
-994
-993
-993
-994
-994
-993
-993
-995
-993
-993
-993
-994
-987
-996
-993
-993
-993
-994
-996
-996
-996
-961
-995
-987
-995
-987
-993
-993
-993
-993
-993
-995
-993
-993
-993
-995
-987
-993
-993
-993
-993
-993
-993
-993
-993
-995
-993
-993
-993
-993
-993
-993
-993
-993
-993
-993
-993
-993
-993
-993
-993
-993
-993
-993
-993
-993
-993
-993
-993
-993
-993
-993
-993
-993
-993
-993
-993
-993
-993
-987
-993
-993
-993
-993
-993
-993
-993
-993
-996
-993
-996
-993
-993
-996
-995
-993
-996
-994
-993
-996
-996
-987
201
-889
-995
-805
-995
-995
-945
-981
-995
201
-981
-995
201
-805
-914
-959
-995
-987
-995
-995
-995
-995
-995
-987
-995
-995
-981
-987
-987
-987
-987
-987
-987
-995
-973
-987
-987
-987
-959
-968
-987
-973
-987
-987
-973
-987
-987
-987
-987
-987
-987
-987
-987
-987
-987
-987
-973
-987
-987
-987
-987
-987
-987
-987
-987
-987
-987
-987
-987
-987
-987
-987
-987
-987
-987
-987
-987
-987
-987
-987
-987
-987
-987
-987
-987
-987
-987
-987
-987
-987
-987
-987
-987
-987
-987
-987
-987
-987
-987
-987
-987
-987
-987
-931
-959
-945
-987
-959
-987
-987
-987
-987
-987
-987
-987
-987
-987
-987
-987
-987
-986
-987
-986
-986
-986
-987
-986
-974
-971
-946
-988
-988
-974
-974
-988
-988
-988
-862
-988
-988
-932
201
-974
-988
201
-815
-870
201
201
201
201
-843
201
-947
-974
-975
-975
-975
-975
-975
-947
-975
-975
-975
-975
-975
-975
-975
-975
-975
-947
-975
-975
-975
-975
-955
-975
-975
-975
-975
-975
-975
-975
-975
-975
-975
-975
-975
-975
-975
-975
-975
-975
-975
-975
-975
-975
-975
-975
-975
-975
-975
-975
-975
-975
-975
-975
-975
-975
-975
-975
-975
-975
-975
-975
-975
-975
-975
-975
-975
-975
-975
-975
-975
-919
-985
-975
-985
-975
-945
-988
-988
-988
-988
-988
-932
-872
-959
-959
-959
-987
-987
-987
-987
-987
-987
-987
-987
-959
-987
-872
-928
-987
-987
-959
-928
-984
-984
-984
-984
-984
-984
-984
-984
-984
-898
-984
-984
-984
-987
-875
-987
-984
-984
-987
-987
-987
-987
-987
-987
-987
-987
-987
-987
-987
-987
-987
-987
-987
-987
-987
-987
-987
-987
-987
-987
-987
-987
-984
-987
-987
-987
-987
-987
-987
-987
-903
-987
-987
-987
-987
-987
-987
-987
-987
-987
-987
-987
-987
-987
-987
-987
-987
-987
-987
-987
-987
-987
-987
-987
-987
-987
-987
-987
-987
-987
-984
-984
-984
-984
-984
-984
-987
-987
-987
-984
-987
-984
-987
-932
-959
-959
-987
-968
-982
-931
-959
-931
-932
-960
201
-946
-974
-974
-994
-974
201
-946
201
201
-904
-974
-917
201
201
-805
-918
201
201
201
201
-927
-988
-982
-955
-988
-988
-988
-988
-988
-988
-988
-988
-988
-988
-955
-983
-983
-983
-983
-983
-983
-983
-983
-983
-983
-983
-983
-983
-983
-983
-983
-983
-983
-983
-983
-983
-983
-983
-983
-983
201
-983
-983
-983
-983
-955
-983
-983
-983
-983
-983
-983
-983
-983
-983
-983
-983
-983
-983
-983
-983
-983
-983
-983
-983
-983
-983
-983
-983
-983
-983
-983
-983
-983
-983
-983
-961
-871
-983
-983
-983
-983
-961
-983
-961
-983
-983
-983
-961
-961
-961
-983
-983
-961
-961
-955
-983
-983
-983
-983
-983
-983
-983
-983
-983
-983
-983
-983
-961
-961
-961
-961
-933
-961
-961
-961
-933
-961
201
-983
-933
201
-983
-983
-983
-983
201
-983
-983
-955
-983
-983
-983
-983
-983
-983
-983
-983
-985
-974
-983
-961
-957
-957
201
201
-974
201
-994
-959
-994
-903
-959
-994
-833
-957
-974
-959
-996
-957
-959
-994
-943
-974
-959
-994
-959
-959
-994
-959
-994
-959
-996
-957
-929
-957
-890
-994
-994
-959
-994
-959
-994
-946
-994
-959
-994
-917
-974
-959
-994
-959
-994
-959
-994
-931
-994
-959
-994
-959
-994
-994
-959
-994
-959
-994
-959
-994
-959
-994
-959
-994
-959
-994
-959
-994
-959
-994
-959
-994
-959
-994
-959
-994
-931
-994
-931
-994
-989
-994
-931
-994
-931
-994
-931
-994
-931
-994
-931
-994
-931
-994
-931
-994
-931
-994
-931
-994
-931
-994
-931
-994
-931
-994
-931
-994
-931
-994
201
-989
-961
-994
-947
-996
201
201
201
201
-805
201
201
201
201
201
201
201
201
201
201
201
201
201
201
201
201
201
201
-857
-969
-941
-941
-885
-969
-857
201
201
-801
-801
-969
-941
-969
201
201
-913
201
-913
201
201
201
201
201
201
201
201
201
201
201
201
201
-933
201
201
201
201
201
201
201
201
201
201
201
201
201
201
201
201
201
201
201
201
201
201
201
201
201
201
201
201
201
201
201
201
201
201
201
201
201
201
201
201
201
201
201
201
201
201
201
201
201
201
201
201
201
201
201
201
201
201
201
201
201
201
201
201
201
201
201
201
201
201
201
201
201
201
201
201
201
201
201
201
201
201
201
201
201
201
201
201
201
201
201
201
201
201
201
201
201
201
201
201
201
201
201
201
201
201
201
201
201
201
201
201
201
201
201
201
201
201
201
201
201
201
201
201
201
201
201
201
201
201
201
201
201
201
201
201
201
201
201
201
201
201
201
201
201
201
