agent: texplore
env: asterix
Feature Selection: 0
Environment is episodic.
set statesPerDim to 0 for all dim
feature 0 has range 30
feature 1 has range 30
feature 2 has range 30
feature 3 has range 30
reward range: 1020
Parallel ETUCT tracking real state values
Planner using history size: 0
Start model learning thread
start parallel uct planning search thread
Created MultClass 0 with nModels: 5
Created C4.5 decision tree 0 with == and > splits
Created C4.5 decision tree 6 with == and > splits
Created C4.5 decision tree 12 with == and > splits
Created C4.5 decision tree 18 with == and > splits
Created C4.5 decision tree 24 with == and > splits
Created MultClass 4 with nModels: 5
Created C4.5 decision tree 4 with == and > splits
Created C4.5 decision tree 10 with == and > splits
Created C4.5 decision tree 16 with == and > splits
Created C4.5 decision tree 22 with == and > splits
Created C4.5 decision tree 28 with == and > splits
Created MultClass 5 with nModels: 5
Created C4.5 decision tree 5 with == and > splits
Created C4.5 decision tree 11 with == and > splits
Created C4.5 decision tree 17 with == and > splits
Created C4.5 decision tree 23 with == and > splits
Created C4.5 decision tree 29 with == and > splits
Created MultClass 1 with nModels: 5
Created C4.5 decision tree 1 with == and > splits
Created C4.5 decision tree 7 with == and > splits
Created C4.5 decision tree 13 with == and > splits
Created C4.5 decision tree 19 with == and > splits
Created C4.5 decision tree 25 with == and > splits
Created MultClass 2 with nModels: 5
-994
Created C4.5 decision tree 2 with == and > splits
Created C4.5 decision tree 8 with == and > splits
Created C4.5 decision tree 14 with == and > splits
Created C4.5 decision tree 20 with == and > splits
Created C4.5 decision tree 26 with == and > splits
Created MultClass 3 with nModels: 5
Created C4.5 decision tree 3 with == and > splits
Created C4.5 decision tree 9 with == and > splits
Created C4.5 decision tree 15 with == and > splits
Created C4.5 decision tree 21 with == and > splits
Created C4.5 decision tree 27 with == and > splits
-993
-996
-995
-994
-995
-995
-992
-994
-995
-991
-991
-991
-990
-996
-994
-992
-995
-995
-996
-996
-995
-996
-994
-994
-993
-994
-994
-994
-995
-993
-994
-995
-993
-992
-995
-995
-994
-994
-994
-966
-996
-996
-994
-994
-995
-995
-994
-995
-992
-996
-992
-995
-991
-994
-994
-997
-991
-994
-994
-987
-995
-994
-996
-995
-994
-994
-996
-996
-990
-995
-973
-991
-994
-994
-995
-994
-990
-994
-995
-995
-995
-995
-988
-988
-991
-993
-995
-995
-994
-985
-995
-994
-995
-994
-993
-993
-994
-994
-992
-994
-982
-995
-993
-994
-994
-994
-968
-994
-994
-995
-994
-972
-995
-994
-995
-994
-995
-994
-995
-994
-991
-995
-995
-991
-992
-995
-930
-990
-995
-989
-959
-991
-995
-995
-995
-996
-989
-991
-986
-986
-991
-992
-987
-995
-945
-995
-992
-995
-995
-996
-987
-995
-994
-992
-994
-994
-989
-991
-989
-973
-988
-994
-981
-994
-995
-991
-991
-994
-994
-994
-993
-994
-995
-994
-995
-987
-991
-993
-992
-991
-992
-995
-993
-993
-994
-959
-986
-992
-996
-987
-994
-987
-987
-974
-982
-996
-995
-988
-996
-995
-987
-989
-988
-995
-986
-988
-995
-945
-994
-974
-991
-985
-992
-995
-987
-994
-992
-987
-995
-987
-995
-989
-994
-972
-995
-995
-973
-995
-991
-987
-994
-987
-994
-987
-995
-987
-995
-994
-987
-987
-988
-993
-984
-995
-986
-995
-987
-995
-987
-995
-987
-995
-987
-987
-995
-992
-972
-986
-994
-995
-931
-995
-972
-996
-973
-959
-984
-959
-992
-995
-987
-995
-959
-995
-995
-987
-995
-995
-931
-994
-996
-995
-988
-945
-994
-991
-987
-996
-996
-988
-991
-995
-990
-989
-987
-987
-996
-996
-994
-996
-994
-996
-992
-995
-989
-996
-996
-994
-996
-988
-994
-988
-987
-995
-996
-931
-930
-995
-996
-984
-995
-972
-995
-958
-995
-958
-996
-900
-995
-996
-995
-996
-995
201
201
-995
-994
-871
-955
-956
201
-995
201
-831
201
201
201
-995
201
201
-995
201
201
201
201
201
201
201
201
201
201
201
201
201
201
-997
-997
-997
-997
-997
-997
-997
-997
-997
-997
-997
-997
-997
-997
-997
-997
-997
-997
-997
-997
-997
-997
-997
-997
-997
-997
-997
-997
-997
-997
-997
-997
-997
-997
-997
-997
-997
-997
-997
-997
-997
-997
-996
-996
-996
-997
-997
-997
-997
-997
-997
-997
-997
-996
-996
-996
-996
-996
-996
-996
-996
-996
-996
-996
-996
-996
-996
-996
-996
-996
-996
-996
-996
-997
-997
-997
-997
-997
-997
-997
-997
-997
-997
-997
-997
-997
-997
-997
-997
-997
-997
-997
-997
-997
-997
-997
-997
-997
-997
-997
-997
-997
-997
-997
-997
-997
-997
-997
-997
-997
-997
-997
-997
-997
-997
-997
-997
-997
-997
-997
-997
-997
-997
-997
-997
-997
-997
-997
-997
-997
-997
-997
-997
-997
-997
-997
-997
-997
-997
-997
-997
-997
-997
-997
-997
-997
-997
-997
-997
-997
-997
-997
-997
-997
-997
-997
-997
-997
-997
-997
-997
-997
-997
-997
-997
-997
-997
-997
-997
-997
-997
-997
-997
-997
-997
-997
-997
-997
-997
-997
-997
-997
-997
-997
-997
-997
-997
-997
-997
-997
-997
-997
-997
-997
-997
-997
-997
-997
-997
-997
-997
201
-995
-995
-995
-995
-996
-997
-997
-997
-997
-997
-997
-997
-997
-997
-996
-996
-996
-996
-996
-995
-984
-984
-985
-985
-984
201
-985
201
201
-985
-995
-994
-996
201
201
-994
-996
-994
-996
-994
201
-994
201
201
-995
-995
-995
-995
-995
-995
-997
-997
-997
-997
-997
-997
-995
-995
-996
-996
-996
-996
-996
-996
-996
-996
-996
-996
-996
-996
-996
-996
-996
-996
-997
-997
-997
-997
-997
-997
-997
-997
-997
-997
-997
-997
-997
-997
-997
-997
-997
-997
-997
-997
-997
-997
-997
-997
-997
-997
-997
-997
-997
-997
-997
-997
-997
-997
-997
-997
-997
-997
-997
-997
-997
-997
-996
-996
-996
-996
-996
-996
-996
-996
-996
-996
-996
-996
-996
-996
-996
-996
-996
-996
-996
-996
-996
-997
-997
-997
-997
-997
-997
-997
-997
-996
-996
-996
-996
-996
-996
-996
-996
-997
-997
-997
-997
-997
-997
-997
-996
-996
-996
-996
-996
-996
-996
-996
-997
-997
-997
-997
-996
-996
-996
-996
-996
-996
-996
-997
-996
-996
-996
-997
-997
-997
-997
-997
-997
-997
-997
-997
-997
-997
-997
-997
-997
-997
-997
-997
-997
-997
-997
-997
-997
-997
-997
-997
-997
-997
-997
-997
-997
-997
-997
-997
-997
-997
-997
-997
-997
-997
-997
-997
-997
-997
-997
-997
-997
-997
-997
-997
-996
-996
-996
-996
-996
-996
-996
-996
-996
-997
-997
-997
-997
-996
-996
-997
-997
-997
-997
-997
-997
-997
-996
-996
-996
-996
-996
-996
-996
-996
-996
-996
-996
-996
-996
-996
-996
-996
-996
-996
-996
-996
-996
-996
-996
-996
-996
-997
-997
-997
-997
-997
-997
-997
-997
-997
-997
-997
-997
-997
-997
-997
-997
-997
-997
-997
-997
-997
-997
-997
-997
-997
-997
-997
-997
-997
-997
-997
-997
-997
-997
-997
-997
-997
-997
-997
-997
-997
-997
-997
-997
-997
-997
-997
-997
-997
-997
-997
-997
-997
-997
-997
-997
-997
-997
-997
-997
-997
-997
-997
-997
-997
-997
-997
-997
-997
-997
-997
-997
-997
-997
-997
-997
-996
-997
-997
-997
-997
-997
-997
-997
-997
-997
-997
-997
-997
-997
-997
-997
-997
-997
-997
-997
-997
-997
-997
-997
-997
-997
-997
-997
-997
-997
-997
-997
-997
-997
-997
-997
-997
-997
-997
-997
-997
-997
-997
-997
-997
-997
-997
-997
-997
-997
-997
-997
-997
-997
-997
-997
-997
-997
-997
-997
-997
-997
-997
-997
-997
-997
-997
-997
-997
-997
-997
-997
-997
-997
-997
-997
-997
