agent: texplore
env: asterix
Feature Selection: 0
Environment is episodic.
set statesPerDim to 0 for all dim
feature 0 has range 30
feature 1 has range 30
feature 2 has range 30
feature 3 has range 30
reward range: 1020
Parallel ETUCT tracking real state values
Planner using history size: 0
Start model learning thread
start parallel uct planning search thread
Created MultClass 0 with nModels: 5
Created C4.5 decision tree 0 with == and > splits
Created C4.5 decision tree 6 with == and > splits
Created C4.5 decision tree 12 with == and > splits
Created C4.5 decision tree 18 with == and > splits
Created C4.5 decision tree 24 with == and > splits
Created MultClass 4 with nModels: 5
Created C4.5 decision tree 4 with == and > splits
Created C4.5 decision tree 10 with == and > splits
Created C4.5 decision tree 16 with == and > splits
Created C4.5 decision tree 22 with == and > splits
Created C4.5 decision tree 28 with == and > splits
Created MultClass 5 with nModels: 5
Created C4.5 decision tree 5 with == and > splits
Created C4.5 decision tree 11 with == and > splits
Created C4.5 decision tree 17 with == and > splits
Created C4.5 decision tree 23 with == and > splits
Created C4.5 decision tree 29 with == and > splits
Created MultClass 1 with nModels: 5
Created C4.5 decision tree 1 with == and > splits
Created C4.5 decision tree 7 with == and > splits
Created C4.5 decision tree 13 with == and > splits
Created C4.5 decision tree 19 with == and > splits
Created C4.5 decision tree 25 with == and > splits
Created MultClass 2 with nModels: 5
Created C4.5 decision tree 2 with == and > splits
Created C4.5 decision tree 8 with == and > splits
Created C4.5 decision tree 14 with == and > splits
Created C4.5 decision tree 20 with == and > splits
Created C4.5 decision tree 26 with == and > splits
Created MultClass 3 with nModels: 5
Created C4.5 decision tree 3 with == and > splits
-992
Created C4.5 decision tree 9 with == and > splits
Created C4.5 decision tree 15 with == and > splits
Created C4.5 decision tree 21 with == and > splits
Created C4.5 decision tree 27 with == and > splits
-995
-995
-991
-995
-994
-993
-996
-996
-996
-978
-993
-996
-996
-996
-996
-995
-994
-996
-994
-995
-996
-995
-974
-995
-996
-995
-996
-995
-994
-993
-996
-995
-995
-995
-995
-995
-995
-995
-990
-995
-987
-994
-996
-995
-993
-995
-995
-994
-980
-994
-994
-994
-993
-995
-993
-994
-991
-994
-993
-993
-995
-993
-993
-994
-994
-994
-994
-995
-995
-995
-995
-995
-995
-995
-995
-995
-995
-995
-995
-995
-995
-995
-995
-995
-995
-995
-995
-995
-995
-995
-995
-995
-991
-994
-994
-994
-988
-990
-995
-995
-995
-995
-995
-995
-995
-995
-994
-995
-995
-994
-995
-994
-994
-994
-995
-995
-995
-995
-995
-995
-995
-995
-995
-995
-995
-995
-991
-995
-991
-981
-996
-994
-993
-993
-993
-995
-987
-986
-973
-986
-979
-991
-994
-992
-994
-994
-995
-994
-994
-995
-995
-995
-995
-995
-995
-989
-995
-995
-995
-995
-994
-995
-994
-995
-994
-991
-995
-994
-992
-989
-988
-987
-989
-992
-994
-987
-986
-987
-987
-994
-992
-994
-994
-992
-994
-994
-994
-990
-984
-989
-994
-987
-987
-995
-995
-995
-995
-995
-995
-995
-995
-995
-986
-987
-989
-975
-975
-987
-993
-988
-987
-990
-990
-995
-996
-996
-996
-996
-996
-996
-994
-987
-995
-994
-987
-994
-994
-996
-990
-990
-996
-996
-996
-987
-996
-995
-996
-990
-996
-996
-994
-994
-990
-996
-995
-994
-995
-995
-994
-994
-994
-994
-994
-996
-996
-996
-996
-996
-994
-994
-995
-993
-994
-994
-994
-995
-994
-995
-993
-994
-995
-996
-995
-992
-994
-996
-991
-996
-990
-993
-995
-991
-990
-988
-994
-994
-996
-991
-995
-990
-995
-996
-995
-995
-995
-988
-987
-991
-987
-995
-995
-995
-994
-995
-994
-995
-995
-995
-994
-995
-995
-995
-995
-995
-995
-995
-995
-994
-994
-994
-994
-994
-994
-990
-995
-994
-994
-994
-994
-994
-994
-994
-995
-995
-995
-995
-995
-995
-988
-990
-976
-990
-981
-990
-995
-995
-995
-995
-995
-995
-995
-995
-946
-995
-995
-995
-995
-995
-992
-995
-992
-992
-982
-992
-992
-991
-991
-992
-992
-992
-992
-982
-992
-992
-991
-991
-992
-991
-991
-991
-995
-995
-995
-995
-991
-991
-986
-988
-988
-989
-991
-989
-988
-990
-992
-996
-990
-992
-992
-989
-989
-992
-989
-990
-996
-989
-988
-988
-989
-989
-989
-989
-988
-988
-996
-988
-988
-988
-988
-988
-988
-996
-987
-990
-987
-987
-988
-988
-988
-988
-987
-996
-990
-988
-988
-988
-988
-988
-987
-959
-947
-989
-975
-987
-975
-987
-987
-948
-987
-986
-987
-986
-987
-996
-987
-986
-987
-986
-987
-986
-987
-986
-987
-986
-987
-988
-987
-986
-986
-986
-989
-989
-931
-996
-959
-996
-987
-996
-987
-890
-931
-975
-987
-987
-959
-972
-987
-975
-971
-987
-959
-959
-959
-931
-973
-987
-987
-987
-987
-959
-959
-959
-973
-987
-975
-987
-973
-987
-959
-973
-987
-959
-959
-959
-931
-959
-959
-987
-959
-959
-973
-987
-975
-987
-973
-987
-974
-989
-987
-959
-959
-959
-975
-987
-975
-987
-959
-959
-959
-973
-959
-974
-987
-959
-974
-987
-959
-971
-987
-987
-959
-960
-987
-973
-987
-973
-959
-959
-959
-973
-973
-987
-959
-959
-974
-959
-973
-987
-973
-987
-973
-987
-959
-959
-973
-987
-959
-959
-959
-959
-959
-959
-959
-959
-959
-959
-959
-959
-959
-959
-959
-959
-959
-959
-959
-959
-959
-959
-959
-959
-959
-959
-959
-959
-959
-959
-959
-959
-959
-959
-959
-959
-959
-959
-959
-959
-959
-959
-959
-959
-959
-959
-959
-959
-959
-959
-959
-959
-959
-959
-959
-959
-959
-959
-959
-959
-959
-959
-959
-959
-959
-959
-959
-959
-959
-959
-959
-959
-959
-959
-959
-959
-959
-959
-959
-959
-959
-959
-959
-959
-959
-959
-959
-959
-959
-959
-959
-959
-959
-959
-959
-959
-959
-959
-973
-987
-973
-987
-973
-987
-959
-973
-987
-973
-987
-973
-987
-973
-987
-973
-987
-973
-987
-973
-987
-973
-987
-959
-959
-959
-959
-959
-959
-973
-987
-973
-987
-973
-987
-973
-987
-974
-987
-974
-987
-974
-987
-959
-959
-959
-959
-959
-959
-959
-959
-959
-959
-959
-959
-959
-959
-959
-959
-959
-959
-959
-974
-987
-959
-974
-987
-974
-974
-973
-973
-973
-973
-973
-987
-987
-974
-987
-974
-987
-974
-987
-974
-987
-973
-987
-992
-987
-987
-987
-987
-973
-987
-973
-987
-973
-987
-987
-973
-987
-973
-973
-987
-987
-987
-987
-987
-987
-987
-987
-987
-987
-987
-987
-987
-987
-987
-987
-987
-987
-987
-987
-987
-987
-987
-987
-987
-987
-987
-987
-987
-987
-987
-987
-987
-987
-987
-987
-987
-987
-987
-987
-987
-987
-987
-987
-987
-987
-987
-987
-987
-987
-987
-987
-987
-987
-987
-987
-987
-987
-987
-987
-987
-987
-987
-987
-987
-987
-987
-987
-987
-987
-987
-988
-987
-987
-987
-987
-987
-987
-987
-987
-987
-987
-987
-987
-987
-987
-987
-971
-987
-987
-987
-987
-987
-987
-987
-987
-987
-987
-987
-987
-987
-987
-987
-987
-987
-987
-987
-987
-987
-987
-987
-987
-943
-971
-971
-987
-971
-985
-985
-985
-985
-945
-985
-971
-971
-985
-985
-985
-985
-985
-985
-985
-985
-985
-973
-991
-957
-985
-985
-985
-985
-985
-985
-985
-985
-985
-985
-985
-987
-901
-987
-945
-917
-943
-987
-973
-945
-991
-985
-987
-991
-973
-971
-987
-991
-985
-985
-987
-985
-987
-991
-973
-971
-987
-957
-987
-991
-971
-987
-959
-945
-971
-987
-987
-985
-987
-991
-981
-987
-987
-985
-987
-971
-985
-985
-987
-991
-973
-957
-987
-985
-987
-985
-985
-985
-985
-985
-985
-985
-985
-985
-985
-985
-985
-985
-985
-985
-985
-985
-985
-985
-985
-985
