agent: texplore
env: asterix
Feature Selection: 0
Environment is episodic.
set statesPerDim to 0 for all dim
feature 0 has range 30
feature 1 has range 30
feature 2 has range 30
feature 3 has range 30
reward range: 1020
Parallel ETUCT tracking real state values
Planner using history size: 0
Start model learning thread
start parallel uct planning search thread
Created MultClass 0 with nModels: 5
Created C4.5 decision tree 0 with == and > splits
Created C4.5 decision tree 6 with == and > splits
Created C4.5 decision tree 12 with == and > splits
Created C4.5 decision tree 18 with == and > splits
Created C4.5 decision tree 24 with == and > splits
Created MultClass 4 with nModels: 5
Created C4.5 decision tree 4 with == and > splits
Created C4.5 decision tree 10 with == and > splits
Created C4.5 decision tree 16 with == and > splits
Created C4.5 decision tree 22 with == and > splits
Created C4.5 decision tree 28 with == and > splits
Created MultClass 5 with nModels: 5
Created C4.5 decision tree 5 with == and > splits
Created C4.5 decision tree 11 with == and > splits
Created C4.5 decision tree 17 with == and > splits
Created C4.5 decision tree 23 with == and > splits
Created C4.5 decision tree 29 with == and > splits
Created MultClass 1 with nModels: 5
Created C4.5 decision tree 1 with == and > splits
Created C4.5 decision tree 7 with == and > splits
Created C4.5 decision tree 13 with == and > splits
Created C4.5 decision tree 19 with == and > splits
Created C4.5 decision tree 25 with == and > splits
Created MultClass 2 with nModels: 5
Created C4.5 decision tree 2 with == and > splits
Created C4.5 decision tree 8 with == and > splits
Created C4.5 decision tree 14 with == and > splits
Created C4.5 decision tree 20 with == and > splits
Created C4.5 decision tree 26 with == and > splits
Created MultClass 3 with nModels: 5
Created C4.5 decision tree 3 with == and > splits
Created C4.5 decision tree 9 with == and > splits
Created C4.5 decision tree 15 with == and > splits
Created C4.5 decision tree 21 with == and > splits
Created C4.5 decision tree 27 with == and > splits
-993
-993
-994
-997
-993
-992
-994
-993
-959
-994
-996
-991
-991
-993
-994
-994
-994
-995
-995
-994
-994
-994
-993
-995
-994
-996
-994
-994
-989
-994
-994
-994
-994
-995
-991
-994
-994
-995
-995
-994
-994
-993
-994
-994
-993
-996
-994
-994
-992
-995
-996
-996
-994
-994
-994
-994
-994
-995
-995
-994
-995
-994
-995
-995
-994
-994
-982
-990
-994
-995
-995
-993
-996
-995
-979
-994
-994
-994
-994
-992
-994
-993
-993
-994
-995
-994
-994
-994
-995
-994
-994
-994
-994
-994
-994
-993
-994
-995
-994
-996
-996
-991
-995
-995
-994
-995
-992
-994
-987
-993
-994
-996
-995
-991
-990
-993
-995
-995
-995
-995
-995
-994
-995
-994
-994
-995
-995
-994
-976
-995
-992
-980
-994
-991
-991
-990
-995
-995
-994
-994
-992
-995
-991
-995
-996
-996
-991
-995
-994
-993
-994
-979
-993
-992
-992
-995
-994
-994
-994
-994
-994
-994
-994
-991
-991
-996
-991
-995
-995
-995
-995
-995
-991
-991
-996
-996
-996
-996
-996
-996
-996
-996
-996
-996
-996
-996
-996
-996
-996
-996
-996
-996
-996
-996
-996
-996
-996
-996
-996
-996
-996
-996
-996
-996
-996
-996
-996
-996
-996
-996
-996
-996
-996
-996
-996
-996
-996
-996
-996
-996
-996
-996
-996
-996
-996
-996
-996
-996
-996
-996
-996
-996
-996
-996
-996
-996
-996
-996
-987
-979
-991
-995
-991
-995
-987
-995
-995
-995
-996
-991
-996
-995
-995
-996
-995
-995
-988
-995
-995
-995
-995
-995
-995
-995
-995
-995
-995
-995
-995
-995
-995
-995
-995
-991
-995
-995
-995
-995
-989
-995
-996
-995
-986
-996
-989
-996
-987
-990
-987
-981
-995
-990
-995
-987
-995
-974
-995
-996
-987
-995
-987
-996
-986
-996
-985
-986
-996
-973
-995
-995
-995
-988
-986
-995
-995
-996
-959
-995
-987
-995
-987
-995
-987
-996
-990
-995
-987
-986
-987
-987
-986
-987
-987
-996
-987
-996
-987
-988
-996
-988
-994
-987
-987
-987
-987
-987
-987
-987
-986
-959
-959
-987
-988
-992
-996
-988
-966
-987
-987
-987
-987
-987
-987
-973
-987
-987
-987
-996
-987
-996
-987
-996
-987
-997
-987
-996
-975
-993
-974
-993
-931
-996
-987
-993
-987
-970
-987
-988
-995
-985
-987
-987
-990
-996
-987
-987
-996
-987
-987
-987
-987
-987
-995
-987
-995
-987
-987
-995
-987
-995
-987
-995
-987
-987
-995
-987
-987
-987
-995
-987
-985
-987
-987
-995
-987
-995
-987
-995
-987
-995
-987
-995
-987
-995
-987
-987
-987
-987
-995
-987
-995
-993
-988
-987
-996
-987
-996
-987
-996
-987
-996
-987
-995
-987
-995
-987
-996
-987
-996
-987
-987
-996
-987
-996
-987
-996
-987
-996
-987
-996
-987
-995
-987
-996
-987
-996
-987
-987
-987
-987
-996
-988
-987
-996
-987
-987
-987
-987
-987
-987
-987
-993
-987
-987
-996
-987
-987
-996
-987
-987
-987
-987
-987
-987
-987
-987
-987
-987
-996
-986
-997
-986
-997
-987
-996
-987
-996
-987
-995
-987
-995
-987
-995
-987
-995
-987
-995
-987
-995
-987
-995
-987
-995
-987
-995
-987
-995
-987
-995
-987
-995
-987
-995
-987
-995
-987
-995
-987
-995
-987
-995
-987
-995
-987
-995
-987
-995
-987
-995
-987
-987
-987
-987
-987
-987
-987
-987
-987
-987
-987
-987
-987
-987
-987
-987
-987
-987
-987
-987
-987
-987
-987
-987
-987
-987
-987
-987
-987
-987
-987
-987
-987
-987
-987
-987
-987
-987
-987
-987
-987
-987
-987
-987
-987
-987
-987
-987
-987
-987
-987
-987
-987
-987
-987
-987
-987
-987
-987
-987
-987
-987
-987
-987
-987
-987
-987
-987
-987
-987
-987
-987
-987
-987
-987
-987
-987
-987
-987
-987
-987
-987
-987
-987
-987
-987
-987
-987
-987
-987
-987
-987
-987
-987
-987
-987
-996
-987
-996
-988
-996
-988
-996
-990
-931
-973
-996
-988
-995
-974
-945
-997
-990
-945
-995
-990
-989
-986
-990
-975
-995
-985
-990
-987
-995
-987
-995
-990
-995
-987
-995
-987
-995
-987
-995
-990
-995
-984
-989
-990
-988
-995
-990
-987
-990
-900
-997
-959
-995
-988
-990
-995
-990
-996
-990
-991
-990
-889
-996
-990
-835
-996
-974
-973
-990
201
-990
201
-985
-990
-989
-962
-988
-987
-987
-987
-987
-996
-997
-988
-995
-988
-947
201
-990
-974
-993
-990
-990
-974
-985
-988
-986
-990
-990
-992
-987
-987
-987
-932
-990
-995
-987
-990
-929
-996
-990
-987
-987
-987
-990
-956
-990
-994
201
-987
-891
-947
-987
-987
-987
-995
-987
-987
-990
-987
-978
-987
-973
-994
-987
-987
-992
-987
-972
-987
-987
-992
-987
-987
-987
-987
-987
-987
-957
-987
-987
-928
-975
-982
-919
-975
201
201
-987
-978
-922
-987
-872
-989
-992
-992
-959
-983
-992
-876
-817
-974
-957
-984
-987
-970
-987
-972
-978
-968
-992
-984
-987
-992
-994
-992
-978
-987
-994
-992
-992
-960
-992
-992
-992
-918
-987
-987
-982
-987
-974
-987
-987
-987
-986
-984
-987
-987
-987
-987
-956
-987
-805
-992
-992
-873
201
-987
-992
-992
-975
-984
-901
-957
-975
-992
-974
-989
-974
-982
-936
-992
-992
-992
-992
-992
-992
-992
-931
-817
-821
-992
-992
-844
-992
-989
-989
-992
-992
201
-889
-992
-992
-992
-992
-992
-992
-992
-992
-992
-992
-992
-992
-992
-992
-992
201
-989
201
-980
201
201
-989
201
-970
-970
-982
-984
-953
-981
201
201
201
-901
-982
-982
-980
201
-978
-982
-964
-992
-992
-992
-992
-992
-992
-992
-992
-992
-992
-992
-992
-992
-992
-992
-992
-992
-992
-992
-992
-992
-992
-992
-992
-992
-992
-992
-992
-992
-992
-992
-992
-992
-992
-992
-992
-992
-992
-992
201
-982
-981
201
201
201
-973
201
-983
201
201
-985
-976
-929
-901
