agent: texplore
env: asterix
Feature Selection: 0
Environment is episodic.
set statesPerDim to 0 for all dim
feature 0 has range 30
feature 1 has range 30
feature 2 has range 30
feature 3 has range 30
reward range: 1020
Parallel ETUCT tracking real state values
Planner using history size: 0
Start model learning thread
start parallel uct planning search thread
Created MultClass 0 with nModels: 5
Created C4.5 decision tree 0 with == and > splits
Created C4.5 decision tree 6 with == and > splits
Created C4.5 decision tree 12 with == and > splits
Created C4.5 decision tree 18 with == and > splits
Created C4.5 decision tree 24 with == and > splits
Created MultClass 4 with nModels: 5
Created C4.5 decision tree 4 with == and > splits
Created C4.5 decision tree 10 with == and > splits
Created C4.5 decision tree 16 with == and > splits
Created C4.5 decision tree 22 with == and > splits
Created C4.5 decision tree 28 with == and > splits
Created MultClass 5 with nModels: 5
Created C4.5 decision tree 5 with == and > splits
Created C4.5 decision tree 11 with == and > splits
Created C4.5 decision tree 17 with == and > splits
Created C4.5 decision tree 23 with == and > splits
Created C4.5 decision tree 29 with == and > splits
Created MultClass 1 with nModels: 5
Created C4.5 decision tree 1 with == and > splits
Created C4.5 decision tree 7 with == and > splits
Created C4.5 decision tree 13 with == and > splits
-995
Created C4.5 decision tree 19 with == and > splits
Created C4.5 decision tree 25 with == and > splits
Created MultClass 2 with nModels: 5
Created C4.5 decision tree 2 with == and > splits
Created C4.5 decision tree 8 with == and > splits
Created C4.5 decision tree 14 with == and > splits
Created C4.5 decision tree 20 with == and > splits
Created C4.5 decision tree 26 with == and > splits
Created MultClass 3 with nModels: 5
Created C4.5 decision tree 3 with == and > splits
Created C4.5 decision tree 9 with == and > splits
Created C4.5 decision tree 15 with == and > splits
Created C4.5 decision tree 21 with == and > splits
Created C4.5 decision tree 27 with == and > splits
-996
-992
-994
-995
-981
-994
-993
-994
-995
-994
-994
-995
-995
-994
-995
-995
-993
-997
-993
-993
-995
-992
-996
-993
-994
-995
-996
-995
-993
-959
-989
-994
-994
-994
-994
-996
-993
-994
-994
-993
-996
-978
-994
-995
-993
-991
-996
-996
-996
-993
-996
-993
-995
-994
-994
-994
-992
-994
-989
-994
-994
-994
-994
-994
-994
-994
-994
-987
-994
-994
-994
-992
-992
-994
-993
-991
-994
-994
-993
-992
-993
-997
-994
-994
-993
-994
-994
-994
-994
-996
-995
-992
-994
-992
-994
-992
-992
-994
-995
-992
-992
-994
-992
-994
-989
-992
-994
-992
-992
-991
-993
-994
-994
-997
-994
-992
-993
-992
-995
-994
-982
-992
-994
-994
-995
-988
-991
-993
-992
-994
-992
-992
-992
-994
-992
-992
-990
-990
-988
-989
-987
-991
-991
-991
-992
-992
-992
-992
-991
-991
-991
-992
-991
-992
-993
-993
-992
-995
-993
-993
-995
-995
-993
-994
-995
-993
-993
-993
-993
-993
-993
-993
-995
-993
-995
-991
-993
-993
-994
-994
-989
-994
-993
-993
-993
-994
-993
-994
-994
-994
-993
-991
-992
-992
-991
-991
-993
-989
-990
-993
-990
-991
-990
-990
-990
-990
-991
-991
-991
-991
-991
-989
-988
-987
-988
-988
-989
-989
-988
-987
-993
-989
-990
-989
-989
-990
-990
-990
-990
-991
-995
-991
-990
-991
-990
-995
-995
-995
-987
-988
-993
-993
-988
-995
-988
-992
-995
-995
-993
-990
-990
-995
-993
-990
-995
-993
-993
-993
-993
-993
-993
-993
-993
-993
-994
-994
-994
-992
-994
-994
-993
-993
-995
-995
-993
-994
-994
-993
-993
-990
-992
-994
-994
-992
-993
-992
-992
-987
-991
-987
-993
-993
-991
-992
-988
-991
-991
-992
-991
-992
-991
-992
-988
-988
-991
-991
-992
-997
-979
-994
-992
-991
-991
-991
-988
-989
-991
-991
-960
-993
-961
-991
-991
-993
-992
-992
-994
-994
-995
-995
-995
-995
-995
-995
-989
-992
-991
-989
-989
-989
-988
-993
-987
-988
-987
-987
-993
-992
-992
-991
-991
-991
-991
-991
-990
-990
-994
-995
-990
-990
-990
-990
-992
-990
-990
-993
-993
-987
-987
-987
-987
-987
-987
-993
-993
-993
-995
-987
-993
-994
-994
-993
-993
-992
-992
-992
-992
-991
-990
-987
-987
-987
-987
-987
-990
-987
-987
-990
-963
-991
-987
-987
-987
-987
-991
-991
-987
-987
-987
-987
-987
-988
-990
-990
-994
-994
-994
-994
-994
-990
-990
-990
-990
-994
-994
-994
-994
-994
-994
-991
-987
-989
-994
-994
-994
-994
-987
-990
-990
-987
-988
-994
-994
-994
-988
-988
-988
-991
-988
-994
-988
-987
-994
-994
-994
-994
-994
-994
-994
-994
-994
-992
-994
-994
-994
-994
-994
-994
-988
-994
-988
-988
-988
-988
-993
-988
-988
-988
-988
-988
-993
-993
-993
-988
-988
-993
-988
-988
-988
-988
-988
-988
-993
-993
-993
-993
-993
-993
-993
-993
-993
-993
-993
-993
-993
-993
-993
-993
-993
-993
-993
-993
-993
-993
-993
-993
-993
-988
-988
-988
-988
-988
-987
-987
-987
-993
-993
-993
-993
-993
-993
-993
-993
-993
-993
-993
-993
-993
-993
-987
-993
-987
-993
-987
-993
-987
-993
-987
-993
-987
-993
-987
-993
-987
-993
-987
-993
-987
-993
-987
-993
-987
-993
-987
-993
-987
-993
-987
-993
-987
-993
-987
-993
-987
-993
-987
-993
-987
-993
-987
-993
-987
-993
-987
-993
-987
-993
-987
-993
-987
-993
-987
-993
-987
-993
-987
-993
-987
-993
-987
-993
-987
-993
-987
-993
-987
-993
-987
-993
-987
-993
-987
-993
-987
-993
-987
-993
-987
-993
-987
-993
-987
-993
-987
-993
-987
-993
-987
-993
-987
-993
-988
-988
-988
-988
-987
-993
-987
-993
-988
-988
-988
-988
-988
-987
-993
-987
-993
-987
-993
-987
-993
-987
-993
-987
-993
-987
-993
-987
-993
-987
-993
-987
-993
-987
-993
-987
-993
-987
-993
-987
-993
-987
-993
-988
-988
-988
-988
-988
-988
-988
-988
-988
-988
-991
-991
-991
-991
-991
-991
-991
-991
-991
-993
-988
-988
-988
-988
-988
-988
-988
-988
-988
-988
-988
-988
-988
-991
-991
-991
-991
-991
-991
-991
-991
-991
-991
-991
-988
-988
-992
-988
-988
-988
-990
-990
-988
-990
-990
-990
-990
-990
-990
-990
-990
-990
-990
-990
-993
-993
-990
-988
-988
-988
-987
-993
-987
-993
-987
-993
-987
-993
-987
-993
-987
-993
-987
-993
-987
-993
-987
-993
-987
-993
-987
-993
-987
-993
-995
-993
-993
-993
-993
-997
-993
-993
-987
-993
-987
-993
-988
-988
-988
-993
-996
-996
-988
-995
-993
-995
-993
-995
-995
-993
-996
-993
-996
-993
-996
-993
-993
-996
-993
-993
-993
-993
-996
-993
-993
-988
-988
-988
-988
-988
-990
-993
-988
-993
-993
-989
-989
-993
-988
-988
-993
-988
-988
-988
-988
-988
-988
-988
-989
-989
-989
-989
-989
-988
-989
-989
-988
-989
-989
-989
-989
-989
-992
-989
-989
-993
-992
-992
-992
-988
-988
-987
-993
-989
-989
-989
-987
-993
-987
-993
-987
-987
-989
-987
-987
-987
-987
-987
-987
-987
-994
-994
-987
-994
-987
-994
-987
-994
-987
-994
-988
-987
-994
-988
-987
-987
-987
-988
-994
-987
-994
-994
-987
-987
-994
-987
-994
-987
-994
-994
-994
-994
-987
-987
-988
-988
-988
-988
-988
-987
-987
-987
-987
-987
-987
-994
-987
-987
-987
-987
-987
-994
-994
-994
-994
-994
-994
-994
-990
-973
-977
-995
-987
-971
-990
-988
-980
-979
-990
-992
-988
-978
-988
-983
-977
-991
-993
-982
-993
-963
-981
-988
-982
-977
-987
-990
-978
-990
-995
-987
-990
-977
-987
-979
-978
-990
-996
-988
-978
-960
-987
-960
-992
-960
-945
-990
-936
-988
-971
-988
-935
-956
-996
-977
-967
-901
-988
-971
-978
-987
-984
-943
-988
-971
-975
