agent: texplore
env: asterix
Feature Selection: 0
Environment is episodic.
set statesPerDim to 0 for all dim
feature 0 has range 30
feature 1 has range 30
feature 2 has range 30
feature 3 has range 30
reward range: 1020
Parallel ETUCT tracking real state values
Planner using history size: 0
Start model learning thread
start parallel uct planning search thread
Created MultClass 0 with nModels: 5
Created C4.5 decision tree 0 with == and > splits
Created C4.5 decision tree 6 with == and > splits
Created C4.5 decision tree 12 with == and > splits
Created C4.5 decision tree 18 with == and > splits
Created C4.5 decision tree 24 with == and > splits
Created MultClass 4 with nModels: 5
Created C4.5 decision tree 4 with == and > splits
Created C4.5 decision tree 10 with == and > splits
Created C4.5 decision tree 16 with == and > splits
Created C4.5 decision tree 22 with == and > splits
Created C4.5 decision tree 28 with == and > splits
Created MultClass 5 with nModels: 5
Created C4.5 decision tree 5 with == and > splits
Created C4.5 decision tree 11 with == and > splits
Created C4.5 decision tree 17 with == and > splits
Created C4.5 decision tree 23 with == and > splits
Created C4.5 decision tree 29 with == and > splits
Created MultClass 1 with nModels: 5
Created C4.5 decision tree 1 with == and > splits
Created C4.5 decision tree 7 with == and > splits
Created C4.5 decision tree 13 with == and > splits
Created C4.5 decision tree 19 with == and > splits
Created C4.5 decision tree 25 with == and > splits
Created MultClass 2 with nModels: 5
Created C4.5 decision tree 2 with == and > splits
Created C4.5 decision tree 8 with == and > splits
Created C4.5 decision tree 14 with == and > splits
Created C4.5 decision tree 20 with == and > splits
Created C4.5 decision tree 26 with == and > splits
Created MultClass 3 with nModels: 5
Created C4.5 decision tree 3 with == and > splits
Created C4.5 decision tree 9 with == and > splits
Created C4.5 decision tree 15 with == and > splits
Created C4.5 decision tree 21 with == and > splits
Created C4.5 decision tree 27 with == and > splits
-994
-992
-995
-996
-995
-994
-994
-996
-996
-995
-994
-993
-993
-993
-990
-995
-991
-992
-995
-995
-993
-994
-995
-994
-993
-991
-993
-990
-994
-994
-993
-994
-992
-995
-995
-994
-993
-994
-994
-994
-995
-994
-994
-994
-994
-994
-992
-996
-994
-993
-993
-996
-993
-993
-993
-993
-993
-993
-993
-996
-993
-994
-994
-988
-994
-992
-994
-993
-993
-962
-996
-961
-989
-993
-993
-993
-990
-992
-992
-988
-959
-993
-990
-990
-992
-990
-996
-992
-987
-959
-989
-990
-996
-989
-990
-989
-959
-959
-987
-990
-934
-988
-987
-990
-990
-990
-959
-931
-934
-989
-990
-933
-990
-961
-961
-989
-989
-990
-996
-990
-961
-959
-961
-987
-990
-961
-989
-931
-959
-990
-990
-903
-934
-977
-977
-931
-990
-977
-987
-977
-977
-977
-977
-973
-990
-977
-977
-994
-960
-994
-960
-973
-989
-960
-949
-973
-988
-949
-995
-945
-959
-837
-984
-996
-996
-996
-996
-996
-996
-990
-996
-848
-986
-960
-960
-991
-974
-995
-960
-995
-960
-995
-960
-974
-996
-875
201
-903
-903
-946
-994
-988
-959
-875
-931
-917
-945
-994
-973
-889
-988
-973
-945
-945
-995
-995
-903
-985
-995
-995
-995
-995
-995
-995
-990
-990
-847
-990
-995
-995
-995
-995
-995
-995
-994
-973
-995
-988
-973
-994
-990
-994
-996
-988
-995
-959
-959
-959
-959
-959
-959
-959
-959
-959
-959
-959
-959
-959
-988
-994
-959
-959
-959
-959
-987
-987
-987
-987
-987
-987
-987
-987
-987
-987
-987
-987
-987
-987
-987
-987
-987
-987
-987
-987
-987
-987
-987
-987
-987
-987
-987
-987
-987
-987
-987
-987
-987
-987
-987
-987
-987
-987
-987
-987
-987
-987
-987
-987
-987
-987
-987
-987
-987
-987
-987
-987
-987
-987
-987
-987
-987
-987
-987
-987
-987
-987
-987
-987
-987
-987
-987
-987
-987
-987
-987
-987
-987
-987
-987
-987
-987
-987
-987
-987
-987
-987
-987
-987
-987
-987
-987
-987
-987
-987
-987
-987
-987
-987
-987
-987
-987
-987
-987
-987
-987
-987
-987
-987
-987
-987
-987
-987
-987
-987
-987
-987
-987
-987
-987
-987
-987
-987
-987
-987
-987
-987
-987
-987
-987
-987
-987
-987
-987
-987
-987
-987
-987
-987
-987
-987
-987
-987
-987
-987
-987
-987
-987
-987
-987
-987
-987
-987
-987
-987
-987
-987
-987
-987
-987
-987
-987
-987
-987
-987
-987
-987
-987
-987
-987
-987
-987
-987
-987
-987
-987
-987
-987
-987
-987
-987
-987
-987
-987
-987
-987
-987
-987
-987
-987
-987
-987
-987
-987
-987
-987
-987
-987
-987
-987
-987
-987
-987
-987
-987
-987
-987
-987
-987
-987
-987
-987
-987
-987
-987
-987
-987
-987
-987
-987
-973
-987
-987
-987
-987
-987
-987
-987
-987
-987
-987
-987
-987
-987
-987
-987
-987
-987
-987
-987
-987
-987
-987
-987
-987
-987
-987
-987
-987
-987
-987
-987
-987
-987
-987
-987
-987
-987
-987
-987
-987
-987
-987
-987
-987
-987
-987
-987
-987
-987
-987
-987
-987
-987
-987
-987
-987
-987
-987
-987
-987
-987
-987
-987
-987
-987
-987
-987
-987
-987
-987
-987
-987
-987
-987
-987
-987
-987
-987
-987
-987
-987
-987
-987
-987
-987
-987
-987
-987
-987
-987
-987
-987
-987
-987
-987
-987
-987
-987
-987
-987
-987
-987
-987
-987
-987
-987
-987
-987
-987
-987
-987
-987
-987
-987
-987
-987
-987
-987
-987
-987
-987
-987
-987
-987
-987
-987
-987
-987
-987
-987
-987
-987
-987
-987
-987
-987
-987
-987
-987
-987
-987
-987
-987
-987
-987
-987
-987
-987
-987
-987
-987
-987
-987
-987
-987
-987
-987
-987
-987
-987
-987
-987
-987
-987
-987
-987
-987
-987
-987
-987
-987
-987
-987
-987
-987
-987
-987
-987
-987
-987
-987
-987
-987
-987
-987
-987
-987
-987
-987
-987
-987
-987
-987
-987
-987
-987
-987
-987
-987
-987
-987
-987
-987
-987
-987
-987
-987
-987
-987
-987
-987
-987
-987
-987
-987
-903
-959
-868
-995
-995
-875
-931
-931
-903
201
-819
-903
-903
-931
-931
-931
-980
-995
-931
201
-903
-931
-847
-931
-931
-931
-931
-931
201
-991
-819
-931
-931
-921
-931
-875
-959
-959
-959
201
201
201
201
201
201
201
201
201
201
201
201
201
201
201
201
201
201
-821
201
-994
201
201
201
201
201
201
201
201
201
201
201
201
201
201
201
201
201
201
201
201
-932
-960
201
201
201
201
201
201
201
201
201
201
201
201
201
201
-986
-992
201
201
201
201
-874
-986
-986
-986
-986
-986
-986
-986
-986
-957
-901
-985
-985
-957
-985
-985
-985
201
201
201
201
201
201
201
201
201
201
201
201
201
201
201
201
201
-928
-816
-888
201
-959
-847
-861
201
201
201
-903
-987
-987
-959
-987
-987
-987
-987
-987
201
-876
-995
-848
-995
201
201
201
201
-904
-820
-988
-847
-987
-931
-987
-987
-987
-838
-903
-974
-956
-974
-974
-974
-974
-863
-961
-931
-975
-975
-875
-957
201
201
-807
201
201
201
201
201
201
201
201
201
201
201
201
201
201
201
-980
-889
-827
-945
-945
-987
-987
-987
-959
-987
-987
-987
-987
-832
-986
-944
-958
-986
-916
-818
-958
-930
-944
-986
-986
-986
-986
-986
-986
-986
-986
-986
-855
201
-930
-930
-930
-958
201
-986
-986
-986
-986
-986
-986
-986
-986
-986
-986
-986
-986
-986
-986
-986
-986
-986
-986
-986
-986
-986
-986
-986
-986
-986
-986
-986
-986
-986
-986
-986
-986
-986
-986
-986
-986
-986
-986
-986
-846
-930
-930
-930
-958
-986
-930
-958
-958
-958
-902
-958
-958
-972
-986
-986
-986
-986
-986
-986
-986
-986
-986
-986
-986
-986
-986
-986
-986
-986
-986
