agent: texplore
env: asterix
Feature Selection: 0
Environment is episodic.
set statesPerDim to 0 for all dim
feature 0 has range 30
feature 1 has range 30
feature 2 has range 30
feature 3 has range 30
reward range: 1020
Parallel ETUCT tracking real state values
Planner using history size: 0
Start model learning thread
start parallel uct planning search thread
Created MultClass 0 with nModels: 5
Created C4.5 decision tree 0 with == and > splits
Created C4.5 decision tree 6 with == and > splits
Created C4.5 decision tree 12 with == and > splits
Created C4.5 decision tree 18 with == and > splits
Created C4.5 decision tree 24 with == and > splits
Created MultClass 4 with nModels: 5
Created C4.5 decision tree 4 with == and > splits
Created C4.5 decision tree 10 with == and > splits
Created C4.5 decision tree 16 with == and > splits
Created C4.5 decision tree 22 with == and > splits
Created C4.5 decision tree 28 with == and > splits
Created MultClass 5 with nModels: 5
Created C4.5 decision tree 5 with == and > splits
Created C4.5 decision tree 11 with == and > splits
Created C4.5 decision tree 17 with == and > splits
Created C4.5 decision tree 23 with == and > splits
Created C4.5 decision tree 29 with == and > splits
Created MultClass 1 with nModels: 5
Created C4.5 decision tree 1 with == and > splits
Created C4.5 decision tree 7 with == and > splits
Created C4.5 decision tree 13 with == and > splits
Created C4.5 decision tree 19 with == and > splits
Created C4.5 decision tree 25 with == and > splits
Created MultClass 2 with nModels: 5
Created C4.5 decision tree 2 with == and > splits
Created C4.5 decision tree 8 with == and > splits
Created C4.5 decision tree 14 with == and > splits
Created C4.5 decision tree 20 with == and > splits
Created C4.5 decision tree 26 with == and > splits
Created MultClass 3 with nModels: 5
Created C4.5 decision tree 3 with == and > splits
Created C4.5 decision tree 9 with == and > splits
Created C4.5 decision tree 15 with == and > splits
Created C4.5 decision tree 21 with == and > splits
Created C4.5 decision tree 27 with == and > splits
-995
-994
-996
-995
-994
-994
-995
-997
-995
-991
-990
-991
-991
-994
-987
-989
-988
-992
-988
-992
-994
-988
-987
-994
-994
-987
-987
-997
-987
-993
-997
-987
-987
-994
-994
-994
-994
-994
-988
-994
-995
-994
-994
-994
-994
-994
-987
-994
-988
-987
-993
-993
-988
-988
-995
-997
-993
-993
-993
-993
-993
-993
-994
-993
-993
-993
-993
-993
-988
-989
-990
-991
-991
-991
-991
-991
-991
-991
-991
-991
-990
-988
-990
-987
-989
-989
-987
-988
-989
-988
-988
-989
-988
-988
-988
-988
-988
-988
-988
-988
-989
-989
-989
-988
-988
-988
-988
-988
-987
-988
-988
-988
-988
-988
-988
-988
-988
-988
-988
-988
-988
-988
-988
-988
-988
-988
-988
-988
-988
-988
-988
-988
-988
-988
-988
-988
-988
-988
-988
-988
-988
-988
-988
-988
-988
-988
-988
-973
-988
-962
-990
-986
-990
-990
-990
-990
-990
-986
-989
-986
-987
-987
-987
-987
-987
-987
-987
-987
-987
-987
-987
-987
-985
-987
-985
-987
-987
-988
-988
-995
-987
-987
-988
-987
-990
-990
-987
-987
-987
-987
-990
-990
-990
-987
-987
-987
-987
-987
-987
-987
-990
-990
-987
-990
-987
-987
-987
-987
-987
-987
-987
-987
-987
-987
-987
-987
-990
-990
-985
-988
-958
-990
-988
-995
-990
-988
-995
-990
-988
-995
-990
-988
-990
-973
-973
-987
-985
-987
-987
-985
-959
-959
-990
-959
-996
-990
-996
-994
-987
-996
-994
-995
-997
-997
-997
-997
-997
-997
-997
-997
-997
-997
-997
-997
-997
-997
-997
-997
-997
-997
-997
-997
-997
-997
-997
-997
-997
-997
-997
-997
-997
-997
-997
-997
-997
-997
-997
-997
-997
-997
-997
-997
-997
-997
-997
-997
-997
-997
-997
-997
-997
-997
-997
-997
-997
-997
-997
-997
-997
-997
-997
-997
-997
-997
-997
-997
-997
-997
-997
-997
-997
-997
-997
-997
-997
-997
-997
-997
-997
-997
-997
-997
-997
-997
-997
-997
-997
-997
-997
-997
-997
-997
-997
-997
-997
-997
-997
-997
-997
-997
-997
-997
-997
-997
-997
-997
-997
-997
-997
-997
-997
-997
-997
-997
-997
-997
-997
-997
-997
-997
-997
-997
-997
-997
-997
-997
-997
-997
-997
-997
-997
-997
-997
-997
-997
-997
-997
-997
-997
-997
-997
-997
-997
-997
-997
-997
-997
-997
-997
-997
-997
-997
-997
-997
-997
-997
-997
-997
-997
-997
-997
-997
-997
-997
-997
-997
-997
-997
-997
-997
-997
-997
-997
-997
-997
-997
-997
-997
-997
-997
-997
-997
-997
-997
-997
-997
-997
-997
-997
-997
-997
-997
-997
-997
-942
-987
-974
-988
-973
-987
-918
-973
-987
-987
-917
-987
-987
-987
-997
-997
-987
-987
-987
-987
-987
-987
-988
-987
-988
-995
-996
-973
-973
-987
-987
-945
-996
-973
-996
-987
-996
-987
-987
-959
-987
-986
-996
-987
-996
-987
-996
-987
-987
-987
-996
-987
-988
-988
-988
-988
-988
-988
-996
-988
-996
-988
-988
-996
-988
-988
-996
-987
-996
-987
-996
-987
-996
-988
-996
-988
-996
-988
-996
-988
-973
-988
-996
-988
-973
-996
-987
-996
-973
-945
-996
-973
-988
-988
-974
-957
-974
-988
-996
-862
-996
-974
-996
-988
-988
-946
-932
-988
-988
-988
-974
-988
-988
-989
-989
-989
-989
-989
-989
-989
-989
-989
-989
-989
-989
-989
-989
-989
-989
-989
-989
-989
-989
-989
-989
-989
-989
-989
-989
-989
-989
-989
-989
-989
-989
-989
-989
-989
-989
-989
-989
-989
-989
-989
-989
-989
-989
-989
-989
-989
-989
-989
-989
-989
-989
-989
-989
-989
-989
-989
-989
-989
-989
-989
-989
-989
-989
-989
-989
-989
-989
-989
-989
-989
-989
-989
-989
-989
-989
-989
-989
-989
-989
-989
-989
-989
-989
-989
-989
-989
-989
-989
-989
-989
-989
-989
-989
-989
-989
-989
-989
-989
-989
-989
-989
-989
-989
-989
-989
-989
-989
-989
-989
-989
-989
-989
-989
-989
-989
-989
-989
-989
-989
-989
-989
-989
-989
-989
-989
-989
-989
-989
-989
-989
-989
-989
-989
-989
-989
-989
-989
-989
-989
-989
-989
-989
-989
-989
-989
-989
-989
-989
-989
-989
-989
-989
-989
-989
-989
-989
-989
-989
-989
-989
-989
-989
-989
-989
-989
-989
-989
-989
-989
-989
-989
-989
-989
-989
-989
-989
-989
-989
-989
-989
-989
-989
-989
-989
-989
-989
-989
-989
-989
-989
-989
-989
-989
-989
-989
-989
-989
-989
-989
-989
-989
-989
-989
-989
-989
-989
-989
-989
-989
-989
-989
-989
-989
-989
-989
-989
-989
-989
-989
-989
-989
-989
-989
-989
-989
-989
-989
-989
-989
-989
-989
-989
-989
-989
-989
-989
-989
-989
-989
-989
-989
-989
-989
-989
-989
-989
-989
-989
-989
-989
-989
-989
-989
-989
-989
-989
-989
-989
-989
-989
-989
-989
-989
-989
-989
-989
-989
-989
-989
-989
-989
-989
-989
-995
-985
-974
-973
-989
-986
-989
-987
-973
-974
-986
-918
-973
-974
-973
-989
-984
-945
-974
-942
-973
-989
-959
-975
-987
-863
-985
-984
-989
-946
-989
-969
-918
-985
-974
-974
-970
-989
-985
-989
-985
-987
-989
-985
-985
-989
-974
-985
-984
-983
-989
-985
-989
-970
-984
-989
-985
-989
-985
-989
-985
-989
-985
-989
-985
-989
-985
-987
-989
-985
-989
-985
-989
-985
-974
-957
-989
-985
-989
-970
-984
-941
-969
-989
-970
-984
-970
-984
-985
-985
-989
-932
-985
-989
-957
-973
-989
-985
-957
-989
-985
-987
-989
-985
-987
-987
-987
-987
-987
-987
-989
-985
-987
-989
-985
-989
-985
-989
-985
-989
-932
-974
-957
-944
-957
-989
-985
-989
-985
-956
-970
-957
-985
-989
-985
-987
-987
-989
-970
-985
-987
-987
-987
-916
-973
-972
-942
-984
-970
-970
-986
-930
-886
-970
-985
-984
-983
-973
-986
-970
-985
-985
-985
-985
-970
-985
-970
-970
-985
