agent: texplore
env: asterix
Feature Selection: 0
Environment is episodic.
set statesPerDim to 0 for all dim
feature 0 has range 30
feature 1 has range 30
feature 2 has range 30
feature 3 has range 30
reward range: 1020
Parallel ETUCT tracking real state values
Planner using history size: 0
Start model learning thread
start parallel uct planning search thread
Created MultClass 0 with nModels: 5
Created C4.5 decision tree 0 with == and > splits
Created C4.5 decision tree 6 with == and > splits
Created C4.5 decision tree 12 with == and > splits
Created C4.5 decision tree 18 with == and > splits
Created C4.5 decision tree 24 with == and > splits
Created MultClass 4 with nModels: 5
Created C4.5 decision tree 4 with == and > splits
Created C4.5 decision tree 10 with == and > splits
Created C4.5 decision tree 16 with == and > splits
Created C4.5 decision tree 22 with == and > splits
Created C4.5 decision tree 28 with == and > splits
Created MultClass 5 with nModels: 5
Created C4.5 decision tree 5 with == and > splits
Created C4.5 decision tree 11 with == and > splits
Created C4.5 decision tree 17 with == and > splits
Created C4.5 decision tree 23 with == and > splits
Created C4.5 decision tree 29 with == and > splits
Created MultClass 1 with nModels: 5
Created C4.5 decision tree 1 with == and > splits
Created C4.5 decision tree 7 with == and > splits
-995
Created C4.5 decision tree 13 with == and > splits
Created C4.5 decision tree 19 with == and > splits
Created C4.5 decision tree 25 with == and > splits
Created MultClass 2 with nModels: 5
Created C4.5 decision tree 2 with == and > splits
Created C4.5 decision tree 8 with == and > splits
Created C4.5 decision tree 14 with == and > splits
Created C4.5 decision tree 20 with == and > splits
Created C4.5 decision tree 26 with == and > splits
Created MultClass 3 with nModels: 5
Created C4.5 decision tree 3 with == and > splits
Created C4.5 decision tree 9 with == and > splits
Created C4.5 decision tree 15 with == and > splits
Created C4.5 decision tree 21 with == and > splits
Created C4.5 decision tree 27 with == and > splits
-996
-993
-994
-993
-990
-996
-994
-990
-991
-991
-995
-995
-994
-995
-995
-994
-991
-947
-994
-994
-992
-994
-996
-996
-994
-995
-993
-994
-995
-995
-994
-995
-994
-994
-994
-995
-994
-994
-994
-994
-994
-990
-994
-994
-994
-994
-994
-994
-994
-994
-994
-994
-995
-995
-995
-994
-994
-994
-994
-994
-995
-995
-994
-993
-996
-994
-993
-994
-994
-995
-994
-995
-991
-988
-996
-994
-994
-995
-994
-995
-994
-996
-995
-995
-995
-995
-995
-993
-995
-995
-994
-993
-994
-993
-995
-995
-993
-994
-994
-996
-981
-994
-994
-994
-994
-994
-994
-995
-994
-995
-987
-995
-994
-994
-994
-994
-994
-994
-994
-994
-995
-996
-987
-995
-996
-995
-994
-994
-994
-995
-995
-994
-994
-994
-994
-994
-995
-994
-994
-994
-994
-994
-994
-994
-994
-991
-961
-992
-990
-991
-994
-996
-994
-994
-994
-990
-994
-994
-995
-994
-992
-990
-992
-994
-994
-994
-995
-994
-963
-994
-995
-992
-994
-994
-994
-994
-994
-994
-994
-987
-994
-992
-995
-994
-978
-994
-994
-987
-992
-995
-996
-995
-987
-994
-994
-994
-994
-994
-995
-996
-994
-994
-996
-994
-995
-996
-993
-994
-995
-996
-994
-994
-995
-996
-994
-992
-990
-992
-992
-990
-992
-995
-987
-993
-987
-992
-992
-994
-994
-994
-992
-994
-992
-994
-973
-994
-992
-992
-992
-996
-996
-996
-996
-994
-994
-992
-992
-994
-994
-994
-994
-994
-994
-996
-994
-994
-994
-994
-994
-994
-994
-995
-996
-959
-994
-994
-994
-994
-994
-994
-994
-994
-994
-994
-994
-994
-994
-995
-995
-995
-995
-987
-994
-994
-992
-992
-994
-994
-994
-994
-987
-994
-994
-994
-994
-994
-994
-987
-987
-919
-996
-995
-996
-995
-996
-996
-996
-996
-996
-996
-987
-996
-995
-996
-996
-987
-996
-996
-996
-996
-996
-996
-996
-996
-996
-996
-996
-996
-996
-995
-995
-996
-996
-996
-996
-996
-996
-996
-996
-996
-996
-996
-996
-996
-996
-996
-987
-995
-995
-996
-987
-995
-993
-987
-993
-987
-993
-996
-995
-996
-995
-996
-995
-996
-987
-919
-993
-995
-993
-995
-987
-993
-995
-993
-993
-996
-996
-996
-996
-996
-996
-996
-996
-996
-996
-996
-996
-996
-996
-996
-996
-996
-993
-996
-996
-996
-996
-996
-996
-996
-996
-996
-996
-996
-996
-996
-996
-996
-996
-996
-996
-996
-996
-996
-996
-996
-996
-996
-996
-996
-996
-996
-996
-996
-996
-996
-996
-996
-996
-996
-996
-996
-996
-996
-996
-996
-996
-996
-996
-996
-996
-996
-996
-996
-996
-996
-996
-996
-996
-996
-996
-996
-996
-996
-996
-996
-996
-996
-996
-996
-996
-996
-996
-996
-996
-996
-996
-996
-996
-996
-996
-996
-996
-996
-996
-996
-996
-996
-996
-996
-996
-996
-996
-996
-996
-996
-996
-996
-996
-996
-996
-996
-996
-996
-996
-996
-995
-993
-995
-976
-995
-996
-996
-996
-996
-996
-996
-996
-996
-996
-996
-996
-996
-996
-996
-996
-996
-996
-996
-996
-996
-996
-996
-996
-996
-996
-996
-996
-996
-996
-996
-996
-996
-996
-996
-996
-996
-996
-996
-996
-996
-996
-996
-996
-996
-996
-996
-996
-996
-996
-996
-996
-996
-996
-996
-996
-996
-996
-996
-996
-996
-996
-996
-996
-996
-996
-996
-996
-996
-996
-996
-996
-996
-996
-996
-996
-996
-996
-996
-996
-996
-996
-996
-996
-996
-996
-996
-996
-996
-996
-996
-996
-996
-996
-996
-996
-996
-996
-996
-996
-996
-996
-996
-996
-996
-996
-996
-996
-996
-996
-996
-996
-996
-996
-996
-996
-996
-996
-996
-996
-996
-996
-996
-996
-996
-996
-996
-996
-996
-996
-996
-996
-996
-996
-996
-996
-996
-996
-996
-996
-996
-996
-996
-996
-996
-996
-996
-996
-996
-996
-996
-996
-996
-996
-996
-996
-996
-996
-996
-996
-996
-996
-996
-996
-996
-996
-996
-996
-996
-996
-996
-996
-996
-996
-996
-996
-996
-996
-996
-996
-996
-996
-996
-996
-996
-996
-996
-996
-996
-996
-996
-996
-996
-996
-996
-996
-996
-996
-996
-996
-996
-996
-996
-996
-996
-995
-863
-995
-883
-945
201
-947
-917
-945
-945
-917
-993
-993
-996
-995
-993
-996
-993
-995
-993
-996
-996
-996
-996
-995
-993
-996
-996
-996
-996
-996
-996
-996
-996
-996
-996
-993
-996
-993
-996
-996
-996
-996
-993
-995
-993
-996
-996
-996
-996
-996
-996
-996
-996
-996
-996
-996
-996
-996
-996
-996
-996
-996
-996
-996
-996
-996
-996
-996
-996
-996
-996
-996
-996
-996
-996
-996
-996
-996
-996
-996
-996
-996
-996
-996
-996
-996
-996
-996
-996
-996
-996
-996
-996
-993
-996
-996
-996
-996
-996
-996
-996
-996
-996
-996
-996
-996
-996
-996
-996
-996
-996
-996
-996
-996
-996
-996
-996
-996
-996
-996
-996
-996
-996
-996
-996
-996
-996
-996
-996
-996
-996
-996
-996
-996
-996
-996
-996
-996
-996
-996
-996
-996
-996
-996
-996
-996
-996
-996
-996
-996
-996
-996
-996
-996
-996
-996
-996
-996
-996
-996
-996
-996
-996
-996
-996
-996
-996
-996
-996
-996
-996
-996
-996
-996
-996
-996
-996
-996
-996
-996
-996
-996
-996
-996
-996
-996
-996
-996
-996
-996
-996
-996
-996
-996
-996
-996
-996
-996
-996
-996
-996
-996
-996
-996
-996
-996
-996
-996
-996
-996
-996
-996
-996
-996
-996
-996
-996
-996
-996
-996
-996
-996
-996
-996
-996
-996
-996
-996
-996
-996
-996
-996
-996
-996
-996
-996
-996
-996
-996
-996
-996
-996
-996
-996
-996
-996
-996
-996
-996
-996
-996
-996
-996
-996
-996
-996
-996
-996
-996
-996
-996
-996
-996
-996
-996
-996
-996
-996
-996
-996
-996
-996
-996
-996
-996
-996
-996
-996
-996
-996
-996
-996
-996
-996
-996
-996
-996
-996
-996
-996
-996
-996
-996
