agent: texplore
env: asterix
Feature Selection: 0
Environment is episodic.
set statesPerDim to 0 for all dim
feature 0 has range 30
feature 1 has range 30
feature 2 has range 30
feature 3 has range 30
reward range: 1020
Parallel ETUCT tracking real state values
Planner using history size: 0
Start model learning thread
start parallel uct planning search thread
Created MultClass 0 with nModels: 5
Created C4.5 decision tree 0 with == and > splits
Created C4.5 decision tree 6 with == and > splits
Created C4.5 decision tree 12 with == and > splits
Created C4.5 decision tree 18 with == and > splits
Created C4.5 decision tree 24 with == and > splits
Created MultClass 4 with nModels: 5
Created C4.5 decision tree 4 with == and > splits
Created C4.5 decision tree 10 with == and > splits
Created C4.5 decision tree 16 with == and > splits
Created C4.5 decision tree 22 with == and > splits
Created C4.5 decision tree 28 with == and > splits
Created MultClass 5 with nModels: 5
Created C4.5 decision tree 5 with == and > splits
Created C4.5 decision tree 11 with == and > splits
Created C4.5 decision tree 17 with == and > splits
Created C4.5 decision tree 23 with == and > splits
Created C4.5 decision tree 29 with == and > splits
Created MultClass 1 with nModels: 5
Created C4.5 decision tree 1 with == and > splits
Created C4.5 decision tree 7 with == and > splits
Created C4.5 decision tree 13 with == and > splits
Created C4.5 decision tree 19 with == and > splits
Created C4.5 decision tree 25 with == and > splits
Created MultClass 2 with nModels: 5
Created C4.5 decision tree 2 with == and > splits
Created C4.5 decision tree 8 with == and > splits
Created C4.5 decision tree 14 with == and > splits
Created C4.5 decision tree 20 with == and > splits
Created C4.5 decision tree 26 with == and > splits
Created MultClass 3 with nModels: 5
Created C4.5 decision tree 3 with == and > splits
Created C4.5 decision tree 9 with == and > splits
Created C4.5 decision tree 15 with == and > splits
Created C4.5 decision tree 21 with == and > splits
Created C4.5 decision tree 27 with == and > splits
-995
-994
-993
-988
-992
-992
-995
-995
-994
-996
-995
-995
-994
-995
-997
-995
-996
-996
-994
-990
-996
-995
-996
-995
-996
-994
-978
-995
-996
-996
-976
-996
-993
-995
-994
-996
-996
-995
-996
-996
-991
-994
-994
-982
-993
-994
-994
-996
-990
-979
-982
-996
-996
-996
-982
-962
-997
-982
-976
-983
-981
-955
-994
-995
-940
-977
-993
-931
-983
-983
-995
-986
-993
-994
-994
-994
-983
-993
-994
-994
-977
-983
-994
-994
-994
-983
-994
-994
-994
-983
-994
-991
-993
-994
-980
-994
-994
-994
-994
-980
-995
-994
-994
-994
-982
-994
-994
-994
-980
-992
-921
-938
-966
-980
-829
-993
-983
-920
-980
-994
-994
-980
-994
-980
-994
-994
-994
-994
-994
-954
-983
-910
-952
-986
-983
-983
-938
-976
-980
-984
-985
-983
-980
201
-868
-966
-966
-870
-910
-994
-994
-994
-994
-994
-994
-994
-994
-994
-994
-994
-994
-994
-994
-994
-994
-994
-994
-994
-994
-994
-980
-994
-994
-994
-966
-994
-994
-994
-994
-994
-994
-994
-994
-994
-980
-994
-994
-994
-994
-994
-994
-994
-994
-994
-994
-994
-994
-994
-994
-994
-994
-994
-994
-994
-994
-994
-994
-994
-994
-994
-994
-994
-994
-994
-994
-994
-994
-994
-994
-994
-994
-994
-994
-994
-994
-994
-994
-994
-994
-994
-994
-994
-994
-994
-994
-966
-966
-994
-994
-994
-994
-994
-994
-994
-994
-994
201
-982
-986
201
-982
-981
-982
-982
-920
-938
-916
-966
-952
-952
-966
-982
-966
-966
-982
-982
-982
-982
-982
-966
-966
-966
-966
-994
-994
-994
-994
-994
-994
-994
-994
-994
-994
-994
-994
-994
-994
-994
-994
-994
-994
-966
-966
-966
-966
-966
-966
-966
-966
-966
-966
-966
-966
-966
-966
-966
-966
-966
-966
-966
-966
-903
-966
-966
-966
-982
-982
-966
-966
-966
-966
-966
-982
-966
-982
-987
201
201
201
-916
201
201
-916
201
201
201
-888
-995
-995
-958
-995
-888
-995
-995
-995
-995
-995
-995
-995
-995
-995
-916
-995
-995
-995
201
-942
201
201
201
-995
-995
-945
-861
201
-995
201
201
201
201
201
201
-833
-995
201
201
201
-805
201
201
201
201
-928
-928
201
201
201
201
201
-917
-992
-899
-815
-940
-842
-982
-941
-941
-985
-982
-985
-985
-989
-985
-985
-985
-985
-985
-989
-985
-989
-989
-989
-989
-989
-989
-989
-989
-989
-989
-989
-989
-986
-985
-986
-986
-986
-986
-986
-986
-985
-986
-986
-986
-986
-986
-986
-986
-986
-985
-985
-985
-985
-986
-985
-985
-986
-985
-986
-985
-986
-986
-986
-986
-986
-986
-986
-986
-986
-986
-986
-986
-986
-986
-986
-986
-986
-986
-986
-986
-986
-986
-986
-986
-986
-986
-986
-986
-986
-986
-986
-986
-986
-986
-986
-986
-986
-986
-986
-986
-986
-986
-986
-986
-986
-986
-986
-986
-986
-986
-986
-986
-986
-986
-986
-986
-986
-986
-986
-986
-986
-986
-986
-986
-986
-986
-986
-986
-986
-986
-986
-986
-986
-986
-986
-986
-986
-986
-986
-986
-986
-986
-986
-986
-986
-986
-986
-986
-986
-986
-986
-986
-986
-986
-986
-986
-986
-986
-986
-986
-986
-986
-986
-986
-986
-986
-986
-986
-986
-986
-986
-986
-986
-986
-986
-986
-986
-986
-986
-986
-986
-986
-986
-986
-986
-986
-986
-986
-986
-986
-986
-986
-986
-986
-986
-986
-986
-986
-986
-986
-986
-986
-986
-986
-986
-986
-986
-986
-986
-986
-986
-986
-986
-986
-986
-986
-986
-986
-986
-986
-986
-986
-986
-986
-986
-986
-986
-986
-986
-986
-986
-986
-986
-986
-986
-986
-986
-986
-986
-986
-986
-986
-986
-986
-986
-986
-986
-986
-986
-986
-986
-986
-986
-986
-986
-986
-986
-986
-986
-986
-986
-986
-986
-986
-986
-986
-986
-986
-986
-986
-986
-986
-986
-986
-986
-986
-986
-986
-986
-986
-986
-986
-986
-986
-986
-986
-986
-986
-986
-986
-986
-986
-986
-986
-986
-986
-986
-986
-986
-986
-986
-986
-986
-986
-986
-986
-986
-986
-986
-986
-986
-986
-986
-986
-986
-986
-986
-986
-986
-986
-986
-986
-986
-986
-986
-986
-986
-986
-992
-986
-986
-986
-986
-986
-986
-986
-986
-985
-986
-986
-986
-986
-985
-986
-985
-986
-985
-985
-986
-986
-985
-985
-986
-986
-985
-985
-985
-986
-986
-986
-985
-985
-986
-985
-985
-985
-985
-985
-985
-986
-986
-986
-986
-986
-986
-986
-986
-986
-986
-986
-986
-985
-985
-985
-986
-986
-986
-986
-986
-986
-985
-986
-986
-986
-986
-986
-986
-986
-986
-986
-986
-986
-947
-961
-975
-975
-975
-975
-975
-975
-975
-975
-975
-975
-975
-947
-946
-975
-946
-946
-946
-946
-946
-988
-988
-988
-988
-988
-988
-988
-988
-988
-988
-988
-988
-988
-988
-988
-988
-988
-988
-988
-988
-988
-988
-988
-988
-988
-988
-988
-988
-988
-988
-988
-988
-988
-988
-988
-988
-988
-988
-988
-988
-988
-988
-988
-988
-988
-988
-988
-988
-988
-988
-988
-988
-988
-988
-988
-988
-988
-988
-988
-988
-988
-988
-988
-988
-988
-988
-988
-988
-988
-988
-988
-988
-988
-988
-988
-988
-988
-988
-988
-988
-988
-988
-988
-988
-988
-988
-988
-988
-988
-988
-988
-988
-988
-988
-988
-988
-988
-988
-988
-988
-988
-988
-988
-988
-988
-988
-988
-988
-988
-988
-988
-988
-988
-988
-988
-988
-988
-988
-988
-988
-988
-988
-988
-988
-988
-988
-988
-988
-988
-988
-988
-988
-988
-988
-988
-988
-988
-988
-988
-988
-988
-988
-988
-988
-988
-988
-988
-988
-988
-988
-988
-988
-988
-988
-988
-988
-988
-988
-988
-988
-988
-988
-988
-988
-988
-988
-988
-988
-988
-988
-988
-988
-988
-988
-988
-988
-988
-988
-988
-988
-988
-988
-988
-988
-988
-988
-988
