agent: texplore
env: asterix
Environment is episodic.
set statesPerDim to 0 for all dim
feature 0 has range 30
feature 1 has range 30
feature 2 has range 30
reward range: 1001
Parallel ETUCT tracking real state values
Planner using history size: 0
Start model learning thread
start parallel uct planning search thread
Created MultClass 0 with nModels: 5
Created C4.5 decision tree 0 with == and > splits
Created C4.5 decision tree 6 with == and > splits
Created C4.5 decision tree 12 with == and > splits
Created C4.5 decision tree 18 with == and > splits
Created C4.5 decision tree 24 with == and > splits
Created MultClass 3 with nModels: 5
Created C4.5 decision tree 3 with == and > splits
Created C4.5 decision tree 9 with == and > splits
Created C4.5 decision tree 15 with == and > splits
Created C4.5 decision tree 21 with == and > splits
Created C4.5 decision tree 27 with == and > splits
Created MultClass 4 with nModels: 5
Created C4.5 decision tree 4 with == and > splits
Created C4.5 decision tree 10 with == and > splits
Created C4.5 decision tree 16 with == and > splits
Created C4.5 decision tree 22 with == and > splits
Created C4.5 decision tree 28 with == and > splits
Created MultClass 1 with nModels: 5
Created C4.5 decision tree 1 with == and > splits
Created C4.5 decision tree 7 with == and > splits
Created C4.5 decision tree 13 with == and > splits
Created C4.5 decision tree 19 with == and > splits
Created C4.5 decision tree 25 with == and > splits
Created MultClass 2 with nModels: 5
-994
Created C4.5 decision tree 2 with == and > splits
Created C4.5 decision tree 8 with == and > splits
Created C4.5 decision tree 14 with == and > splits
Created C4.5 decision tree 20 with == and > splits
Created C4.5 decision tree 26 with == and > splits
-995
-989
-995
-995
-996
-994
-995
-994
-995
-996
-995
-995
-994
-978
-982
-992
-994
-992
-992
-993
-991
-989
-982
-990
-994
-991
-996
-991
-991
-982
-996
-991
-991
-993
-995
-996
-994
-996
-982
-991
-995
-995
-995
-991
-995
-995
-994
-996
-991
-991
-991
-991
-983
-991
-991
-991
-991
-977
-991
-994
-991
-994
-994
-994
-994
-994
-994
-994
-994
-991
-994
-994
-996
-996
-996
-997
-996
-997
-997
-995
-996
-997
-994
-973
-995
-959
-996
-996
-996
-996
-996
-994
-993
-993
-994
-996
-987
-994
-996
-996
-996
-995
-996
-996
-993
-996
-993
-993
-993
-993
-993
-993
-993
-993
-993
-993
-993
-993
-993
-993
-993
-993
-993
-996
-993
-996
-996
-996
-996
-973
-957
-973
-983
-972
-986
-945
-973
-973
-986
-987
-973
-973
-987
-987
-974
-953
-994
-993
-988
-982
-987
-988
-980
-983
-987
-959
-988
-993
-994
-980
-980
-895
-987
-987
-958
-982
-986
-987
-987
-986
-987
-931
-987
-986
-993
-994
-986
-987
-987
-987
-987
-987
-987
-987
-987
-987
-987
-987
-987
-987
-987
-987
-987
-987
-987
-987
-959
-994
-974
-994
-945
-987
-903
-931
201
-928
-987
-987
-959
-987
-987
201
-890
-995
-807
-995
-995
-995
-995
-995
-995
-995
-995
-995
-995
-995
-995
-956
-947
-995
-995
-995
-995
-995
-995
-995
-995
-995
-995
-995
-995
201
-980
201
201
201
-933
-917
-871
-983
-996
-983
-833
-974
-988
-973
-996
201
201
-982
-973
-992
-945
-919
-976
-994
201
-975
-891
-975
-975
-975
-891
-875
-987
-846
-903
-959
201
-819
201
201
201
201
-890
201
201
201
201
201
201
201
201
201
201
-905
-989
201
201
201
201
201
201
201
201
201
201
201
201
201
201
201
201
201
201
201
201
201
201
201
201
201
201
201
201
201
201
201
201
201
201
201
201
201
201
-917
-997
201
201
201
201
201
201
-917
201
201
201
201
201
201
201
201
201
201
201
201
201
201
201
201
201
201
201
201
201
201
201
201
-987
-987
-987
-987
-987
-987
-987
-987
-987
-987
-987
-987
-931
-987
-987
-987
-987
-987
-987
-959
-987
-987
-987
-903
-931
-987
-987
-987
-987
-987
-987
-987
-987
-987
-987
-987
-987
-987
-987
-987
-819
-987
-931
-959
-819
-903
201
201
201
201
201
201
201
201
201
201
201
201
201
201
201
201
201
201
201
201
201
201
201
201
201
201
201
201
201
201
201
201
201
-947
201
201
201
201
201
201
201
201
201
201
201
201
201
201
201
201
201
201
201
201
201
201
201
201
201
201
-996
201
201
201
201
201
201
201
201
201
201
201
201
201
201
201
201
-994
-994
-994
-994
-994
-994
-994
-994
-994
-994
-994
-994
-994
-994
-994
-994
-994
-994
-994
-994
-994
-994
-994
-994
-994
-994
-994
-994
-994
-994
-994
-994
-994
-994
-994
-994
-994
-994
-994
-994
-994
-994
-994
-994
-994
-994
-994
-994
-994
-994
-994
-994
-994
-994
-994
-994
-994
-994
-994
-994
-994
-994
-994
-994
-994
-994
-994
-994
-994
-994
-994
-994
-994
-994
-994
-994
-994
-994
-994
-994
-994
-994
-994
-994
-994
201
201
201
201
201
201
201
201
201
201
201
201
201
201
201
-857
-803
201
201
201
201
-971
-971
-994
-994
-994
-994
-994
-994
-994
-994
-994
-994
-994
-994
-994
-994
-994
-994
-994
-994
-994
-971
201
201
201
201
201
201
201
201
201
201
201
201
201
201
201
201
201
201
201
201
201
201
201
201
201
201
201
201
201
201
201
201
201
201
201
201
201
201
201
201
201
201
201
201
201
201
201
201
201
201
201
201
201
201
201
201
201
201
201
201
201
201
201
201
201
201
201
201
201
201
201
201
201
201
201
201
201
201
201
201
201
201
201
201
201
-988
-972
201
201
201
201
201
201
201
201
201
201
201
-876
201
-904
-932
-960
201
201
201
201
201
201
201
201
201
201
201
201
201
201
201
201
201
201
201
-989
-989
201
201
201
-989
201
-989
-989
201
201
201
201
201
201
201
201
201
201
201
201
201
201
201
201
201
201
201
201
201
201
201
201
201
201
201
201
201
201
201
201
201
201
201
201
201
201
201
201
201
201
201
201
201
201
201
201
201
201
201
201
201
201
201
201
201
201
201
201
201
201
201
201
201
201
201
201
201
201
201
201
201
201
201
201
201
201
201
201
201
201
201
201
201
201
201
201
201
201
201
201
201
201
201
201
201
201
201
201
201
201
201
201
201
201
201
201
201
201
201
201
201
201
201
201
201
201
201
201
201
201
201
201
201
201
201
201
201
201
201
201
201
201
201
201
201
201
201
201
201
201
201
201
201
201
201
201
201
201
201
201
201
201
201
201
201
201
201
201
201
201
201
201
201
201
201
201
201
201
201
201
201
201
201
201
201
201
201
201
201
201
201
201
201
201
201
201
201
201
201
201
201
201
201
201
201
201
201
201
201
201
201
201
201
201
201
201
201
201
201
201
201
201
201
201
201
201
201
201
201
201
201
201
201
201
201
201
201
201
201
201
201
201
201
201
201
201
201
201
201
201
201
201
201
201
201
201
201
