agent: texplore
env: asterix
Environment is episodic.
set statesPerDim to 0 for all dim
feature 0 has range 30
feature 1 has range 30
feature 2 has range 30
reward range: 1001
Parallel ETUCT tracking real state values
Planner using history size: 0
start parallel uct planning search thread
Start model learning thread
Created MultClass 0 with nModels: 5
Created C4.5 decision tree 0 with == and > splits
Created C4.5 decision tree 6 with == and > splits
Created C4.5 decision tree 12 with == and > splits
Created C4.5 decision tree 18 with == and > splits
Created C4.5 decision tree 24 with == and > splits
Created MultClass 3 with nModels: 5
Created C4.5 decision tree 3 with == and > splits
Created C4.5 decision tree 9 with == and > splits
Created C4.5 decision tree 15 with == and > splits
Created C4.5 decision tree 21 with == and > splits
Created C4.5 decision tree 27 with == and > splits
Created MultClass 4 with nModels: 5
Created C4.5 decision tree 4 with == and > splits
Created C4.5 decision tree 10 with == and > splits
Created C4.5 decision tree 16 with == and > splits
Created C4.5 decision tree 22 with == and > splits
Created C4.5 decision tree 28 with == and > splits
Created MultClass 1 with nModels: 5
Created C4.5 decision tree 1 with == and > splits
Created C4.5 decision tree 7 with == and > splits
-995
Created C4.5 decision tree 13 with == and > splits
Created C4.5 decision tree 19 with == and > splits
Created C4.5 decision tree 25 with == and > splits
Created MultClass 2 with nModels: 5
Created C4.5 decision tree 2 with == and > splits
Created C4.5 decision tree 8 with == and > splits
Created C4.5 decision tree 14 with == and > splits
Created C4.5 decision tree 20 with == and > splits
Created C4.5 decision tree 26 with == and > splits
-995
-993
-991
-995
-995
-995
-987
-997
-994
-997
-987
-996
-988
-994
-987
-990
-987
-987
-987
-994
-994
-994
-995
-987
-987
-987
-987
-987
-987
-987
-987
-987
-987
-987
-987
-987
-987
-987
-987
-987
-987
-988
-988
-988
-918
-989
-988
-989
-987
-919
-974
-974
-985
-946
-966
-988
-980
-987
-965
-973
-945
-987
-995
-996
-996
-988
-860
-992
-973
-992
-986
-995
-973
-987
-987
-987
-987
-987
-987
-987
-987
-987
-987
-987
-987
-987
-987
-987
-987
-987
-987
-987
-987
-987
-987
-987
-987
-960
-953
-994
-994
-994
-947
-994
-994
-932
-996
-996
-996
-996
-996
-996
-996
-996
-996
-996
-996
-996
-996
-996
-996
-996
-996
-996
-996
-996
-996
-996
-996
-996
-996
-996
-996
-996
-996
-996
-996
-996
-996
-996
-996
-996
-996
-996
-996
-996
-996
-996
-996
-996
-996
-996
-996
-996
-996
-996
-996
-996
-996
-996
-996
-996
-996
-996
-996
-996
-996
-996
-996
-996
-996
-996
-996
-996
-996
-996
-996
-988
-988
-987
-986
-990
-988
-990
-988
-988
-988
-988
-988
-988
-988
-988
-988
-988
-988
-988
-988
-988
-988
-988
-988
-988
-988
-988
-988
-988
-988
-988
-988
-988
-988
-988
-988
-988
-988
-988
-988
-988
-988
-988
-988
-988
-988
-988
-988
-988
-988
-988
-988
-988
-988
-931
-960
-862
-980
-899
-985
-980
-974
-980
-994
-991
-980
-994
-952
-994
-927
-994
-849
-994
-980
-994
-876
-876
-932
-848
-979
-923
-965
-951
-966
-986
-904
-980
-976
-972
-973
201
-948
-906
-974
-875
-934
-986
-931
-931
-994
-931
-931
-991
201
-994
201
201
201
-960
-973
-980
-952
-974
-987
-960
-987
-988
-987
-974
-985
-971
-988
-985
-985
-969
-973
-973
-973
-973
-988
-970
-973
-969
-970
-973
-973
-973
-973
-973
-973
-970
-973
-973
-973
-973
-973
201
201
201
201
-978
-954
-996
-996
-996
-996
-996
-996
-996
-996
-996
-996
-996
-996
-996
-996
-996
-996
-996
-996
-996
-996
-996
-996
-996
-996
-996
-996
-996
-996
-996
-996
-996
-996
-996
-996
-996
-996
-996
-996
-996
-996
-996
-996
-996
-996
-996
-996
-996
-996
-996
-996
-996
-996
-996
-996
-996
-996
-996
-996
-996
-996
-996
-996
-996
-996
-996
-996
-996
-996
-996
-996
-996
-996
-996
-967
-961
-995
-981
-995
-995
-995
-995
-995
-995
-995
-995
-995
-995
-995
-995
-995
-995
-995
-995
-995
-995
-995
-995
-995
-995
-995
-995
-995
-995
-995
-995
-995
-995
-995
-995
-995
-995
-995
-995
-995
-995
-995
-995
-995
-995
-995
-995
-995
-995
-995
-995
-995
-995
-995
-995
-995
-995
-995
-995
-995
-995
-995
-995
-995
-995
-995
-995
-995
-995
-995
-995
-995
-995
-995
-995
-995
-995
-995
-995
-995
-995
-995
-995
-995
-995
-995
-995
-995
-995
-995
-995
-995
-995
-995
-995
-995
-995
-995
-995
-995
-995
-995
-995
-989
-989
-989
-932
-871
-941
-899
201
-941
-970
-969
-969
-899
-887
201
-971
201
-803
-969
-859
201
-927
201
-918
201
201
-989
-942
-945
-987
-973
-973
-973
-973
-973
-917
-970
-973
-973
-973
-973
-973
-973
-973
-973
-973
-973
-973
-973
-973
-970
-945
-960
-974
-995
-988
-984
-988
-984
-988
-984
-984
-960
-974
-960
-988
-988
-988
-988
-904
-988
-988
-988
-988
-988
-988
-988
-988
-960
-988
-988
-988
-988
-988
-988
-988
-988
-988
-988
-988
-988
-988
-988
-988
-988
-988
-988
-988
-988
-988
-988
-988
-988
-932
-988
-988
-960
-988
-988
-988
-988
-960
-988
-960
-960
-960
-988
-988
-960
-960
-960
-960
-960
-960
-960
-960
-960
-988
-988
-960
-960
-988
-988
-988
-988
-988
-988
-988
-960
-960
-960
201
201
-981
201
201
201
-877
-989
-989
-989
-989
-994
-925
-961
-989
-989
-989
-989
-989
-989
-989
-989
-826
-973
-994
-939
-939
-925
-975
-989
-989
-989
-989
-989
-989
-989
-989
-989
-989
-989
-989
-989
-989
-989
-989
-989
-989
-989
-989
-989
-989
-989
-989
-989
-989
-989
-989
-989
-989
-989
-989
-989
-989
-989
-989
-989
-989
-989
-989
-989
-989
-989
-989
-989
-989
-989
-989
-989
-989
-989
-978
-917
-945
-945
-981
-945
-917
-917
-917
-917
-945
-973
-945
-833
-917
-917
-917
-917
-917
-901
-976
-990
-844
-990
-929
-995
-990
-990
-990
-990
-990
-962
-990
-990
-990
-942
-990
-990
-962
-990
-990
-990
-990
-990
-990
-990
-990
-990
-990
-990
-990
-990
-990
-990
-990
-990
-990
-990
-990
-990
-990
-990
-990
-990
-990
-990
-990
-990
-990
-990
-990
-990
-990
-990
-990
-990
-990
-990
-990
-990
-990
-990
-990
-990
-990
-990
-990
-990
-990
-990
-990
-990
-990
-990
-990
-990
-990
-990
-990
-990
-990
-990
-990
-990
-990
-990
-990
-990
-990
-990
-990
-990
-990
-990
-990
-990
-990
-990
-990
-990
-990
-990
-987
201
201
-932
-960
201
201
-960
-932
-960
-960
-960
-960
-960
-960
-960
-960
-960
-960
-960
-960
-932
-960
-960
-916
-986
-986
-986
-958
-986
-986
-986
-986
-986
-986
-986
-986
-986
-986
-986
-986
-986
-986
-986
-986
-986
-986
-986
-986
-986
-986
-986
-986
-986
-986
-986
-986
-986
-986
-986
-986
-986
-986
-986
-986
-986
-986
-986
-986
-986
-986
-986
-986
-986
-986
-986
-986
-986
-986
-986
-986
-986
-986
-986
-986
-986
-986
-986
-986
-986
-986
-986
-986
-986
-986
-986
-986
-986
-986
-986
-986
-986
-986
-986
-986
-986
-986
-986
-986
-986
-986
-986
-986
-986
-986
-986
-986
-986
-986
-986
-986
-986
-986
-986
-986
-931
-987
-933
-814
-926
-898
-926
-926
-898
-926
-870
201
-926
-926
-898
-926
201
-929
-987
-987
-987
-987
-989
-987
-987
