agent: texplore
env: asterix
Feature Selection: 0
Environment is episodic.
set statesPerDim to 0 for all dim
feature 0 has range 30
feature 1 has range 30
feature 2 has range 30
feature 3 has range 30
reward range: 1020
Parallel ETUCT tracking real state values
Planner using history size: 0
Start model learning thread
start parallel uct planning search thread
Created MultClass 0 with nModels: 5
Created C4.5 decision tree 0 with == and > splits
Created C4.5 decision tree 6 with == and > splits
Created C4.5 decision tree 12 with == and > splits
Created C4.5 decision tree 18 with == and > splits
Created C4.5 decision tree 24 with == and > splits
Created MultClass 4 with nModels: 5
Created C4.5 decision tree 4 with == and > splits
Created C4.5 decision tree 10 with == and > splits
Created C4.5 decision tree 16 with == and > splits
Created C4.5 decision tree 22 with == and > splits
Created C4.5 decision tree 28 with == and > splits
Created MultClass 5 with nModels: 5
Created C4.5 decision tree 5 with == and > splits
Created C4.5 decision tree 11 with == and > splits
Created C4.5 decision tree 17 with == and > splits
Created C4.5 decision tree 23 with == and > splits
Created C4.5 decision tree 29 with == and > splits
Created MultClass 1 with nModels: 5
Created C4.5 decision tree 1 with == and > splits
Created C4.5 decision tree 7 with == and > splits
Created C4.5 decision tree 13 with == and > splits
Created C4.5 decision tree 19 with == and > splits
Created C4.5 decision tree 25 with == and > splits
Created MultClass 2 with nModels: 5
Created C4.5 decision tree 2 with == and > splits
-993
Created C4.5 decision tree 8 with == and > splits
Created C4.5 decision tree 14 with == and > splits
Created C4.5 decision tree 20 with == and > splits
Created C4.5 decision tree 26 with == and > splits
Created MultClass 3 with nModels: 5
Created C4.5 decision tree 3 with == and > splits
Created C4.5 decision tree 9 with == and > splits
Created C4.5 decision tree 15 with == and > splits
Created C4.5 decision tree 21 with == and > splits
Created C4.5 decision tree 27 with == and > splits
-996
-990
-995
-991
-995
-994
-994
-994
-995
-997
-988
-995
-991
-992
-994
-988
-994
-996
-996
-995
-996
-994
-977
-994
-995
-994
-975
-992
-980
-994
-994
-995
-995
-994
-996
-979
-976
-992
-993
-994
-995
-995
-996
-995
-996
-995
-995
-982
-993
-996
-996
-995
-994
-996
-996
-994
-993
-993
-992
-994
-995
-995
-994
-994
-994
-994
-993
-997
-994
-994
-973
-995
-994
-995
-993
-994
-977
-992
-975
-974
-984
-977
-989
-996
-997
-997
-990
-996
-997
-996
-996
-994
-995
-995
-994
-994
-995
-993
-997
-997
-997
-997
-997
-997
-997
-995
-997
-995
-991
-997
-992
-991
-997
-997
-997
-994
-997
-993
-994
-994
-977
-994
-993
-994
-994
-993
-977
-994
-992
-994
-995
-997
-997
-997
-997
-994
-992
-969
-997
-995
-980
-978
-995
-995
-996
-996
-995
-995
-995
-995
-997
-995
-997
-996
-996
-996
-996
-997
-996
-996
-996
-996
-996
-993
-997
-994
-996
-994
-993
-996
-996
-996
-996
-996
-996
-996
-996
-996
-996
-996
-996
-996
-996
-996
-996
-996
-996
-996
-996
-996
-996
-996
-996
-996
-996
-996
-996
-996
-996
-996
-996
-996
-996
-996
-996
-996
-996
-995
-995
-993
-993
-995
-995
-995
-995
-995
-995
-995
-995
-995
-995
-995
-995
-995
-994
-995
-973
-993
-995
-945
-994
-995
-994
-994
-993
-993
-995
-995
-995
-973
-993
-995
-973
-995
-973
-993
-987
-993
-973
-993
-995
-995
-993
-995
-995
-993
-995
-945
-995
-973
-973
-993
-993
-973
-993
-993
-993
-993
-993
-993
-994
-993
-993
-995
-973
-995
-993
-993
-993
-993
-993
-993
-993
-993
-993
-993
-993
-993
-993
-993
-993
-993
-965
-993
-994
-994
-993
-995
-992
-992
-994
-993
-993
-994
-994
-994
-994
-993
-994
-993
-994
-994
-993
-994
-994
-993
-994
-993
-994
-993
-993
-994
-993
-995
-994
-994
-993
-995
-993
-995
-994
-994
-993
-994
-993
-994
-994
-994
-994
-994
-994
-995
-994
-995
-994
-994
-993
-994
-994
-993
-994
-994
-994
-995
-995
-995
-995
-993
-995
-995
-995
-995
-995
-994
-994
-995
-995
-995
-995
-995
-974
-994
-995
-994
-994
-995
-995
-995
-994
-994
-994
-995
-994
-995
-995
-995
-995
-995
-995
-995
-995
-995
-995
-995
-995
-995
-995
-995
-995
-995
-995
-995
-995
-995
-995
-995
-995
-995
-995
-995
-988
-994
-991
-994
-995
-995
-995
-995
-995
-995
-994
-995
-995
-995
-994
-995
-995
-994
-995
-995
-995
-991
-995
-995
-917
-987
-995
-995
-995
-995
-995
-995
-995
-995
-995
-995
-995
-995
-995
-995
-995
-995
-995
-995
-995
-995
-995
-995
-995
-988
-995
-994
-994
-988
-988
-995
-988
-994
-988
-988
-988
-995
-995
-995
-987
-995
-995
-994
-995
-995
-995
-995
-995
-995
-995
-995
-995
-995
-995
-995
-995
-995
-995
-995
-995
-995
-995
-995
-995
-995
-995
-995
-995
-995
-995
-995
-995
-995
-995
-995
-995
-995
-995
-995
-995
-995
-995
-995
-995
-995
-995
-995
-995
-995
-995
-995
-995
-959
-945
-973
-986
-995
-991
-987
-889
-969
-973
-981
-995
-995
-995
-994
-994
-994
-994
-994
-994
-994
-945
-980
-945
-946
-973
-980
-973
-890
-973
-974
-973
-972
-994
-973
-961
-973
-987
-987
-987
-988
-994
-995
-995
-995
-995
-995
-995
-995
-995
-995
-995
-995
-995
-995
-995
-995
-995
-995
-995
-995
-973
-988
-973
-974
-994
-973
-975
-989
-994
-973
-876
-994
-973
-953
-994
-973
-988
-994
-973
-988
-973
-960
-973
-917
-973
-974
-994
-973
-974
-994
-973
-974
-994
-973
-989
-994
-973
-974
-994
-973
-945
-994
-974
-974
-974
-918
-994
-974
-972
-974
-941
-974
-986
-994
-946
-974
-946
-946
-946
-987
-987
-987
-987
-861
-994
-946
-987
-974
-994
-946
-974
-994
-995
-995
-973
-995
-995
-995
-945
-974
-917
-987
-988
-945
-987
-987
-988
-945
-973
-987
-973
-974
-889
-994
201
-994
-994
-806
-994
-995
-944
-994
-944
-994
-995
-995
-995
-995
-995
-860
201
-917
-994
-914
-972
-994
-941
-994
-983
-863
-994
-863
-994
-994
-995
-995
-995
-995
-995
-995
-995
-995
-995
-995
-995
-995
-995
-995
-995
-953
-994
-960
-945
-960
-989
-912
-946
-988
-986
-988
201
201
201
-996
-856
-968
-912
-968
-975
-988
-973
-973
-968
-973
-945
-923
-973
-979
-979
-974
-923
-918
-974
-968
-968
-968
-968
-912
-968
-968
-968
-968
-968
-968
-968
-968
-968
-861
-886
-931
-932
-862
-931
-932
-946
-903
201
-996
-834
-834
-946
-946
-946
-946
-946
-995
-996
-946
-946
-946
-946
-946
-918
-834
-946
-946
-918
201
201
-996
201
201
-996
201
-973
-945
-945
201
-996
201
201
-996
201
201
-996
201
201
-996
201
201
-996
201
201
-996
201
-802
-970
-970
-970
-970
201
-996
-834
-946
-946
-946
-946
-946
-946
-946
-946
-946
-946
-946
-946
-946
-946
-946
-946
-946
-946
-946
-946
-946
-946
-946
-946
-946
-946
-946
-946
-946
-946
-946
-946
-946
-946
-946
-946
-946
-946
-946
-946
-946
-946
-946
-946
-946
-946
-946
-946
-946
-946
-946
-946
-946
-946
-946
-946
-946
-946
-946
-946
-946
-946
-946
-946
-946
-946
-946
-946
-946
-946
-946
-946
-946
-946
-946
-946
-946
-946
-946
-946
-946
-946
-946
-946
-946
-946
-946
-946
-946
-946
-946
-946
-946
-946
-946
-946
-847
201
-996
-889
201
-946
-973
-973
-979
-979
-979
-979
-979
-959
-973
-973
-973
-979
-973
-973
-973
-979
-973
-973
-973
-973
-975
-944
-973
-973
-973
-979
-973
-973
-973
-973
-979
-973
-973
-973
-973
-973
-973
-973
-973
-973
-973
-973
-973
-973
-973
-973
-973
-973
-973
-973
-973
-973
-973
-973
-973
-973
