agent: texplore
env: asterix
Feature Selection: 0
Environment is episodic.
set statesPerDim to 0 for all dim
feature 0 has range 30
feature 1 has range 30
feature 2 has range 30
feature 3 has range 30
reward range: 1020
Parallel ETUCT tracking real state values
Planner using history size: 0
Start model learning thread
start parallel uct planning search thread
Created MultClass 0 with nModels: 5
Created C4.5 decision tree 0 with == and > splits
Created C4.5 decision tree 6 with == and > splits
Created C4.5 decision tree 12 with == and > splits
Created C4.5 decision tree 18 with == and > splits
Created C4.5 decision tree 24 with == and > splits
Created MultClass 4 with nModels: 5
Created C4.5 decision tree 4 with == and > splits
Created C4.5 decision tree 10 with == and > splits
Created C4.5 decision tree 16 with == and > splits
Created C4.5 decision tree 22 with == and > splits
Created C4.5 decision tree 28 with == and > splits
Created MultClass 5 with nModels: 5
Created C4.5 decision tree 5 with == and > splits
Created C4.5 decision tree 11 with == and > splits
Created C4.5 decision tree 17 with == and > splits
Created C4.5 decision tree 23 with == and > splits
-996
Created C4.5 decision tree 29 with == and > splits
Created MultClass 1 with nModels: 5
Created C4.5 decision tree 1 with == and > splits
Created C4.5 decision tree 7 with == and > splits
Created C4.5 decision tree 13 with == and > splits
Created C4.5 decision tree 19 with == and > splits
Created C4.5 decision tree 25 with == and > splits
Created MultClass 2 with nModels: 5
Created C4.5 decision tree 2 with == and > splits
Created C4.5 decision tree 8 with == and > splits
Created C4.5 decision tree 14 with == and > splits
Created C4.5 decision tree 20 with == and > splits
Created C4.5 decision tree 26 with == and > splits
Created MultClass 3 with nModels: 5
Created C4.5 decision tree 3 with == and > splits
Created C4.5 decision tree 9 with == and > splits
Created C4.5 decision tree 15 with == and > splits
Created C4.5 decision tree 21 with == and > splits
Created C4.5 decision tree 27 with == and > splits
-995
-994
-995
-994
-984
-986
-995
-994
-982
-995
-995
-985
-996
-994
-994
-994
-994
-992
-989
-995
-985
-994
-994
-992
-997
-996
-991
-994
-990
-996
-995
-996
-996
-984
-996
-983
-995
-992
-994
-992
-996
-995
-994
-991
-994
-981
-992
-994
-995
-994
-995
-992
-992
-989
-988
-959
-995
-992
-995
-982
-995
-994
-994
-989
-994
-994
-994
-995
-991
-994
-994
-989
-988
-958
-989
-991
-987
-989
-959
-996
-994
-994
-995
-973
-994
-989
-994
-989
-995
-995
-994
-994
-994
-994
-995
-994
-987
-996
-989
-995
-994
-994
-994
-959
-996
-989
-994
-996
-994
-991
-994
-994
-988
-994
-994
-974
-989
-931
-988
-958
-994
-994
-994
-994
-994
-972
-987
-994
-994
-994
-994
-997
-997
-994
-994
-994
-994
-994
-994
-994
-994
-994
-990
-986
-994
-994
-994
-994
-994
-994
-994
-994
-987
-990
-986
-861
-994
-959
-989
-987
-917
-994
-994
-994
-993
-973
-994
-996
-992
-973
-987
-987
-987
-994
-987
-973
-987
-988
-987
-996
-987
-994
-987
-973
-987
-973
-959
-987
-987
-994
-994
-930
-994
-994
-994
-994
-996
-994
-994
-996
-995
-995
-903
-987
-994
-994
-995
-973
-973
-959
-994
-994
-945
-994
-995
-987
-995
-996
-994
-995
-996
-994
-994
-994
-994
-994
-994
-994
-994
-994
-994
-993
-994
-994
-995
-987
-994
-994
-994
-994
-994
-994
-994
-994
-959
-994
-994
-987
-994
-987
-994
-987
-994
-959
-995
-959
-994
-994
-987
-994
-987
-987
-959
-931
-931
-987
-987
-987
-987
-959
-930
-959
-987
-987
-987
-987
-987
-987
-959
-987
-987
-987
-987
-931
-987
-959
-995
-994
-995
-992
-987
-987
-987
201
-987
-987
-987
-987
-987
-987
-987
-987
-987
-987
-987
-987
-987
-987
-987
-987
201
-987
-987
-931
-875
-987
-987
-987
-987
-987
-987
-987
-987
-987
-987
-987
-987
-987
-987
-987
-987
-987
-987
201
-987
201
201
-931
-987
-987
-987
-987
-987
-987
-987
-987
-987
-987
-987
-987
-987
-987
-987
-959
-987
-987
-987
-987
-987
-987
-987
-987
-987
-987
-987
-987
-987
-987
-987
-987
-987
-875
-987
-987
-987
-987
-987
-987
-987
-931
-987
-987
-987
-987
-987
-987
-987
-987
-987
-987
-987
-987
-987
201
201
-818
-930
-903
-987
-959
-987
-959
-987
-987
-987
-960
-930
-930
-875
-987
-987
-987
-987
-987
-987
-987
-987
-987
-987
-987
-987
-987
201
-930
-902
-986
-988
-918
-971
-985
-974
-972
-958
-918
-946
-993
201
-930
-975
-982
-830
-944
-972
-890
-862
-995
-972
-902
-994
-832
-995
-995
-995
-995
-995
-961
-995
-995
-958
-975
-960
-994
-984
-975
-995
-944
-947
-991
-975
-919
-972
-970
-976
-975
-974
-974
-974
-988
-975
-918
-974
-972
-972
201
-960
-918
-972
-974
-974
-972
-975
-972
-958
-973
-972
-974
-946
-956
-984
-960
-946
-974
-974
-974
-975
-975
-975
-975
-889
-973
-835
201
-959
-986
-986
-986
-986
-986
-986
-986
-986
-986
-986
-986
-986
-986
-986
-986
-986
-986
-986
-986
-986
-924
-932
201
-921
201
201
201
201
201
201
201
201
201
201
201
201
201
201
-989
-989
201
201
201
201
201
201
201
201
201
201
201
201
201
201
201
201
201
201
201
201
201
201
201
201
201
201
201
201
201
201
201
201
201
201
201
201
201
201
201
201
201
201
201
201
201
201
201
201
201
201
201
201
201
-996
201
-996
201
-996
201
201
-996
201
-996
201
201
201
201
201
201
201
201
201
201
201
201
201
201
201
201
201
201
201
201
201
201
201
201
201
201
201
201
201
201
201
201
201
201
201
201
201
201
201
201
201
201
201
201
201
201
201
-983
201
201
201
201
201
201
201
201
201
201
201
201
201
201
201
201
201
201
201
201
201
201
201
201
201
201
201
201
201
201
201
201
201
201
201
201
201
201
201
201
201
201
201
-917
201
-917
-973
201
201
-945
-833
-861
-833
201
201
-917
-833
-973
201
201
-889
-973
-973
-973
-973
-973
-973
-973
-973
-973
-973
-973
-973
-973
-973
-973
-973
-973
201
201
-861
-945
201
-889
-973
-917
201
201
201
201
201
-833
-973
-973
-973
-973
-973
-973
-973
-973
-973
-973
-973
-973
-945
-973
-973
-973
-973
-973
201
201
201
-945
-973
-973
-973
-973
-973
-973
-973
-973
-973
-973
-973
-973
-973
-889
-973
-973
-973
-973
-973
-973
-973
-929
-994
-957
-957
-985
-985
-985
-957
-985
-985
-985
-985
-985
-957
-985
-985
-985
-985
-986
-957
-929
-957
-985
-985
201
-917
-845
-985
-973
-973
-973
-973
-973
-973
-973
-973
-973
-973
-973
-973
-973
-973
-973
-973
-973
-973
-973
-973
-973
-973
-973
-973
-973
-973
-973
-973
201
201
201
201
201
201
201
201
201
201
201
201
201
201
201
201
201
201
201
201
201
201
-985
201
201
201
201
201
201
201
-985
201
201
-985
-985
-985
-985
-985
201
-985
-985
-817
-985
-985
-985
-985
-985
-994
201
-994
201
201
-994
201
-994
201
201
201
201
201
201
201
201
201
201
201
201
201
-819
-831
201
201
201
201
201
201
201
201
201
201
201
201
201
-803
201
201
201
201
201
201
201
201
201
201
201
201
201
201
201
201
201
201
201
201
201
201
201
201
201
201
201
201
201
201
201
201
201
201
201
201
201
201
201
201
201
201
201
201
201
201
201
201
-995
201
201
-995
201
-995
201
201
201
201
-995
-995
