agent: texplore
env: asterix
Feature Selection: 0
Environment is episodic.
set statesPerDim to 0 for all dim
feature 0 has range 30
feature 1 has range 30
feature 2 has range 30
feature 3 has range 30
reward range: 1020
Parallel ETUCT tracking real state values
Planner using history size: 0
start parallel uct planning search thread
Start model learning thread
Created MultClass 0 with nModels: 5
Created C4.5 decision tree 0 with == and > splits
Created C4.5 decision tree 6 with == and > splits
Created C4.5 decision tree 12 with == and > splits
Created C4.5 decision tree 18 with == and > splits
Created C4.5 decision tree 24 with == and > splits
Created MultClass 4 with nModels: 5
Created C4.5 decision tree 4 with == and > splits
Created C4.5 decision tree 10 with == and > splits
Created C4.5 decision tree 16 with == and > splits
Created C4.5 decision tree 22 with == and > splits
Created C4.5 decision tree 28 with == and > splits
Created MultClass 5 with nModels: 5
Created C4.5 decision tree 5 with == and > splits
Created C4.5 decision tree 11 with == and > splits
Created C4.5 decision tree 17 with == and > splits
Created C4.5 decision tree 23 with == and > splits
Created C4.5 decision tree 29 with == and > splits
Created MultClass 1 with nModels: 5
Created C4.5 decision tree 1 with == and > splits
-995
Created C4.5 decision tree 7 with == and > splits
Created C4.5 decision tree 13 with == and > splits
Created C4.5 decision tree 19 with == and > splits
Created C4.5 decision tree 25 with == and > splits
Created MultClass 2 with nModels: 5
Created C4.5 decision tree 2 with == and > splits
Created C4.5 decision tree 8 with == and > splits
Created C4.5 decision tree 14 with == and > splits
Created C4.5 decision tree 20 with == and > splits
Created C4.5 decision tree 26 with == and > splits
Created MultClass 3 with nModels: 5
Created C4.5 decision tree 3 with == and > splits
Created C4.5 decision tree 9 with == and > splits
Created C4.5 decision tree 15 with == and > splits
Created C4.5 decision tree 21 with == and > splits
Created C4.5 decision tree 27 with == and > splits
-991
-981
-997
-995
-995
-995
-990
-994
-993
-992
-995
-994
-991
-995
-996
-994
-989
-994
-994
-995
-996
-995
-992
-994
-995
-995
-995
-995
-995
-994
-995
-994
-995
-993
-994
-989
-995
-995
-995
-995
-994
-993
-994
-993
-994
-992
-993
-992
-992
-994
-980
-982
-978
-997
-967
-996
-995
-995
-980
-995
-994
-994
-995
-994
-978
-994
-992
-980
-950
-994
-991
-966
-995
-994
-995
-992
-992
-995
-995
-994
-996
-995
-994
-992
-992
-994
-995
-995
-995
-994
-995
-995
-992
-992
-994
-992
-995
-995
-994
-995
-992
-995
-995
-995
-995
-995
-995
-995
-995
-995
-992
-996
-992
-995
-992
-992
-994
-992
-994
-992
-995
-995
-995
-992
-996
-981
-996
-996
-992
-992
-995
-994
-992
-979
-966
-992
-979
-992
-995
-995
-995
-995
-981
-995
-995
-995
-995
-995
-995
-995
-996
-995
-996
-996
-996
-995
-995
-995
-995
-979
-996
-995
-995
-992
-979
-995
-995
-995
-995
-995
-995
-995
-995
-995
-995
-980
-995
-995
-995
-995
-981
-995
-995
-995
-978
-995
-978
-992
-992
-992
-995
-995
-995
-995
-995
-995
-994
-995
-995
-994
-994
-995
-994
-992
-992
-992
-995
-992
-995
-995
-995
-995
-995
-995
-995
-995
-995
-995
-995
-992
-995
-995
-992
-995
-992
-992
-995
-995
-992
-992
-992
-992
-992
-992
-992
-992
-992
-992
-992
-992
-992
-992
-992
-992
-992
-992
-992
-992
-992
-995
-995
-992
-992
-992
-992
-995
-995
-995
-992
-995
-992
-992
-992
-995
-992
-992
-992
-995
-995
-995
-995
-995
-992
-992
-992
-992
-992
-992
-992
-992
-992
-992
-992
-992
-992
-992
-995
-992
-992
-995
-992
-992
-992
-992
-992
-992
-992
-992
-992
-992
-992
-994
-992
-995
-995
-995
-995
-992
-978
-978
-994
-992
-994
-995
-978
-992
-992
-954
-995
-992
-967
-996
-995
-996
-995
-996
-995
-995
-996
-995
-996
-995
-995
-995
-992
-995
-996
-995
-996
-995
-996
-995
-996
-995
-996
-995
-996
-995
-996
-995
-996
-995
-996
-995
-996
-995
-996
-995
-996
-995
-996
-995
-996
-995
-996
-995
-996
-995
-995
-995
-996
-995
-996
-995
-996
-995
-996
-992
-996
-995
-995
-995
-996
-995
-995
-995
-995
-995
-992
-996
-995
-995
-995
-995
-995
-992
-981
-992
-992
-992
-994
-950
-994
-982
-995
-995
-994
-980
-980
-982
-995
-995
-995
-995
-995
-995
-995
-996
-995
-996
-995
-994
-982
-995
-995
-996
-995
-994
-982
-995
-995
-995
-995
-995
-995
-995
-995
-995
-995
-995
-995
-995
-995
-995
-995
-995
-995
-995
-995
-995
-995
-995
-995
-995
-995
-995
-995
-995
-995
-995
-995
-980
-992
-994
-992
-996
-996
-996
-995
-995
-996
-996
-996
-994
-996
-996
-996
-996
-996
-996
-996
-996
-996
-996
-996
-996
-996
-996
-996
-996
-996
-996
-996
-996
-994
-994
-980
-996
-996
-994
-996
-996
-994
-996
-996
-994
-996
-996
-994
-996
-996
-994
-996
-996
-994
-996
-996
-994
-996
-995
-995
-995
-995
-995
-995
-995
-995
-995
-995
-995
-995
-995
-996
-994
-996
-996
-994
-996
-996
-994
-996
-995
-995
-995
-995
-995
-995
-995
-995
-995
-995
-995
-995
-995
-995
-995
-995
-995
-995
-995
-995
-995
-995
-995
-995
-995
-995
-995
-995
-995
-995
-995
-995
-995
-995
-995
-995
-995
-995
-995
-995
-995
-995
-995
-995
-995
-995
-995
-995
-995
-995
-995
-995
-995
-995
-995
-995
-995
-995
-995
-995
-995
-995
-995
-995
-995
-995
-995
-995
-995
-995
-995
-995
-995
-995
-995
-995
-995
-995
-995
-995
-995
-995
-995
-995
-995
-995
-995
-995
-995
-995
-995
-995
-995
-995
-995
-995
-995
-995
-995
-995
-995
-995
-995
-995
-995
-995
-995
-995
-995
-995
-995
-995
-995
-995
-995
-995
-995
-995
-995
-995
-995
-995
-995
-995
-995
-995
-995
-995
-995
-995
-995
-995
-995
-995
-995
-995
-995
-995
-995
-995
-995
-995
-995
-995
-995
-995
-995
-995
-995
-995
-995
-995
-995
-995
-995
-995
-995
-995
-995
-995
-995
-995
-995
-995
-995
-995
-995
-995
-995
-995
-995
-995
-995
-995
-995
-995
-995
-995
-995
-995
-995
-995
-995
-995
-995
-995
-995
-995
-995
-995
-995
-995
-995
-995
-995
-995
-995
-995
-995
-995
-995
-995
-995
-995
-995
-995
-995
-995
-995
-995
-995
-995
-995
-995
-995
-995
-995
-995
-995
-995
-995
-995
-995
-995
-995
-995
-995
-995
-995
-995
-995
-995
-995
-995
-995
-996
-994
-996
-996
-994
-996
-996
-994
-996
-996
-994
-996
-996
-994
-996
-996
-994
-996
-996
-994
-996
-996
-994
-996
-996
-994
-996
-996
-994
-996
-996
-994
-996
-996
-994
-996
-996
-994
-996
-996
-994
-996
-996
-994
-996
-996
-994
-996
-996
-994
-996
-996
-994
-996
-996
-994
-996
-996
-994
-996
-996
-994
-996
-996
-994
-996
-996
-994
-996
-996
-994
-996
-996
-994
-996
-996
-994
-996
-996
-994
-996
-995
-995
-995
-995
-995
-995
-995
-995
-996
-994
-996
-995
-995
-995
-995
-995
-995
-995
-995
-995
-995
-995
-995
-995
-995
-995
-995
-995
-995
-995
-995
-995
-995
-995
-995
-995
-995
-995
-995
-995
-995
-995
-995
-995
-995
-995
-995
-995
-995
-995
-995
-995
-995
-995
-995
-995
-995
-995
-995
-995
-995
-995
-995
-995
-995
-995
-995
-995
-995
-995
-995
-995
-995
-995
-995
-995
-995
-995
-995
-995
-995
-995
-995
-995
-995
-995
-995
-995
-995
-995
-995
-995
-995
-995
-995
-995
-995
-995
-995
-995
-995
-995
-995
-995
-995
-995
-995
-995
-995
-995
-995
-995
-995
-995
-995
-995
-995
-995
-995
-995
-995
-995
-995
-995
-995
-995
-995
-995
-995
-995
-995
-995
-995
-995
-995
-995
-995
-995
-995
-995
-995
-995
