agent: texplore
env: asterix
Feature Selection: 0
Environment is episodic.
set statesPerDim to 0 for all dim
feature 0 has range 30
feature 1 has range 30
feature 2 has range 30
feature 3 has range 30
reward range: 1020
Parallel ETUCT tracking real state values
Planner using history size: 0
Start model learning thread
start parallel uct planning search thread
Created MultClass 0 with nModels: 5
Created C4.5 decision tree 0 with == and > splits
Created C4.5 decision tree 6 with == and > splits
Created C4.5 decision tree 12 with == and > splits
Created C4.5 decision tree 18 with == and > splits
Created C4.5 decision tree 24 with == and > splits
Created MultClass 4 with nModels: 5
Created C4.5 decision tree 4 with == and > splits
Created C4.5 decision tree 10 with == and > splits
Created C4.5 decision tree 16 with == and > splits
Created C4.5 decision tree 22 with == and > splits
Created C4.5 decision tree 28 with == and > splits
Created MultClass 5 with nModels: 5
Created C4.5 decision tree 5 with == and > splits
Created C4.5 decision tree 11 with == and > splits
Created C4.5 decision tree 17 with == and > splits
Created C4.5 decision tree 23 with == and > splits
Created C4.5 decision tree 29 with == and > splits
Created MultClass 1 with nModels: 5
Created C4.5 decision tree 1 with == and > splits
Created C4.5 decision tree 7 with == and > splits
Created C4.5 decision tree 13 with == and > splits
Created C4.5 decision tree 19 with == and > splits
Created C4.5 decision tree 25 with == and > splits
Created MultClass 2 with nModels: 5
Created C4.5 decision tree 2 with == and > splits
Created C4.5 decision tree 8 with == and > splits
Created C4.5 decision tree 14 with == and > splits
-993
Created C4.5 decision tree 20 with == and > splits
Created C4.5 decision tree 26 with == and > splits
Created MultClass 3 with nModels: 5
Created C4.5 decision tree 3 with == and > splits
Created C4.5 decision tree 9 with == and > splits
Created C4.5 decision tree 15 with == and > splits
Created C4.5 decision tree 21 with == and > splits
Created C4.5 decision tree 27 with == and > splits
-995
-994
-995
-994
-994
-989
-996
-993
-994
-994
-995
-994
-996
-994
-993
-995
-996
-994
-989
-995
-995
-995
-973
-994
-996
-995
-996
-996
-973
-996
-984
-994
-994
-996
-995
-996
-995
-995
-987
-994
-995
-995
-995
-994
-995
-996
-996
-996
-996
-996
-996
-996
-996
-996
-995
-995
-994
-995
-997
-995
-995
-995
-997
-996
-996
-996
-996
-996
-996
-987
-994
-996
-994
-996
-994
-996
-969
-996
-996
-996
-995
-995
-996
-994
-994
-996
-994
-996
-996
-996
-996
-996
-996
-996
-996
-996
-996
-996
-979
-995
-995
-995
-996
-996
-996
-995
-996
-996
-995
-996
-996
-996
-996
-996
-996
-996
-996
-996
-996
-996
-996
-996
-996
-996
-996
-996
-996
-996
-996
-996
-996
-996
-996
-996
-996
-995
-995
-995
-995
-995
-995
-995
-995
-995
-995
-995
-995
-995
-995
-995
-995
-995
-995
-995
-995
-995
-995
-995
-995
-995
-995
-995
-995
-995
-995
-995
-995
-995
-995
-995
-995
-996
-995
-995
-995
-995
-995
-995
-995
-995
-995
-996
-996
-996
-996
-996
-995
-996
-995
-996
-995
-996
-996
-995
-995
-995
-995
-995
-995
-995
-995
-995
-995
-995
-995
-995
-995
-995
-995
-995
-995
-995
-995
-995
-995
-995
-995
-995
-995
-995
-995
-995
-995
-995
-995
-995
-995
-995
-995
-995
-995
-995
-995
-995
-995
-995
-995
-995
-995
-995
-995
-995
-995
-995
-995
-995
-995
-995
-995
-995
-995
-995
-995
-995
-995
-995
-995
-995
-995
-995
-995
-995
-995
-995
-995
-995
-995
-994
-995
-995
-994
-995
-994
-995
-994
-994
-995
-994
-994
-993
-995
-995
-994
-995
-994
-995
-993
-994
-994
-994
-994
-994
-994
-994
-994
-994
-994
-994
-996
-994
-994
-994
-994
-994
-995
-994
-994
-994
-993
-995
-994
-995
-995
-995
-993
-995
-995
-995
-995
-995
-995
-993
-993
-993
-993
-993
-993
-993
-993
-994
-993
-995
-994
-994
-995
-995
-996
-993
-989
-990
-995
-990
-993
-995
-995
-993
-995
-988
-987
-993
-990
-990
-989
-990
-982
-995
-995
-995
-995
-995
-984
-975
-993
-995
-974
-976
-976
-988
-988
-986
-988
-993
-988
-993
-988
-984
-987
-988
-987
-988
-988
-970
-988
-987
-987
-988
-993
-995
-994
-995
-988
-995
-973
-974
-984
-988
-988
-984
-975
-988
-960
-973
-988
-988
-988
-988
-988
-973
-985
-984
-995
-995
-995
-995
-995
-995
-995
-995
-995
-995
-995
-995
-995
-995
-995
-995
-988
-988
-988
-988
-988
-988
-988
-988
-988
-974
-988
-988
-988
-988
-988
-988
-988
-988
-988
-960
-988
-984
-990
-990
-990
-988
-988
-976
-988
-988
-988
-988
-988
-988
-988
-988
-988
-988
-988
-988
-988
-988
-988
-988
-988
-988
-988
-988
-987
-987
-987
-987
-962
-954
-995
-995
-947
-976
-961
-984
-976
-965
-990
-975
-984
-990
-892
-976
-975
-990
-990
-982
-975
-920
-937
-939
-961
-933
-911
-911
-914
-939
-928
-982
-969
-976
-967
-983
-975
-975
-975
-963
-975
-965
-970
-970
-975
-975
-975
-971
-969
-984
-997
-989
-984
-997
-971
-997
-970
-995
-995
-989
-989
-995
-995
-984
-997
-995
-984
-997
-975
-995
-981
-981
-981
-996
-997
-995
-995
-995
-995
-995
-994
-997
-994
-997
-994
-997
-996
-997
-996
-997
-993
-997
-994
-997
-994
-997
-993
-997
-993
-997
-993
-997
-993
-997
-994
-997
-996
-997
-996
-997
-996
-997
-996
-997
-996
-997
-996
-997
-996
-997
-996
-997
-996
-997
-996
-997
-996
-997
-996
-997
-996
-997
-996
-997
-996
-997
-996
-997
-996
-997
-996
-997
-994
-994
-997
-994
-966
-980
-996
-997
-996
-997
-996
-997
-996
-997
-996
-981
-984
-997
-996
-997
-996
-997
-996
-997
-996
-997
-996
-997
-996
-997
-996
-997
-996
-997
-996
-997
-996
-984
-997
-996
-997
-996
-997
-996
-997
-996
-997
-996
-997
-996
-997
-996
-997
-996
-997
-996
-997
-996
-997
-996
-997
-996
-997
-996
-997
-996
-997
-996
-997
-996
-997
-996
-997
-996
-997
-996
-997
-996
-997
-996
-997
-996
-997
-996
-997
-996
-997
-996
-997
-996
-997
-996
-997
-996
-997
-996
-997
-996
-997
-996
-997
-996
-997
-996
-997
-996
-997
-996
-997
-996
-997
-996
-997
-996
-997
-996
-997
-996
-997
-996
-997
-996
-997
-996
-997
-996
-997
-996
-997
-996
-997
-996
-997
-996
-997
-996
-997
-996
-997
-996
-997
-996
-997
-996
-997
-996
-997
-996
-997
-996
-997
-996
-997
-996
-997
-996
-997
-996
-997
-996
-997
-996
-997
-996
-997
-996
-997
-996
-997
-996
-997
-996
-997
-996
-997
-996
-997
-996
-997
-996
-997
-996
-997
-996
-997
-996
-997
-996
-997
-996
-997
-996
-997
-996
-997
-996
-997
-996
-997
-996
-997
-996
-997
-996
-997
-996
-997
-996
-997
-996
-997
-996
-997
-996
-997
-996
-997
-996
-997
-996
-997
-996
-997
-996
-997
-996
-997
-996
-997
-996
-997
-996
-997
-996
-997
-996
-997
-996
-997
-996
-997
-996
-997
-996
-997
-996
-997
-996
-997
-996
-997
-996
-997
-996
-997
-996
-997
-996
-997
-996
-997
-996
-997
-996
-997
-996
-997
-996
-997
-996
-997
-996
-997
-996
-997
-996
-997
-996
-997
-996
-997
-996
-997
-996
-997
-996
-997
-996
-997
-996
-997
-996
-997
-996
-997
-996
-997
-996
-997
-996
-997
-996
-997
-996
-997
-996
-997
-996
-997
-996
-997
-996
-997
-996
-997
-996
-997
-996
-997
-996
-997
-996
-997
-996
-997
-996
-997
-996
-997
-996
-997
-996
-997
-996
-997
-996
-997
-996
-997
-996
-997
-996
-997
-996
-997
-996
-997
-996
-997
-996
-997
-996
-997
-996
-997
-996
-997
-996
-997
-996
-997
-996
-997
-996
-997
-996
-997
-996
-997
-996
-997
-996
-997
-996
-997
-996
-997
-996
-997
