agent: texplore
env: asterix
Feature Selection: 0
Environment is episodic.
set statesPerDim to 0 for all dim
feature 0 has range 30
feature 1 has range 30
feature 2 has range 30
feature 3 has range 30
reward range: 1020
Parallel ETUCT tracking real state values
Planner using history size: 0
Start model learning thread
start parallel uct planning search thread
Created MultClass 0 with nModels: 5
Created C4.5 decision tree 0 with == and > splits
Created C4.5 decision tree 6 with == and > splits
Created C4.5 decision tree 12 with == and > splits
Created C4.5 decision tree 18 with == and > splits
Created C4.5 decision tree 24 with == and > splits
Created MultClass 4 with nModels: 5
Created C4.5 decision tree 4 with == and > splits
Created C4.5 decision tree 10 with == and > splits
Created C4.5 decision tree 16 with == and > splits
Created C4.5 decision tree 22 with == and > splits
Created C4.5 decision tree 28 with == and > splits
Created MultClass 5 with nModels: 5
Created C4.5 decision tree 5 with == and > splits
Created C4.5 decision tree 11 with == and > splits
Created C4.5 decision tree 17 with == and > splits
Created C4.5 decision tree 23 with == and > splits
Created C4.5 decision tree 29 with == and > splits
Created MultClass 1 with nModels: 5
-995
Created C4.5 decision tree 1 with == and > splits
Created C4.5 decision tree 7 with == and > splits
Created C4.5 decision tree 13 with == and > splits
Created C4.5 decision tree 19 with == and > splits
Created C4.5 decision tree 25 with == and > splits
Created MultClass 2 with nModels: 5
Created C4.5 decision tree 2 with == and > splits
Created C4.5 decision tree 8 with == and > splits
Created C4.5 decision tree 14 with == and > splits
Created C4.5 decision tree 20 with == and > splits
Created C4.5 decision tree 26 with == and > splits
Created MultClass 3 with nModels: 5
Created C4.5 decision tree 3 with == and > splits
Created C4.5 decision tree 9 with == and > splits
Created C4.5 decision tree 15 with == and > splits
Created C4.5 decision tree 21 with == and > splits
Created C4.5 decision tree 27 with == and > splits
-996
-995
-994
-996
-994
-995
-995
-993
-996
-974
-996
-993
-996
-987
-993
-993
-991
-995
-985
-995
-991
-973
-994
-993
-989
-992
-995
-990
-990
-990
-983
-988
-990
-991
-990
-996
-990
-993
-985
-990
-990
-991
-990
-990
-990
-990
-991
-997
-992
-990
-990
-972
-985
-990
-986
-984
-991
-973
-996
-990
-989
-985
-973
-995
-995
-991
-985
-985
-989
-989
-988
-945
-990
-974
-993
-995
-990
-994
-994
-994
-990
-990
-959
-994
-991
-989
-986
-989
-994
-987
-986
-945
-962
-990
-987
-987
-987
-990
-987
-973
-990
-995
-995
-986
-993
-973
-991
-995
-990
-945
-958
-988
-988
-996
-994
-990
-988
-992
-992
-988
-991
-972
-991
-989
-990
-993
-960
-988
-991
-959
-948
-973
-987
-995
-987
-991
-961
-945
-904
-973
-958
-989
-987
-987
-987
-988
-995
-986
-987
-988
-988
-988
-991
-987
-989
-931
-988
-985
-990
-990
-961
-962
-984
-987
-986
-990
-987
-990
-987
-960
-986
-974
-995
-990
-961
-961
-945
-996
-958
-960
-987
-987
-988
-990
-986
-973
-986
-986
-990
-990
-990
-988
-986
-960
-988
-989
-986
-986
-986
-986
-986
-986
-958
-987
-989
-986
-986
-989
-934
-987
-989
-989
-989
-995
-959
-990
-990
-890
-993
-959
-906
-990
-994
-990
-990
-990
-990
-990
-975
-986
-971
-994
-994
-962
-991
-989
-903
-933
-990
-989
-987
-988
-959
-987
-986
-987
-989
-990
-990
-990
-990
-989
-990
-990
-990
-961
-990
-990
-990
-986
-990
-986
-988
-987
-987
-990
-990
-990
-990
-990
-990
-990
-990
-990
-990
-990
-990
-990
-990
-988
-990
-990
-987
-959
-990
-959
-990
-974
-990
-990
-819
-987
-987
-987
-934
-987
-859
-975
-976
-987
-987
-987
-987
-987
-987
-987
-987
-987
-976
-976
-976
-976
-975
-975
-987
-987
-987
-975
-974
201
-971
201
-862
-971
-971
-971
-971
-971
201
201
201
201
-834
-974
-957
201
-931
-987
-987
-987
-987
-987
-987
-987
-987
-987
-987
-987
-987
-987
-987
-987
-987
-987
-987
-987
-987
-987
-987
-987
-987
-987
-987
-987
-987
-987
-987
-987
-987
-987
-987
-987
-987
201
201
-974
-974
-903
-987
-987
-987
-987
-959
-987
-987
-918
-974
-974
-987
-987
-987
-972
-986
-986
-986
-887
-929
-930
201
-958
201
-803
-901
-901
-929
-929
-987
-929
-987
-987
-987
-987
-987
-987
-987
-987
-987
-987
-987
-987
-973
-973
-958
-986
-986
-986
-986
-986
-986
-986
-986
-986
-986
-986
-986
-986
-986
-986
-986
-986
-969
-969
201
-886
-901
-987
-987
-987
-987
-987
-987
-987
-987
-987
-987
-873
-946
-974
-876
-974
-974
-974
-988
-988
-988
-942
-970
-942
-970
-974
-986
-986
-986
-988
-988
-974
-817
-862
-971
-996
-971
-996
-971
-994
-994
-985
-833
-979
-981
-981
-981
-981
-994
-994
-994
-994
-994
-994
-994
-994
-994
-991
-990
-994
-994
-994
-994
-994
-994
-994
-994
-994
-990
-994
-994
-994
-994
-994
-994
-994
-994
-994
-994
-994
-995
-994
-994
-995
-994
-995
-994
-995
-995
-994
-994
-994
-994
-994
-995
-995
-995
-995
-995
-995
-994
-995
-994
-994
-994
-995
-994
-995
-994
-995
-994
-995
-994
-994
-995
-994
-994
-994
201
201
-994
-934
-995
-994
-994
-994
-994
-994
-995
-966
-995
-988
-981
-994
-995
-994
-994
-994
-994
-995
-994
-981
-995
-966
-995
-952
-994
-995
-994
-994
-994
-994
-995
-962
-995
-994
-995
-966
-995
-932
-994
-995
-994
-994
-994
-981
-947
-995
-902
-995
-994
-882
-980
-974
-903
-995
-994
-953
-994
-995
-995
-995
-983
-995
-994
-995
-994
-995
-994
-995
-994
-995
-937
-995
-995
-994
-995
-995
-995
-994
-995
-994
-995
-995
-995
-995
-995
-995
-995
-994
-995
-995
-995
-995
-995
-995
-995
-995
-995
-995
-995
-995
-995
-995
-995
-995
-995
-995
-995
-995
-995
-994
-995
-994
-995
-994
-995
-968
-988
-994
-995
-980
-995
-994
-995
-994
-995
-994
-995
-994
-995
-994
-995
-994
-995
-985
-994
-995
-972
-981
-980
-995
-994
-995
-994
-995
-994
-995
-994
-995
-994
-995
-994
-995
-994
-995
-925
-994
-980
-994
-995
-994
-995
-980
-995
-994
-995
-994
-995
-994
-995
-994
-995
-981
-994
-995
-994
-995
-994
-995
-995
-953
-972
-940
-995
-953
-981
-981
-995
-995
-981
-994
-994
-994
-994
-994
-994
-995
-995
-994
-995
-981
-972
-981
-981
-995
-980
-995
-980
-995
-966
-995
-995
-995
-995
-981
-980
-995
-981
-981
-967
-981
-994
-967
-986
-981
-910
-974
-985
-995
-966
-952
-994
-994
-994
-994
-966
-994
-994
-994
-994
-994
-980
-994
-995
-994
-995
-994
-995
-994
-995
-980
-994
-995
-980
-980
-994
-995
-994
-995
-980
-981
-980
-981
-980
-980
-981
-980
-980
-995
-995
-980
-980
-966
-980
-980
-984
-995
-980
-966
-980
-980
-980
-980
-995
-995
-995
-995
-995
-995
-980
-995
-995
-995
-995
-995
-995
-995
-995
-995
-995
-995
-995
-980
-995
-995
-995
-995
-995
-980
-995
-995
-995
-995
-995
-980
-980
-980
-995
-995
-995
-995
-995
-995
-995
-995
-995
-995
-995
-980
-995
-995
-995
-995
-995
-995
-995
-995
-995
-995
-995
-995
-995
-995
-995
-995
-995
-995
-995
-995
-995
-995
-984
-995
-995
-995
-995
-995
-995
-995
-995
-995
-980
-995
-995
-980
-995
-995
-995
-995
-980
-995
-980
-974
-984
-995
-984
-995
-988
-984
-995
-988
-994
-995
-988
-994
-988
-994
-995
-995
-995
-995
-995
-995
-995
-995
-995
-995
-995
-995
-995
-995
-995
-995
-995
-995
-995
-995
-994
-994
-988
-980
-989
-994
-988
-994
-989
-989
-984
-994
-989
-994
-994
-989
-994
-989
-994
-989
-994
-994
-994
-989
-994
-988
-980
