agent: texplore
env: asterix
Feature Selection: 0
Environment is episodic.
set statesPerDim to 0 for all dim
feature 0 has range 30
feature 1 has range 30
feature 2 has range 30
feature 3 has range 30
reward range: 1020
Parallel ETUCT tracking real state values
Planner using history size: 0
Start model learning thread
start parallel uct planning search thread
Created MultClass 0 with nModels: 5
Created C4.5 decision tree 0 with == and > splits
Created C4.5 decision tree 6 with == and > splits
Created C4.5 decision tree 12 with == and > splits
Created C4.5 decision tree 18 with == and > splits
Created C4.5 decision tree 24 with == and > splits
Created MultClass 4 with nModels: 5
Created C4.5 decision tree 4 with == and > splits
Created C4.5 decision tree 10 with == and > splits
Created C4.5 decision tree 16 with == and > splits
Created C4.5 decision tree 22 with == and > splits
Created C4.5 decision tree 28 with == and > splits
Created MultClass 5 with nModels: 5
Created C4.5 decision tree 5 with == and > splits
Created C4.5 decision tree 11 with == and > splits
Created C4.5 decision tree 17 with == and > splits
Created C4.5 decision tree 23 with == and > splits
Created C4.5 decision tree 29 with == and > splits
Created MultClass 1 with nModels: 5
Created C4.5 decision tree 1 with == and > splits
Created C4.5 decision tree 7 with == and > splits
Created C4.5 decision tree 13 with == and > splits
Created C4.5 decision tree 19 with == and > splits
Created C4.5 decision tree 25 with == and > splits
Created MultClass 2 with nModels: 5
Created C4.5 decision tree 2 with == and > splits
Created C4.5 decision tree 8 with == and > splits
Created C4.5 decision tree 14 with == and > splits
Created C4.5 decision tree 20 with == and > splits
Created C4.5 decision tree 26 with == and > splits
Created MultClass 3 with nModels: 5
Created C4.5 decision tree 3 with == and > splits
Created C4.5 decision tree 9 with == and > splits
Created C4.5 decision tree 15 with == and > splits
Created C4.5 decision tree 21 with == and > splits
Created C4.5 decision tree 27 with == and > splits
-995
-995
-994
-996
-994
-996
-994
-994
-990
-994
-992
-994
-994
-992
-994
-994
-994
-995
-995
-994
-993
-993
-995
-990
-990
-994
-996
-996
-994
-996
-994
-993
-994
-994
-996
-995
-966
-994
-994
-995
-994
-995
-995
-994
-995
-994
-980
-994
-978
-992
-994
-994
-982
-994
-982
-993
-982
-982
-994
-991
-982
-994
-994
-996
-994
-994
-995
-993
-993
-995
-987
-995
-992
-981
-987
-995
-981
-996
-981
-993
-978
-992
-982
-996
-996
-992
-995
-995
-995
-996
-996
-993
-996
-982
-996
-979
-994
-995
-986
-982
-967
-986
-995
-946
-987
-995
-995
-980
-978
-994
-978
-987
-987
-995
-996
-979
-987
-992
-967
-995
-982
-980
-982
-982
-982
-967
-982
-982
-978
-995
-978
-996
-982
-973
-994
-966
-996
-982
-982
-982
-982
-982
-982
-982
-978
-996
-978
-978
-996
-978
-978
-978
-996
-978
-996
-978
-995
-978
-996
-996
-995
-995
-995
-995
-995
-995
-995
-995
-995
-995
-995
-995
-978
-994
-978
-994
-996
-978
-996
-978
-996
-978
-996
-996
-996
-996
-996
-996
-996
-996
-996
-996
-996
-978
-996
-978
-996
-978
-996
-978
-996
-978
-996
-996
-996
-996
-996
-996
-996
-996
-996
-996
-995
-995
-996
-996
-996
-996
-996
-996
-996
-995
-996
-995
-995
-996
-995
-995
-996
-995
-995
-995
-995
-995
-995
-995
-995
-978
-996
-995
-995
-995
-978
-996
-995
-995
-940
-972
-994
-959
-996
-959
-996
-982
-987
-996
-931
-973
-996
-973
-994
-996
-995
-995
-959
-945
-994
-952
-945
-973
-973
-994
-973
-973
-973
-973
-973
-973
-959
-973
-992
-973
-994
-973
-994
-973
-994
-973
-994
-973
-994
-973
-994
-973
-994
-987
-973
-994
-973
-993
-987
-993
-973
-973
-992
-973
-973
-987
-973
-987
-987
-987
-987
-992
-987
-987
-987
-987
-973
-992
-987
-987
-973
-992
-987
-987
-987
-987
-987
-973
-992
-987
-973
-992
-973
-992
-987
-973
-992
-987
-973
-992
-987
-973
-992
-973
-992
-987
-987
-973
-992
-987
-973
-992
-987
-973
-992
-987
-973
-992
-987
-973
-992
-987
-987
-987
-973
-992
-987
-945
-987
-973
-992
-987
-987
-973
-987
-973
-992
-987
-987
-973
-992
-987
-987
-973
-992
-987
-973
-992
-987
-973
-992
-973
-992
-973
-992
-987
-987
-973
-992
-987
-973
-992
-987
-987
-973
-992
-987
-973
-992
-987
-973
-992
-987
-973
-992
-973
-992
-973
-992
-973
-992
-973
-992
-973
-992
-973
-973
-973
-973
-987
201
-860
-988
-988
-960
-988
-832
-946
-932
-862
-932
-960
-932
201
-974
-988
201
-891
-988
-953
-988
-990
-992
-974
-946
-974
-974
-956
-932
-960
-962
-935
-950
-974
-981
-932
-935
-932
-932
-932
-960
-934
-932
-932
-932
-932
-932
-932
-932
-932
-932
-932
-932
-932
-932
-932
-932
-932
-932
-932
-932
-932
-932
-933
-931
-933
-931
-934
-932
-932
-931
-931
-932
-932
-932
-932
-932
-932
201
-987
-919
-906
-918
-904
-932
-918
-904
-918
-974
-981
-981
-981
-981
-981
-981
-981
-981
-981
-981
-981
-981
-981
-981
-981
-981
-981
-981
-981
-981
-981
-981
-981
-981
-981
-981
-981
-981
-981
-981
-981
-981
-981
-981
-981
-981
-981
-981
-981
-981
-981
-981
-890
-974
-946
-974
-988
-988
-974
-988
-974
-988
-974
-974
-974
-988
-974
-974
-974
-890
-988
-974
-974
-974
-974
-974
-974
-973
-960
-960
-988
-988
-988
-988
-988
-988
-988
-988
-988
-974
-988
-974
-974
-974
-974
-974
-974
-974
-974
-974
-988
-988
-988
-988
-988
-988
-988
-988
-988
-988
-988
-988
-988
-988
-988
-988
-988
-974
-988
-974
-988
-988
-988
-988
-988
-988
-988
-988
-988
-988
-988
-988
-988
-988
-988
-988
-988
-974
-988
-988
-974
-988
-974
-974
-974
-974
-974
-974
-988
-988
-988
-988
-988
-988
-988
-988
-988
-988
-988
-988
-988
-988
-988
-988
-988
-988
-988
-988
-988
-988
-988
-988
-988
-988
-988
-988
-988
-988
-988
-988
-988
-988
-988
-988
-988
-988
-988
-988
-988
-974
-974
-974
-974
-974
-974
-974
-974
-974
-974
-974
-974
-988
-988
-988
-988
-988
-988
-988
-988
-988
-988
-988
-988
-988
-974
-988
-988
-988
-988
-988
-988
-988
-974
-918
-974
-988
-988
-988
-988
-988
-988
-988
-988
-988
-988
-988
-988
-988
-988
-988
-988
-988
-988
-988
-988
-988
-988
-988
-988
-988
-988
201
201
201
201
-835
-877
-989
201
201
-961
201
201
-961
-975
-919
-807
201
-989
201
-985
-988
-960
-988
-988
201
-988
-960
-988
-988
-988
-973
-988
-988
-988
-988
-988
-988
-988
-988
-988
-988
-988
-988
-988
-988
-988
-988
-988
-988
-988
-988
201
-987
-975
201
-972
-944
201
-972
-958
-930
201
-958
201
-918
201
-972
-832
-916
201
-972
201
-972
201
-846
201
-972
201
-972
201
-972
-947
-975
-975
-932
-904
-820
-972
-960
-972
-988
-972
-932
-972
-988
-972
-988
-972
-988
-972
-988
-972
-988
-972
-988
-972
-988
-972
-988
-972
-988
-944
-988
-902
-988
-972
-988
-972
-988
-972
-988
-972
-988
-972
-988
-958
-988
-972
-988
-972
-988
-972
-988
-972
-988
-972
-988
-972
-988
-972
-876
-972
-988
-972
-988
-972
-988
-890
-946
-946
-988
-946
-975
-988
-974
-975
-974
-974
-975
-974
-974
-974
-975
-974
-974
-975
-975
-974
-974
-974
-974
-974
-974
-932
-974
-974
-932
-974
-932
-932
-932
-932
-960
-932
-932
-932
-932
-876
-932
-932
-974
-970
-988
-988
-988
-974
-970
-970
-971
-971
-974
-970
201
-932
-970
-970
-932
-932
-932
-932
-932
-932
-904
-932
-932
-960
-970
-970
-974
-971
-970
-932
-932
-932
-932
201
201
201
201
201
-960
-932
-820
-970
-932
-932
-932
-932
