agent: texplore
env: asterix
Environment is episodic.
set statesPerDim to 0 for all dim
feature 0 has range 30
feature 1 has range 30
feature 2 has range 30
reward range: 1001
Parallel ETUCT tracking real state values
Planner using history size: 0
start parallel uct planning search thread
Start model learning thread
Created MultClass 0 with nModels: 5
Created C4.5 decision tree 0 with == and > splits
Created C4.5 decision tree 6 with == and > splits
Created C4.5 decision tree 12 with == and > splits
Created C4.5 decision tree 18 with == and > splits
Created C4.5 decision tree 24 with == and > splits
Created MultClass 3 with nModels: 5
Created C4.5 decision tree 3 with == and > splits
Created C4.5 decision tree 9 with == and > splits
Created C4.5 decision tree 15 with == and > splits
Created C4.5 decision tree 21 with == and > splits
Created C4.5 decision tree 27 with == and > splits
Created MultClass 4 with nModels: 5
Created C4.5 decision tree 4 with == and > splits
Created C4.5 decision tree 10 with == and > splits
Created C4.5 decision tree 16 with == and > splits
Created C4.5 decision tree 22 with == and > splits
-996
Created C4.5 decision tree 28 with == and > splits
Created MultClass 1 with nModels: 5
Created C4.5 decision tree 1 with == and > splits
Created C4.5 decision tree 7 with == and > splits
Created C4.5 decision tree 13 with == and > splits
Created C4.5 decision tree 19 with == and > splits
Created C4.5 decision tree 25 with == and > splits
Created MultClass 2 with nModels: 5
Created C4.5 decision tree 2 with == and > splits
Created C4.5 decision tree 8 with == and > splits
Created C4.5 decision tree 14 with == and > splits
Created C4.5 decision tree 20 with == and > splits
Created C4.5 decision tree 26 with == and > splits
-995
-994
-992
-995
-995
-991
-995
-995
-995
-995
-993
-993
-992
-978
-994
-994
-994
-996
-994
-994
-993
-993
-996
-993
-995
-985
-996
-995
-995
-985
-996
-990
-997
-997
-995
-994
-994
-994
-996
-994
-995
-997
-994
-993
-994
-994
-995
-993
-994
-993
-995
-995
-988
-996
-995
-986
-987
-987
-987
-987
-987
-996
-995
-996
-987
-993
-987
-973
-995
-995
-903
-995
-995
-995
-995
-995
-995
-995
-995
-995
-995
-995
-995
-995
-995
-995
-987
-995
-995
-995
-995
-995
-995
-995
-987
-993
-996
-993
-987
-995
-995
-997
-997
-997
-997
-997
-997
-997
-997
-997
-997
-997
-997
-997
-997
-997
-997
-997
-997
-997
-997
-997
-997
-997
-997
-997
-997
-997
-997
-997
-997
-997
-997
-997
-997
-997
-997
-997
-997
-997
-997
-997
-997
-997
-997
-997
-997
-997
-997
-997
-997
-997
-997
-997
-997
-997
-997
-997
-997
-997
-997
-997
-995
-936
-989
-980
-978
-975
-975
-950
-992
-992
-966
-952
-980
-978
-992
-994
-980
-994
-994
-994
-994
-994
-994
-994
-994
-994
-994
-994
-994
-994
-994
-994
-994
-994
-994
-994
-994
-994
-994
-994
-994
-994
-994
-994
-973
-994
-994
-994
-945
201
201
201
-995
-995
-995
-995
-995
-996
201
-995
-995
-814
-996
-996
-996
-996
-996
-996
-996
-996
-996
-996
-996
-996
-996
-996
-996
-996
-996
-996
-996
-996
-996
-996
-996
-996
-996
-996
-996
-996
-996
-996
-996
-996
-996
-996
-996
-996
-996
-996
-996
-996
-996
-996
-996
-996
-996
-996
-996
-996
-996
-996
-996
-996
-996
-996
-996
-996
-996
-996
-996
-996
-996
-996
-996
-996
-996
-996
-996
-996
-996
-996
-996
-996
-996
-996
-996
-996
-996
-996
-996
-996
-996
-996
-996
-996
-996
-996
-996
-996
-996
-996
-996
-996
-996
-996
-996
-996
-996
-996
-996
-996
-996
-996
-996
-996
-996
-996
-996
-996
-996
-996
-996
-996
-996
-996
-996
-996
-996
-996
-996
-996
-996
-996
-996
-996
-996
-996
-996
-996
-996
-996
-996
-996
-996
-996
-996
-996
-996
-996
-996
-996
-996
-996
-996
-996
-996
-981
-985
-985
-985
-985
-986
-986
201
201
201
201
201
201
201
-833
-992
201
201
201
201
-931
-959
-987
-959
-931
-987
-945
-982
-971
201
201
201
-869
-958
-944
-916
-945
201
-958
-860
-846
201
201
201
201
-973
-897
201
201
201
-980
-972
201
201
201
201
-988
201
-881
-869
-988
201
-924
-988
-959
-987
-994
-959
-869
-981
-981
-988
-987
-959
-987
-987
-987
-987
-987
-987
-987
-987
-987
-987
-987
-987
-987
-987
-987
-987
-987
-987
-987
-987
-987
-987
-987
-987
-987
-987
-987
-987
-987
-987
-987
-987
-987
-987
-987
-987
-987
201
-988
201
-974
201
-988
201
201
201
201
201
201
201
201
201
201
201
201
201
201
201
201
201
201
201
201
201
201
201
201
201
201
201
201
201
201
201
201
201
201
201
201
201
201
201
201
201
201
201
201
201
201
201
201
201
201
201
201
201
201
201
201
201
201
201
201
201
201
201
201
201
201
201
201
201
201
201
201
201
201
201
201
201
201
201
201
201
201
201
201
201
201
201
201
201
201
201
201
201
201
201
201
201
201
201
201
201
201
201
201
201
201
201
201
201
-933
-849
-989
-961
-989
-989
-933
-961
-961
-933
-849
-961
-989
-989
-849
-961
-961
-989
-989
-961
-961
-821
-989
-933
-961
201
201
201
201
-905
-961
201
201
201
201
201
201
201
201
201
201
201
201
201
201
-972
-981
-944
-932
-988
-958
-960
-988
-960
-960
-820
-961
-960
-960
-960
-876
-960
-960
-876
-960
-960
-960
-960
-960
-960
201
-932
-960
-960
-960
-960
-960
-960
-960
-960
-988
-988
-988
-988
-988
-988
-988
-960
-988
-960
-988
-960
-960
-960
-960
-960
-960
-960
-960
-960
-960
-960
-960
-960
-960
-960
-960
-960
201
201
201
201
201
201
201
-805
-945
201
201
-945
-945
-833
-833
201
201
201
201
201
-813
-931
-973
-987
-987
-953
-917
-987
-987
-987
-987
-987
201
201
201
-981
201
-869
201
201
201
201
201
201
201
201
201
201
201
201
201
201
201
201
201
201
201
201
201
201
201
201
201
201
201
201
201
201
201
201
201
201
-958
-977
-902
-888
-972
-976
-958
-977
-976
-972
-958
-976
-976
-958
-958
-972
201
201
201
201
-950
201
-976
201
-976
201
201
201
201
201
-976
-976
201
201
201
-976
-976
-976
201
201
201
201
201
-976
-976
201
201
201
201
201
201
201
201
201
201
201
201
201
201
201
201
201
201
201
201
201
201
-959
-945
-994
-945
-994
-959
-987
-987
-987
-987
-987
-987
-994
-931
-959
-945
-889
-861
-959
-987
-987
201
201
-945
-987
201
-987
-861
-805
201
-917
-917
201
201
201
201
201
201
-905
-854
201
201
201
201
201
201
201
201
201
201
201
201
201
201
201
201
201
201
201
201
201
201
201
201
201
201
201
201
201
201
201
201
201
201
201
201
201
201
201
201
201
201
201
201
201
201
201
201
201
201
201
201
201
201
201
201
201
201
201
201
201
201
201
201
201
201
201
201
201
201
201
201
201
201
201
201
201
201
201
201
201
201
201
201
201
201
201
201
201
201
201
201
201
201
201
201
201
201
-947
-989
-989
-989
201
-989
-989
201
-989
-989
-989
-989
-989
-989
-989
-989
-989
-989
-989
