agent: texplore
env: asterix
Environment is episodic.
set statesPerDim to 0 for all dim
feature 0 has range 30
feature 1 has range 30
feature 2 has range 30
reward range: 1001
Parallel ETUCT tracking real state values
Planner using history size: 0
Start model learning thread
start parallel uct planning search thread
Created MultClass 0 with nModels: 5
Created C4.5 decision tree 0 with == and > splits
Created C4.5 decision tree 6 with == and > splits
Created C4.5 decision tree 12 with == and > splits
Created C4.5 decision tree 18 with == and > splits
Created C4.5 decision tree 24 with == and > splits
Created MultClass 3 with nModels: 5
Created C4.5 decision tree 3 with == and > splits
Created C4.5 decision tree 9 with == and > splits
Created C4.5 decision tree 15 with == and > splits
Created C4.5 decision tree 21 with == and > splits
Created C4.5 decision tree 27 with == and > splits
Created MultClass 4 with nModels: 5
Created C4.5 decision tree 4 with == and > splits
Created C4.5 decision tree 10 with == and > splits
Created C4.5 decision tree 16 with == and > splits
Created C4.5 decision tree 22 with == and > splits
Created C4.5 decision tree 28 with == and > splits
Created MultClass 1 with nModels: 5
Created C4.5 decision tree 1 with == and > splits
Created C4.5 decision tree 7 with == and > splits
Created C4.5 decision tree 13 with == and > splits
Created C4.5 decision tree 19 with == and > splits
Created C4.5 decision tree 25 with == and > splits
Created MultClass 2 with nModels: 5
Created C4.5 decision tree 2 with == and > splits
Created C4.5 decision tree 8 with == and > splits
Created C4.5 decision tree 14 with == and > splits
Created C4.5 decision tree 20 with == and > splits
Created C4.5 decision tree 26 with == and > splits
-994
-995
-978
-995
-995
-996
-995
-994
-995
-988
-996
-994
-987
-983
-987
-987
-987
-988
-987
-997
-996
-996
-993
-997
-987
-994
-994
-996
-994
-987
-992
-995
-992
-995
-995
-995
-996
-994
-994
-987
-987
-987
-997
-996
-994
-994
-994
-987
-990
-990
-995
-995
-987
-995
-995
-995
-995
-995
-992
-973
-988
-994
-994
-994
-995
-991
-995
-994
-988
-995
-995
-995
-985
-995
-995
-995
-973
-992
-916
-995
-994
-995
-995
-995
-995
-995
-995
-995
-995
-944
-931
-959
-987
-975
-996
-966
-996
-959
-931
-975
-993
-993
-993
-993
201
-993
-987
-819
-988
-995
-933
-995
-933
-988
-995
-988
-995
-988
-995
-933
-989
-995
-989
-994
201
-996
-996
-996
-996
-996
-996
-996
-996
-996
-996
-996
-996
-996
-996
-996
-996
-996
-996
-996
-996
-996
-996
-996
-996
-902
-947
-972
-986
-995
-986
-995
-973
-986
-958
-995
-973
-995
-974
-988
-972
-938
-995
-972
201
-923
201
-931
-902
-958
-988
201
-874
201
-973
-973
-938
-952
201
-993
-993
-993
-993
-993
-993
-993
201
201
201
-840
201
201
201
201
-945
201
201
-819
201
201
201
201
201
201
201
-983
201
201
201
-981
-981
201
-981
201
201
-959
201
201
201
201
201
201
-896
201
201
201
201
201
-917
-900
-861
201
-805
-987
-931
-987
-959
-987
-987
-987
-987
-987
-959
-987
-987
-987
-987
-987
-987
-987
-987
-987
-987
-987
-987
-987
-987
-987
-987
-987
-987
-987
-987
-987
-987
-987
-987
-987
-987
-987
-987
-987
-987
-987
-987
-987
-989
-989
-989
-989
-989
-989
-989
-989
-989
-995
-956
-996
-989
-989
-995
-995
-989
-989
-989
-989
-989
-989
-989
-995
-989
-989
-995
-989
-996
-989
-995
-989
-989
-995
-989
-989
-989
-995
-989
-989
-996
-995
-995
-995
-995
-995
-995
-996
-989
-989
-989
-995
-989
-995
-989
-989
-995
-995
-989
-995
-989
-995
-995
-995
-995
-995
-995
-995
-995
-989
-995
-995
-995
-995
-995
-995
-995
-995
-995
-989
-995
-995
-995
-995
-995
-995
-995
-995
-995
-995
-995
-995
-995
-995
-995
-995
-995
-995
-995
-995
-995
-989
-995
-995
-995
-996
-996
-996
-995
-995
-989
-995
-995
-995
-995
-989
-996
-995
-996
-989
-996
-996
-995
-995
-995
-995
-995
-995
-995
-995
-995
-995
-995
-995
-995
-989
-995
-995
-995
-995
-995
-995
-989
-995
-995
-989
-995
-989
-995
-995
-995
-995
-995
-995
-995
-995
-995
-995
-995
-995
-995
-989
-995
-995
-989
-995
-989
-995
-995
-995
-995
-995
-995
-995
-995
-995
-995
-995
-995
-995
-995
-995
-995
-995
-995
-995
-995
-995
-995
-995
-995
-995
-995
-995
-995
-995
-995
-995
-995
-995
-995
-995
-995
-995
-995
-995
-995
-995
-995
-995
-995
-995
-995
-995
-995
-995
-995
-995
-995
-995
-995
-995
-995
-995
-995
-995
-995
-995
-995
-995
-995
-995
-995
-995
-995
-995
-995
-995
-995
-995
-995
-995
-995
-995
-995
-995
-995
-995
-995
-995
-995
-995
-995
-995
-995
-995
-995
-995
-995
-995
-995
-995
-995
-995
-995
-995
-995
-995
-995
-995
-995
-995
-995
-995
-995
-995
-995
-995
-995
-995
-832
-972
-994
-916
-972
-944
-972
201
-902
-994
-944
-888
-994
-972
-986
-994
-994
-868
-986
-994
-994
-985
-972
201
201
201
201
-842
201
201
201
201
201
201
201
201
201
201
201
201
201
201
201
201
201
201
201
201
201
201
201
201
201
201
201
201
201
201
201
201
201
201
201
201
201
201
201
201
201
201
201
201
201
201
201
201
201
-956
-928
-984
-928
201
201
201
201
201
201
201
201
201
201
201
201
201
201
201
201
201
201
201
201
201
201
201
201
201
201
201
201
201
201
201
201
201
201
201
201
201
201
201
201
201
201
201
201
201
201
201
201
201
201
201
201
201
201
201
201
201
201
201
201
201
201
201
201
201
201
201
201
201
201
201
201
201
201
201
-979
201
201
201
201
201
201
201
201
201
201
201
201
201
201
-895
201
201
201
201
201
201
201
201
201
-903
-987
-973
-959
201
201
-959
-987
-987
-987
-875
201
-847
-987
201
-843
201
201
201
201
201
201
201
201
201
201
201
201
201
201
201
201
201
-937
-937
-937
-937
201
-937
-937
201
201
201
201
201
201
201
201
201
201
201
201
201
201
201
201
201
201
201
201
201
201
201
201
201
201
201
201
201
201
201
201
201
201
201
201
201
201
201
201
201
201
201
201
201
201
201
201
201
201
201
201
201
201
201
-953
201
201
201
201
201
201
201
201
201
201
201
201
201
201
201
201
201
201
201
201
201
201
-889
-925
201
201
201
201
201
201
201
201
201
201
201
201
201
201
201
201
201
201
201
201
201
201
201
201
201
201
201
201
201
201
201
201
201
201
201
201
201
201
-858
-914
-858
-942
-914
-830
201
201
201
201
201
201
201
201
201
201
201
201
201
201
201
201
201
201
201
201
201
201
-870
201
201
201
201
201
201
201
201
201
201
201
201
201
201
201
201
201
201
201
201
201
201
201
201
201
201
201
201
201
-805
-980
-882
-952
-978
-980
-980
-980
-980
-980
-924
-980
-980
-980
-980
-980
-980
-980
-980
-980
-980
-980
-980
-980
-980
-980
-980
-980
-980
-980
-980
-980
-980
-980
-980
-980
-980
-980
-980
-980
-980
-980
-980
