agent: texplore
env: asterix
Feature Selection: 0
Environment is episodic.
set statesPerDim to 0 for all dim
feature 0 has range 30
feature 1 has range 30
feature 2 has range 30
feature 3 has range 30
reward range: 1020
Parallel ETUCT tracking real state values
Planner using history size: 0
Start model learning thread
start parallel uct planning search thread
Created MultClass 0 with nModels: 5
Created C4.5 decision tree 0 with == and > splits
Created C4.5 decision tree 6 with == and > splits
Created C4.5 decision tree 12 with == and > splits
Created C4.5 decision tree 18 with == and > splits
Created C4.5 decision tree 24 with == and > splits
Created MultClass 4 with nModels: 5
Created C4.5 decision tree 4 with == and > splits
Created C4.5 decision tree 10 with == and > splits
Created C4.5 decision tree 16 with == and > splits
Created C4.5 decision tree 22 with == and > splits
Created C4.5 decision tree 28 with == and > splits
Created MultClass 5 with nModels: 5
Created C4.5 decision tree 5 with == and > splits
Created C4.5 decision tree 11 with == and > splits
Created C4.5 decision tree 17 with == and > splits
Created C4.5 decision tree 23 with == and > splits
Created C4.5 decision tree 29 with == and > splits
Created MultClass 1 with nModels: 5
Created C4.5 decision tree 1 with == and > splits
Created C4.5 decision tree 7 with == and > splits
Created C4.5 decision tree 13 with == and > splits
Created C4.5 decision tree 19 with == and > splits
Created C4.5 decision tree 25 with == and > splits
Created MultClass 2 with nModels: 5
Created C4.5 decision tree 2 with == and > splits
Created C4.5 decision tree 8 with == and > splits
Created C4.5 decision tree 14 with == and > splits
Created C4.5 decision tree 20 with == and > splits
Created C4.5 decision tree 26 with == and > splits
Created MultClass 3 with nModels: 5
Created C4.5 decision tree 3 with == and > splits
Created C4.5 decision tree 9 with == and > splits
Created C4.5 decision tree 15 with == and > splits
Created C4.5 decision tree 21 with == and > splits
Created C4.5 decision tree 27 with == and > splits
-994
-992
-996
-994
-996
-993
-995
-994
-992
-993
-992
-995
-994
-979
-994
-992
-994
-995
-995
-994
-995
-995
-994
-995
-995
-997
-979
-995
-993
-994
-993
-993
-993
-993
-993
-983
-997
-994
-994
-994
-994
-994
-996
-994
-990
-994
-995
-994
-994
-996
-996
-997
-994
-995
-994
-993
-996
-994
-994
-996
-996
-996
-997
-988
-996
-994
-997
-990
-994
-996
-997
-994
-984
-976
-996
-970
-995
-995
-988
-995
-996
-996
-993
-994
-996
-987
-990
-987
-995
-996
-989
-995
-987
-996
-996
-996
-996
-990
-995
-996
-996
-987
-996
-996
-996
-987
-993
-997
-997
-997
-997
-997
-997
-997
-997
-997
-997
-997
-997
-997
-997
-997
-997
-997
-997
-997
-997
-996
-996
-996
-996
-996
-996
-996
-996
-996
-996
-996
-991
-996
-979
-996
-987
-996
-997
-997
-997
-997
-997
-997
-997
-997
-997
-997
-997
-997
-997
-997
-997
-997
-997
-997
-997
-997
-996
-996
-996
-986
-978
-992
-994
-996
-996
-996
-996
-996
-996
-996
-996
-996
-997
-997
-996
-997
-997
-997
-997
-997
-997
-997
-997
-997
-997
-997
-997
-997
-997
-997
-997
-996
-996
-996
-996
-996
-996
-996
-996
-996
-996
-996
-996
-996
-996
-996
-996
-996
-996
-997
-997
-997
-997
-997
-997
-997
-997
-997
-997
-987
-996
-997
-997
-987
-996
-997
-997
-997
-996
-997
-997
-997
-997
-997
-997
-997
-997
-997
-997
-997
-997
-997
-997
-997
-997
-997
-997
-997
-997
-997
-997
-997
-997
-997
-997
-997
-997
-997
-997
-997
-997
-997
-997
-997
-997
-997
-997
-997
-997
-997
-997
-997
-997
-997
-997
-997
-997
-997
-997
-997
-997
-997
-997
-997
-997
-997
-997
-997
-997
-997
-997
-997
-997
-997
-997
-997
-997
-997
-997
-997
-997
-997
-997
-997
-997
-997
-997
-997
-997
-997
-997
-997
-997
-997
-997
-997
-997
-997
-997
-997
-987
-996
-987
-980
-995
-990
-982
-987
-983
-997
-997
-997
-997
-997
-997
-997
-987
-990
-997
-997
-997
-997
-997
-997
-987
-976
-976
-973
-990
-976
-997
-990
-990
-997
-987
-974
-990
-997
-987
-990
-997
-987
-972
-997
-987
-990
-997
-987
-981
-997
-987
-984
-990
-948
-997
-979
-996
-990
-973
-979
-996
-973
-958
-980
-943
-973
-986
-945
-976
-973
-990
-976
-976
-973
-970
-973
-976
-973
-986
-973
-986
-986
-986
-956
-973
-986
-986
-987
-986
-986
-972
-940
-875
-987
-819
-987
-872
-805
-973
-973
-945
-973
-974
-987
-945
-973
-973
-973
-892
-948
-930
-903
-986
-901
-973
-973
-935
-986
-982
-968
-901
201
-901
201
-847
-986
-889
-973
-973
-973
-973
-862
-986
-974
-987
-974
-989
-974
-986
-974
-986
-974
-986
-974
-986
-974
-986
-974
-986
-976
-976
-988
-989
-976
-976
-948
-988
-986
-988
-988
-988
-988
-988
-988
-982
-988
-989
-976
-988
-989
-988
-989
-976
-988
-989
-988
-988
-976
-988
-988
-976
-976
-974
-988
-988
-988
-976
-988
-988
-988
-988
-934
-934
-990
-932
-988
-932
-974
-988
-983
-988
-946
-989
-890
-988
-946
-989
-918
-989
-974
-989
-946
-989
-974
-988
-974
-988
-974
-988
-974
-988
-974
-988
-974
-988
-988
-988
-988
-988
-974
-988
-974
-986
-974
-986
-890
-986
-974
-986
-988
-986
-988
-986
-988
-988
-986
-988
-986
-988
-986
-988
-986
-988
-986
-988
-986
-988
-986
-988
-988
-986
-988
-988
-988
-988
-988
-986
-988
-986
-988
-987
-988
-987
-988
-986
-974
-986
-946
-988
-946
-988
-974
-988
-974
-988
-988
-988
-946
-986
-974
-988
-946
-988
-946
-989
-974
-989
-974
-989
-974
-989
-974
-989
-974
-989
-974
-989
-974
-974
-974
-974
-974
-986
-989
-974
-987
-974
-987
-974
-987
-916
-972
-986
-944
-944
-944
-916
201
-946
201
-946
201
-946
201
-974
201
-946
201
-858
-914
-974
201
-974
201
-988
201
201
-974
201
-974
201
-974
201
-942
-910
201
201
201
201
-955
201
-904
201
-864
-863
-886
-813
-964
-897
-994
-858
-813
201
-994
-994
-970
-897
-980
-848
-876
-994
-994
-936
-910
-980
-925
-994
-994
-994
201
201
-953
201
-966
-976
201
201
-994
-964
201
-897
-994
-994
-918
-813
-925
-869
201
-841
-980
-925
-925
-848
-960
-946
-846
-954
-946
-897
-958
-981
-925
-852
-953
-932
-953
-880
-960
-925
-946
-880
-880
201
-989
-942
-946
-942
201
201
-981
-942
201
-946
-946
201
-981
-946
-946
-942
-942
201
201
201
-834
-902
201
201
-984
-932
-974
-974
-974
-918
-862
-986
-903
-974
-974
-918
-974
-890
201
201
201
201
201
201
-847
-946
-918
201
201
201
201
-920
201
-918
-918
-946
-918
201
201
201
201
201
201
201
201
201
-931
201
201
201
201
-889
201
-990
201
-948
-976
201
-974
201
-863
201
-990
201
-960
201
-990
201
-990
-819
201
-974
-835
-919
201
-805
-987
-987
-973
-987
-987
-987
-987
-987
-987
-987
-973
-987
-987
-987
-987
-973
-973
-962
-973
-973
-987
-987
-987
-987
-987
-987
-987
-987
-987
-987
-987
-987
-987
-987
-987
-931
-973
-973
-973
-931
-973
-973
-973
-973
-973
-973
-917
-945
-931
-931
-973
-973
-973
-973
-973
-973
-973
-931
-973
-931
-981
-931
-973
-931
-931
-973
-973
-931
-981
-973
-973
-973
-973
-973
-973
-973
-973
-973
-973
-973
-973
-973
-973
-973
-973
-953
-953
-917
-973
-973
-973
-973
-973
-953
-945
-945
-973
-973
-973
-973
-917
-953
-948
-959
-973
-931
-959
-973
-973
-973
-973
-973
-973
-973
-973
-973
-973
-973
-948
-981
-931
-973
-973
-973
-981
-981
-981
-981
-981
-981
-981
-981
-973
-981
-981
-973
-973
-973
-973
-973
-948
-981
-981
