agent: texplore
env: asterix
Feature Selection: 0
Environment is episodic.
set statesPerDim to 0 for all dim
feature 0 has range 30
feature 1 has range 30
feature 2 has range 30
feature 3 has range 30
reward range: 1020
Parallel ETUCT tracking real state values
Planner using history size: 0
Start model learning thread
start parallel uct planning search thread
Created MultClass 0 with nModels: 5
Created C4.5 decision tree 0 with == and > splits
Created C4.5 decision tree 6 with == and > splits
Created C4.5 decision tree 12 with == and > splits
Created C4.5 decision tree 18 with == and > splits
Created C4.5 decision tree 24 with == and > splits
Created MultClass 4 with nModels: 5
Created C4.5 decision tree 4 with == and > splits
Created C4.5 decision tree 10 with == and > splits
Created C4.5 decision tree 16 with == and > splits
Created C4.5 decision tree 22 with == and > splits
Created C4.5 decision tree 28 with == and > splits
Created MultClass 5 with nModels: 5
Created C4.5 decision tree 5 with == and > splits
Created C4.5 decision tree 11 with == and > splits
Created C4.5 decision tree 17 with == and > splits
-995
Created C4.5 decision tree 23 with == and > splits
Created C4.5 decision tree 29 with == and > splits
Created MultClass 1 with nModels: 5
Created C4.5 decision tree 1 with == and > splits
Created C4.5 decision tree 7 with == and > splits
Created C4.5 decision tree 13 with == and > splits
Created C4.5 decision tree 19 with == and > splits
Created C4.5 decision tree 25 with == and > splits
Created MultClass 2 with nModels: 5
Created C4.5 decision tree 2 with == and > splits
Created C4.5 decision tree 8 with == and > splits
Created C4.5 decision tree 14 with == and > splits
Created C4.5 decision tree 20 with == and > splits
Created C4.5 decision tree 26 with == and > splits
Created MultClass 3 with nModels: 5
Created C4.5 decision tree 3 with == and > splits
Created C4.5 decision tree 9 with == and > splits
Created C4.5 decision tree 15 with == and > splits
Created C4.5 decision tree 21 with == and > splits
Created C4.5 decision tree 27 with == and > splits
-994
-993
-994
-991
-982
-989
-994
-994
-995
-994
-987
-994
-995
-993
-993
-995
-996
-992
-973
-995
-981
-994
-992
-992
-995
-992
-994
-994
-994
-979
-995
-992
-995
-995
-995
-994
-995
-995
-993
-980
-994
-995
-995
-994
-994
-995
-995
-995
-995
-995
-995
-995
-995
-995
-985
-980
-981
-966
-995
-994
-995
-994
-994
-980
-995
-995
-995
-981
-995
-994
-994
-995
-995
-995
-995
-995
-995
-995
-994
-995
-967
-994
-994
-995
-984
-961
-995
-974
-995
-987
-995
-975
-992
-995
-947
-995
-995
-995
-995
-979
-995
-995
-979
-981
-967
-981
-994
-966
-950
-994
-980
-994
-995
-992
-995
-995
-995
-995
-995
-995
-995
-995
-995
-995
-995
-995
-995
-995
-995
-995
-980
-992
-978
-994
-994
-995
-995
-995
-995
-995
-995
-995
-994
-995
-995
-994
-995
-994
-994
-995
-995
-995
-994
-995
-995
-995
-995
-995
-995
-994
-995
-995
-995
-995
-995
-995
-995
-995
-995
-995
-995
-995
-995
-995
-995
-995
-995
-995
-995
-995
-995
-995
-995
-995
-995
-995
-995
-995
-995
-995
-995
-994
-992
-992
-995
-931
-995
-995
-995
-995
-995
-995
-995
-995
-995
-995
-995
-905
-995
-956
-995
-989
-995
-990
-991
-995
-990
-995
-975
-946
-975
-995
-973
-948
-995
-995
-995
-911
-995
-995
-973
-995
-995
-957
-946
-975
-948
-926
-974
-990
-993
-993
-993
-993
-993
-993
-993
-995
-981
-995
-993
-995
-993
-995
-993
-993
-993
-993
-993
-993
-993
-993
-995
-995
-995
-995
-979
-995
-993
-993
-993
-993
-995
-995
-995
-995
-995
-995
-995
-995
-995
-995
-993
-993
-993
-993
-993
-993
-993
-983
-995
-995
-995
-995
-995
-991
-991
-993
-996
-959
-993
-996
-976
-996
-991
-991
-992
-996
-992
-995
-991
-991
-991
-992
-996
-991
-991
-991
-991
-991
-995
-995
-973
-993
-996
-992
-995
-991
-991
-995
-995
-995
-995
-995
-995
-995
-995
-995
-995
-995
-995
-995
-995
-995
-995
-995
-995
-995
-995
-995
-995
-995
-995
-995
-995
-995
-995
-995
-995
-995
-995
-995
-995
-995
-995
-995
-995
-995
-995
-995
-995
-995
-995
-995
-995
-995
-995
-995
-995
-995
-995
-995
-995
-995
-995
-995
-995
-995
-995
-995
-995
-995
-995
-995
-995
-995
-995
-995
-995
-995
-995
-995
-995
-995
-995
-995
-995
-995
-995
-995
-995
-995
-995
-995
-995
-995
-995
-995
-995
-995
-995
-995
-996
-995
-995
-995
-995
-995
-995
-995
-995
-987
-995
-993
-996
-995
-992
-995
-987
-996
-995
-992
-995
-995
-996
-995
-995
-996
-995
-987
-995
-995
-996
-995
-995
-996
-995
-987
-995
-987
-995
-987
-995
-992
-995
-992
-995
-995
-995
-995
-995
-995
-995
-995
-995
-995
-995
-995
-995
-995
-995
-995
-995
-995
-995
-995
-995
-995
-995
-995
-995
-995
-996
-995
-996
-995
-995
-995
-995
-995
-995
-995
-995
-995
-995
-995
-995
-995
-995
-995
-995
-995
-995
-995
-995
-995
-995
-995
-995
-995
-995
-996
-996
-995
-995
-995
-995
-995
-995
-995
-996
-996
-995
-995
-995
-995
-995
-995
-995
-995
-995
-995
-995
-995
-995
-995
-995
-995
-996
-995
-995
-995
-995
-995
-995
-995
-995
-995
-995
-995
-995
-995
-995
-995
-995
-995
-995
-995
-995
-995
-995
-995
-995
-995
-995
-995
-995
-995
-995
-995
-995
-995
-995
-995
-995
-995
-995
-995
-995
-995
-995
-995
-995
-995
-995
-995
-995
-995
-995
-995
-995
-995
-995
-995
-995
-995
-995
-995
-995
-995
-995
-995
-995
-995
-995
-995
-995
-995
-995
-995
-995
-995
-995
-995
-995
-995
-995
-995
-995
-995
-995
-995
-995
-995
-995
-995
-995
-995
-995
-995
-995
-995
-995
-995
-995
-995
-995
-995
-995
-995
-995
-995
-995
-995
-995
-995
-995
-995
-945
-996
-995
-985
-995
-995
-995
-995
-995
-995
-995
-995
-987
-988
-986
-973
-959
-984
-986
-995
-973
-995
-983
-959
-987
-987
-996
-996
-995
-996
-995
-996
-987
-996
-995
-987
-996
-995
-996
-931
-987
-987
-986
-973
-987
-973
-987
-959
-987
-973
-973
-987
-987
-987
-987
-987
-987
-987
-987
-987
-987
-987
-987
-973
-987
-959
-987
-987
-959
-987
-959
-987
-959
-973
-959
-987
-987
-987
-987
-987
-987
-987
-945
-987
-987
-987
-987
-987
-987
-987
-987
-987
-987
-987
-987
-987
-987
-987
-987
-987
-987
-987
-987
-987
-987
-987
-987
-987
-987
-987
-987
-987
-987
-987
-987
-987
-987
-987
-987
-987
-987
-987
-987
-987
-987
-973
-973
-987
-987
-987
-987
-987
-987
-987
-987
-987
-987
-987
-987
-987
-987
-987
-987
-987
-987
-987
-987
-987
-987
-987
-987
-987
-917
-973
-987
-987
-987
-987
-987
-987
-987
-987
-987
-987
-987
-987
-987
-987
-987
-987
-987
-987
-987
-987
-987
-987
-987
-987
-987
-987
-987
-987
-987
-987
-987
-987
-987
-987
-987
-987
-987
-987
-987
-987
-987
-987
-987
-987
-987
-987
-987
-987
-987
-987
-987
-987
-987
-987
-987
-987
-987
-987
-987
-987
-987
-987
-987
-987
-987
-987
-987
-987
-987
-987
-987
-973
-931
-928
-932
-946
-845
201
-928
-945
-874
-986
-986
-973
-972
-995
-859
-946
-974
-974
-974
-972
-972
-986
-986
-986
-986
-986
-986
-986
-986
-986
-986
-986
-986
-986
-986
201
-974
-988
-988
-988
-988
-988
-988
-988
-974
-960
-960
-946
-974
-932
-974
-974
-974
-974
-974
-807
-995
-806
-988
-988
-988
-974
-958
-986
-986
-986
-986
-986
-986
-986
-986
-986
-986
-986
-986
-986
-930
-986
-986
-986
-986
-986
-986
-986
-986
-986
-984
-918
-988
-985
-988
-973
-961
-975
-975
-995
-973
-943
-958
-930
-986
-986
-972
-986
-986
-986
-986
-988
-986
-986
-986
-986
-986
-986
-986
