agent: texplore
env: asterix
Feature Selection: 0
Environment is episodic.
set statesPerDim to 0 for all dim
feature 0 has range 30
feature 1 has range 30
feature 2 has range 30
feature 3 has range 30
reward range: 1020
Parallel ETUCT tracking real state values
Planner using history size: 0
Start model learning thread
start parallel uct planning search thread
Created MultClass 0 with nModels: 5
Created C4.5 decision tree 0 with == and > splits
Created C4.5 decision tree 6 with == and > splits
Created C4.5 decision tree 12 with == and > splits
Created C4.5 decision tree 18 with == and > splits
Created C4.5 decision tree 24 with == and > splits
Created MultClass 4 with nModels: 5
Created C4.5 decision tree 4 with == and > splits
Created C4.5 decision tree 10 with == and > splits
Created C4.5 decision tree 16 with == and > splits
-997
Created C4.5 decision tree 22 with == and > splits
Created C4.5 decision tree 28 with == and > splits
Created MultClass 5 with nModels: 5
Created C4.5 decision tree 5 with == and > splits
Created C4.5 decision tree 11 with == and > splits
Created C4.5 decision tree 17 with == and > splits
Created C4.5 decision tree 23 with == and > splits
Created C4.5 decision tree 29 with == and > splits
Created MultClass 1 with nModels: 5
Created C4.5 decision tree 1 with == and > splits
Created C4.5 decision tree 7 with == and > splits
Created C4.5 decision tree 13 with == and > splits
Created C4.5 decision tree 19 with == and > splits
Created C4.5 decision tree 25 with == and > splits
Created MultClass 2 with nModels: 5
Created C4.5 decision tree 2 with == and > splits
Created C4.5 decision tree 8 with == and > splits
Created C4.5 decision tree 14 with == and > splits
Created C4.5 decision tree 20 with == and > splits
Created C4.5 decision tree 26 with == and > splits
Created MultClass 3 with nModels: 5
Created C4.5 decision tree 3 with == and > splits
Created C4.5 decision tree 9 with == and > splits
Created C4.5 decision tree 15 with == and > splits
Created C4.5 decision tree 21 with == and > splits
Created C4.5 decision tree 27 with == and > splits
-994
-995
-981
-995
-994
-995
-996
-995
-994
-993
-995
-995
-993
-995
-992
-991
-994
-979
-995
-992
-994
-995
-994
-981
-992
-994
-993
-995
-997
-976
-982
-993
-995
-991
-996
-995
-996
-994
-994
-996
-996
-979
-995
-994
-970
-949
-995
-995
-996
-995
-996
-978
-996
-979
-995
-995
-995
-968
-980
-996
-994
-982
-994
-995
-992
-994
-981
-970
-993
-994
-982
-995
-992
-982
-994
-994
-994
-994
-994
-994
-994
-953
-982
-994
-994
-994
-993
-994
-996
-981
-996
-994
-993
-996
-994
-994
-994
-978
-996
-993
-996
-993
-996
-975
-980
-978
-994
-961
-991
-996
-994
-994
-995
-991
-993
-996
-994
-995
-996
-997
-994
-996
-994
-994
-995
-997
-979
-994
-994
-995
-990
-982
-983
-994
-995
-990
-994
-994
-995
-993
-982
-993
-993
-993
-982
-994
-983
-995
-992
-967
-968
-996
-973
-985
-992
-982
-992
-992
-993
-991
-993
-996
-992
-993
-993
-993
-993
-996
-993
-993
-996
-996
-980
-993
-979
-996
-996
-995
-996
-996
-996
-995
-996
-995
-995
-977
-996
-996
-994
-994
-980
-996
-996
-980
-996
-992
-996
-996
-979
-996
-996
-996
-996
-996
-996
-977
-982
-981
-994
-994
-994
-994
-994
-951
-980
-979
-968
-891
-951
-994
-994
-994
-981
-993
-995
-996
-991
-994
-994
-980
-994
-994
-994
-980
-996
-984
-982
-982
-979
-993
-978
-996
-993
-991
-991
-993
-993
-979
-993
-982
-983
-996
-993
-996
-996
-993
-993
-996
-941
-993
-985
-972
-975
-974
-993
-984
-994
-956
-994
-969
-994
-969
-979
-983
-994
-996
-996
-996
-982
-997
-994
-996
-992
-980
-994
-996
-991
-996
-993
-924
-994
-995
-994
-968
-994
-970
-984
-990
-974
-994
-982
-964
-982
-936
-996
-982
-996
-996
-996
-996
-996
-996
-996
-996
-996
-996
-974
-996
-966
-996
-996
-970
-913
-993
-996
-996
-993
-982
-995
-996
-995
-993
-968
-996
-952
-973
-996
-995
-996
-956
-938
-996
-939
-996
-973
-943
-993
-974
-933
-961
201
-996
-973
-995
-901
-985
-985
-995
-993
-995
-993
-995
-993
-996
-993
-996
-993
-996
-996
-995
-996
-995
-996
-995
-996
-995
-996
-995
-996
-995
-996
-995
-996
-995
-996
-995
-996
-995
-996
-975
-945
-996
-941
-993
-996
-913
-993
-996
-974
-933
-889
-959
-952
-993
-996
-987
-987
-987
-973
-987
-987
-987
-987
-987
-987
-996
-857
-993
-996
-960
-993
-996
-932
-996
-972
-929
-986
-996
-986
-996
-969
-996
-933
-993
-985
-984
-993
-982
-984
-917
-984
-973
-984
-973
-959
-862
-969
-984
-969
-984
-887
-946
-959
-861
-949
-974
-910
-917
-959
-891
-987
-984
-891
-959
-917
-945
-917
-919
-959
-943
-959
-929
-959
-987
-969
-913
-987
-959
-987
-987
-847
-876
-931
-960
-935
-960
201
-960
-927
-960
-848
201
-918
-918
-929
-847
-987
-987
-987
201
-987
-959
201
-847
-987
-987
-987
-987
-987
-987
-987
-987
-987
-987
-987
-959
201
-959
-987
-987
-987
-987
-987
-987
-987
-987
-848
-973
-987
-987
-987
-987
-987
-987
-987
-987
-987
-932
-988
-931
-987
-987
-985
-959
-994
-904
-994
-994
-994
-955
-802
-931
-994
-994
-987
-959
-987
-987
-994
-942
-903
-987
-987
-987
-987
-959
-960
-987
201
201
-833
201
201
-833
-847
-959
-987
-987
-987
-973
-987
-987
-987
-987
-987
-987
-833
201
-973
201
-931
-987
-987
-987
-987
-987
-835
-987
-903
-974
-973
-990
-974
-973
-931
-973
-990
-946
-932
-904
-917
201
-932
-961
-952
-990
-932
201
201
201
201
201
201
201
201
201
201
201
201
201
201
201
201
201
201
201
201
201
201
201
201
201
201
201
201
201
201
-995
-995
-995
201
201
-875
-995
-995
-995
-995
-995
-995
-995
-995
-995
-995
-995
-995
-995
-995
-995
-995
-995
-995
-981
-995
-995
-995
-995
-995
-995
-995
-995
-888
-995
-995
-995
-986
-995
-995
-986
-995
-995
-995
-995
-995
-995
-995
-986
-995
-995
-986
-995
-995
-995
-995
-995
-995
-995
-995
-995
-995
-995
-995
-986
-995
-995
-995
-995
-995
-995
-995
-995
-995
-995
-995
-995
-995
-995
-995
-995
-995
-995
-986
-995
-995
-995
-995
-995
-995
-995
-995
-995
-995
-995
-995
-995
-986
-995
-995
-995
-995
-995
-995
-995
-995
-995
-995
-995
-995
-995
-995
-995
-995
-995
-995
-995
-995
-995
-995
-995
-995
-995
-995
-995
-995
-995
-995
-995
-995
-995
-995
-995
-995
-995
-995
-995
-995
-995
-995
-995
-995
-995
-995
-995
-995
-995
-995
-995
-995
-995
-995
-995
-995
-995
-995
-995
-995
-995
-995
-995
-995
-995
-995
-995
-995
-995
-995
-995
-995
-995
-995
-995
-995
-995
-995
-995
-995
-995
-995
-995
-995
-995
-995
-995
-995
-995
-995
-995
-995
-995
-995
-995
-995
-995
-995
-995
-995
-995
-995
-995
-995
-995
-995
-995
-995
-995
-995
-995
-995
-995
-995
-995
-995
-995
-995
-995
-995
-995
-995
-995
-995
-995
-995
-995
-995
-995
-995
-995
-995
-995
-995
-995
-995
-995
-995
-995
-995
-995
-995
-995
-995
-995
-995
-995
-995
-995
-995
-995
-995
-995
-995
-995
-995
-995
-995
-995
-995
-995
-995
-995
-995
-995
-995
-995
-995
-995
-995
-995
-995
-995
-995
-995
-995
-995
-995
-995
-995
-995
-995
-995
-995
-995
-995
-995
-995
-995
-995
-995
-995
-995
-995
-995
-995
-995
-995
-995
-995
-995
-995
-995
-995
-995
-995
-995
-995
-995
-995
-995
-995
-995
-995
-995
-995
-995
-995
-995
-995
-995
-995
-995
-995
-995
-995
-995
-995
-995
-995
-995
-995
-995
-995
-995
-995
-995
-995
-995
-995
-995
-995
-995
-995
-995
-995
-995
-995
-995
-995
-995
-995
-995
-995
