agent: texplore
env: asterix
Environment is episodic.
set statesPerDim to 0 for all dim
feature 0 has range 30
feature 1 has range 30
feature 2 has range 30
reward range: 1001
Parallel ETUCT tracking real state values
Planner using history size: 0
Start model learning thread
start parallel uct planning search thread
Created MultClass 0 with nModels: 5
Created C4.5 decision tree 0 with == and > splits
Created C4.5 decision tree 6 with == and > splits
Created C4.5 decision tree 12 with == and > splits
Created C4.5 decision tree 18 with == and > splits
Created C4.5 decision tree 24 with == and > splits
Created MultClass 3 with nModels: 5
Created C4.5 decision tree 3 with == and > splits
Created C4.5 decision tree 9 with == and > splits
Created C4.5 decision tree 15 with == and > splits
Created C4.5 decision tree 21 with == and > splits
Created C4.5 decision tree 27 with == and > splits
Created MultClass 4 with nModels: 5
Created C4.5 decision tree 4 with == and > splits
Created C4.5 decision tree 10 with == and > splits
Created C4.5 decision tree 16 with == and > splits
Created C4.5 decision tree 22 with == and > splits
Created C4.5 decision tree 28 with == and > splits
Created MultClass 1 with nModels: 5
Created C4.5 decision tree 1 with == and > splits
Created C4.5 decision tree 7 with == and > splits
Created C4.5 decision tree 13 with == and > splits
Created C4.5 decision tree 19 with == and > splits
Created C4.5 decision tree 25 with == and > splits
Created MultClass 2 with nModels: 5
-994
Created C4.5 decision tree 2 with == and > splits
Created C4.5 decision tree 8 with == and > splits
Created C4.5 decision tree 14 with == and > splits
Created C4.5 decision tree 20 with == and > splits
Created C4.5 decision tree 26 with == and > splits
-981
-994
-994
-994
-994
-996
-997
-990
-995
-994
-994
-996
-995
-995
-973
-993
-994
-994
-960
-995
-960
-996
-996
-996
-994
-996
-960
-993
-973
-992
-997
-903
-994
-993
-994
-997
-994
-996
-994
-931
-992
-997
-903
-996
-996
-993
-996
-991
-996
-989
-996
-994
-997
-997
-997
-997
-990
-993
-988
-990
-993
-997
-997
-997
-997
-994
-931
-994
-997
-989
-996
-973
-987
-994
-961
-931
-877
201
201
-929
-917
-945
-989
-989
-861
201
-958
-958
-890
-980
-981
-918
-945
-966
-952
-994
-994
-994
-946
-994
-994
-977
-930
-994
-994
-994
-994
-994
-994
-994
-994
-980
-987
-945
-955
-954
-973
-994
-994
-959
-994
-994
-994
-994
-994
-994
-981
-987
-981
-987
-994
-987
-995
-987
-987
-991
-987
-987
-996
-987
-987
-995
-987
-987
-987
-987
-987
-987
-973
-973
-987
-987
-987
-987
-994
-987
-995
-987
-995
-987
-987
-987
-996
-987
-995
-987
-995
-987
-995
-987
-987
-995
-987
-995
-821
-988
201
-988
-988
201
-988
-988
-988
-832
-986
-995
-986
-982
-986
-986
-981
-986
-972
-986
-986
-989
-986
-995
-994
-994
-994
-973
-986
-986
-994
-994
-994
-994
-994
-994
-994
-994
-994
-986
-986
-994
-986
-986
-994
-986
-986
-986
-972
-986
-972
-973
-972
201
201
201
201
201
201
201
201
201
201
-890
-989
-848
-989
-989
-989
-989
-989
-989
-989
-989
-989
-989
-989
-989
-989
-989
-989
-989
-989
-989
-989
-989
-989
-989
-989
-989
-989
-989
-989
-989
-989
-989
-989
-989
-989
-989
-989
-989
-989
-989
-989
-989
-989
-989
-989
-989
-989
-989
-989
-847
-931
-931
-931
-931
-931
-931
-931
-931
201
201
201
201
201
201
201
201
-858
201
201
201
201
201
201
201
201
201
201
201
201
201
201
201
-816
-984
-984
-984
-984
-984
201
201
201
-984
-984
-984
201
201
201
201
201
-860
-986
-984
-983
-983
-983
-983
-983
-983
-983
-983
-983
-983
-983
-983
-983
-983
-983
-983
-983
-983
-983
-983
-983
-983
-983
-983
-983
-983
-983
-983
-983
-983
-983
-983
-983
-983
-983
-983
-983
-983
-983
-983
-983
-983
-983
-983
-983
-983
-983
-983
-983
-983
-983
-983
-983
-983
-983
-983
-983
-983
-983
-983
-983
-983
-983
-983
-983
-973
-945
-973
-861
-889
-973
-917
-945
-973
-973
-973
-973
-917
-973
-945
-973
-973
-973
-973
-973
-973
-973
-973
-973
-973
-973
-973
-973
-973
-973
-973
-973
-973
-973
-973
201
201
201
201
201
201
201
201
201
201
201
201
201
201
201
201
201
201
201
201
201
201
201
201
201
201
201
201
201
201
201
201
201
201
201
201
201
201
201
201
201
201
201
201
201
201
201
201
201
201
201
201
201
201
201
201
201
201
201
201
201
201
201
201
201
201
201
201
201
201
201
-972
-958
-986
-986
-986
-986
-986
-986
-986
-986
-986
-986
-986
-986
-986
-995
-995
-995
-995
-995
-986
-986
-986
-986
-986
-986
-986
-986
-986
-986
-986
-986
-986
-986
-986
-986
-986
-986
-986
-986
-986
-986
-986
-986
-986
-986
-986
-986
-986
-986
-986
-986
-986
-986
-986
-986
-986
-986
-986
-986
-986
-986
-986
-986
-986
-986
-986
-986
-986
-986
-986
-986
-986
-986
-986
-986
-986
-986
-986
-986
-986
-986
-986
-986
-986
-986
-986
-986
-986
-986
-986
-986
-986
-986
-986
-986
-986
-986
-986
-986
-986
-986
-986
-986
-986
-986
-986
-986
-986
-986
-986
-986
-986
-986
-986
-986
-986
-986
-986
-986
-986
-986
-986
-986
-986
-986
-986
-986
-986
-986
-986
-986
-986
-986
-986
-986
-986
-986
-986
-986
-986
-986
-986
-986
-986
-986
-986
-986
-986
-986
-986
-986
-986
-986
-986
-986
-986
-986
-986
-986
-986
-986
-986
-986
-986
-986
-986
-986
-986
-986
-986
-986
-986
-986
-986
-986
-986
-986
-986
-986
-986
-986
-986
-986
-986
-986
-986
-927
201
201
201
201
201
201
201
201
201
201
201
201
201
201
201
201
201
201
201
201
201
201
201
201
201
201
201
201
201
201
201
201
-802
-970
-928
-956
201
201
201
201
201
201
201
201
201
201
201
201
201
201
201
201
201
201
201
201
201
201
201
201
201
201
201
201
201
201
201
201
201
201
201
201
201
-895
-971
-945
-995
-987
-987
-987
-987
-987
-987
-987
-987
-973
-987
-987
-889
-995
-987
-987
-987
-987
-987
-987
-987
-987
201
-987
-987
-805
-987
-987
-987
-987
-987
-987
-987
-987
-987
-987
-987
-987
-987
-987
-987
201
201
201
-987
-987
-995
-987
-889
-995
-995
-987
-987
-995
-959
-973
-987
-833
-833
-987
-973
-987
-973
-995
-995
-995
-987
201
201
201
201
201
201
201
201
201
201
201
-987
201
201
201
201
201
201
201
201
201
201
201
201
201
201
201
201
201
201
201
201
201
201
201
201
201
201
-988
-931
-987
-995
201
-917
-995
-945
-995
-995
-995
-995
-995
-995
-995
-995
-995
-995
-995
-995
-995
-995
-995
-995
-995
-995
-995
-995
-995
-995
-995
-995
-995
-995
-995
-995
-995
-995
-995
-995
-995
-995
-995
-995
-995
-995
-995
-995
-995
-995
-995
-995
-995
-995
-995
-995
-995
-995
-995
-995
-995
-995
-995
-995
-995
-995
-995
-995
-995
-995
-995
-995
-995
-995
-995
-995
-995
-995
-995
-995
-995
-995
-995
-995
-995
-995
-995
-995
-995
-995
-995
-995
-995
-995
-995
-995
-995
-995
-995
-995
-995
-995
-995
-995
-995
-995
-995
-995
-995
-995
-995
-995
-995
-995
-995
-995
-995
-995
-995
