agent: texplore
env: asterix
Feature Selection: 0
Environment is episodic.
set statesPerDim to 0 for all dim
feature 0 has range 30
feature 1 has range 30
feature 2 has range 30
feature 3 has range 30
reward range: 1020
Parallel ETUCT tracking real state values
Planner using history size: 0
Start model learning thread
start parallel uct planning search thread
Created MultClass 0 with nModels: 5
Created C4.5 decision tree 0 with == and > splits
Created C4.5 decision tree 6 with == and > splits
Created C4.5 decision tree 12 with == and > splits
Created C4.5 decision tree 18 with == and > splits
Created C4.5 decision tree 24 with == and > splits
Created MultClass 4 with nModels: 5
Created C4.5 decision tree 4 with == and > splits
Created C4.5 decision tree 10 with == and > splits
Created C4.5 decision tree 16 with == and > splits
Created C4.5 decision tree 22 with == and > splits
Created C4.5 decision tree 28 with == and > splits
Created MultClass 5 with nModels: 5
Created C4.5 decision tree 5 with == and > splits
Created C4.5 decision tree 11 with == and > splits
Created C4.5 decision tree 17 with == and > splits
Created C4.5 decision tree 23 with == and > splits
Created C4.5 decision tree 29 with == and > splits
Created MultClass 1 with nModels: 5
Created C4.5 decision tree 1 with == and > splits
Created C4.5 decision tree 7 with == and > splits
Created C4.5 decision tree 13 with == and > splits
Created C4.5 decision tree 19 with == and > splits
Created C4.5 decision tree 25 with == and > splits
Created MultClass 2 with nModels: 5
Created C4.5 decision tree 2 with == and > splits
Created C4.5 decision tree 8 with == and > splits
Created C4.5 decision tree 14 with == and > splits
Created C4.5 decision tree 20 with == and > splits
Created C4.5 decision tree 26 with == and > splits
Created MultClass 3 with nModels: 5
Created C4.5 decision tree 3 with == and > splits
Created C4.5 decision tree 9 with == and > splits
Created C4.5 decision tree 15 with == and > splits
Created C4.5 decision tree 21 with == and > splits
Created C4.5 decision tree 27 with == and > splits
-976
-994
-989
-992
-981
-994
-994
-996
-994
-994
-982
-995
-992
-995
-995
-995
-991
-994
-994
-990
-995
-995
-994
-995
-994
-993
-995
-992
-994
-994
-992
-994
-994
-954
-994
-994
-994
-994
-994
-994
-966
-995
-995
-995
-995
-994
-994
-981
-994
-981
-994
-994
-994
-994
-994
-994
-983
-981
-995
-994
-980
-993
-980
-981
-977
-979
-982
-995
-995
-976
-995
-995
-995
-994
-994
-994
-995
-995
-994
-995
-993
-994
-994
-994
-994
-994
-980
-994
-980
-994
-992
-995
-993
-994
-994
-994
-994
-995
-995
-993
-982
-968
-975
-993
-994
-994
-994
-994
-995
-995
-994
-994
-994
-994
-992
-995
-992
-994
-994
-994
-994
-994
-994
-994
-994
-994
-994
-994
-996
-981
-995
-986
-981
-995
-992
-980
-994
-996
-994
-980
-981
-995
-995
-981
-961
-995
-994
-994
-995
-996
-969
-980
-994
-994
-996
-991
-992
-995
-995
-995
-995
-995
-995
-995
-995
-994
-995
-995
-995
-994
-995
-995
-994
-995
-994
-995
-994
-995
-994
-995
-994
-994
-997
-953
-995
-994
-996
-995
-997
-981
-953
-971
-995
-978
-993
-994
-994
-980
-994
-995
-980
-994
-994
-994
-994
-997
-956
-995
-997
-995
-995
-995
-995
-976
-994
-979
-994
-994
-981
-979
-980
-980
-994
-994
-994
-994
-980
-978
-994
-980
-994
-994
-994
-994
-997
-995
-994
-994
-995
-994
-995
-995
-995
-995
-995
-995
-994
-994
-997
-994
-997
-996
-996
-995
-995
-996
-997
-994
-994
-996
-996
-995
-995
-997
-996
-997
-997
-980
-980
-994
-979
-980
-980
-980
-994
-980
-994
-994
-979
-991
-995
-995
-995
-995
-995
-995
-995
-995
-995
-980
-964
-993
-983
-996
-997
-981
-979
-992
-977
-969
-995
-995
-992
-992
-976
-992
-977
-982
-992
-992
-992
-950
-992
-994
-966
-980
-992
-977
-995
-996
-980
-996
-996
-967
-995
-996
-994
-995
-994
-995
-996
-994
-994
-994
-994
-994
-995
-994
-980
-994
-980
-994
-994
-996
-981
-995
-995
-995
-995
-995
-997
-995
-996
-995
-995
-995
-995
-995
-995
-995
-995
-995
-995
-995
-995
-995
-995
-995
-995
-995
-995
-997
-995
-995
-995
-995
-995
-980
-994
-980
-995
-995
-978
-995
-995
-995
-995
-995
-995
-995
-995
-995
-995
-995
-995
-995
-995
-995
-995
-995
-994
-994
-994
-994
-994
-994
-994
-994
-997
-980
-996
-994
-994
-994
-980
-952
-996
-980
-996
-980
-996
-980
-996
-980
-982
-996
-982
-996
-982
-995
-977
-994
-980
-980
-981
-980
-994
-978
-978
-983
-994
-983
-994
-983
-994
-981
-983
-994
-938
-994
-994
-995
-995
-995
-995
-995
-995
-995
-995
-995
-995
-995
-995
-995
-995
-995
-995
-995
-995
-949
-994
-983
-995
-995
-995
-995
-995
-995
-983
-920
-955
-983
-994
-978
-978
-978
-978
-978
-983
-983
-983
-983
-983
-950
-980
-995
-983
-981
-981
-995
-995
-995
-995
-995
-995
-995
-995
-995
-995
-995
-995
-995
-995
-995
-995
-995
-995
-995
-995
-995
-995
-995
-995
-981
-981
-980
-980
-978
-978
-978
-978
-978
-978
-978
-978
-978
-978
-978
-978
-978
-978
-978
-978
-978
-978
-978
-978
-978
-978
-978
-978
-897
-981
-981
-980
-950
-950
-937
-995
-950
-978
-978
-978
-978
-978
-978
-980
-980
-980
-938
-994
-994
-994
-994
-994
-994
-994
-994
-994
-994
-994
-994
-994
-994
-994
-994
-994
-994
-994
-994
-994
-994
-994
-994
-994
-994
-994
-994
-994
-994
-994
-994
-994
-994
-994
-994
-994
-994
-994
-994
-994
-994
-994
-992
-994
-967
-994
-994
-994
-994
-994
-994
-996
-980
-994
-945
-980
-994
-980
-994
-987
-980
-994
-994
-994
-995
-995
-995
-995
-995
-995
-994
-994
-995
-994
-994
-994
-994
-994
-994
-994
-994
-994
-995
-995
-995
-994
-981
-981
-967
-994
-981
-996
-994
-996
-994
-996
-994
-996
-994
-952
-994
-994
-994
-994
-994
-981
-953
-963
-982
-978
-981
-992
-981
-980
-994
-995
-995
-995
-994
-994
-994
-995
-992
-995
-992
-973
-966
-981
-959
-984
-992
-995
-995
-995
-995
-995
-994
-994
-995
-995
-995
-995
-995
-995
-995
-995
-995
-995
-995
-995
-995
-995
-995
-995
-995
-995
-992
-967
-995
-995
-976
-995
-995
-992
-959
-981
-982
-995
-991
-987
-975
-995
-955
-981
-992
-917
-981
-982
-987
-995
-959
-995
-981
-936
-995
-996
-991
-953
-995
-981
-983
-967
-995
-973
-965
-973
-989
-987
-983
-978
-995
-995
-987
-987
-987
-995
-987
-987
-959
-987
-987
-987
-987
-987
-987
-987
-987
-987
-987
-987
-987
-995
-995
-995
-995
-995
-995
-979
-917
-987
-987
-987
-967
-973
-989
-986
-973
-986
-989
-987
-987
-981
-981
-955
-987
-973
-981
-985
-805
-959
-987
-986
-987
-975
-964
-987
-959
-936
-987
-936
-987
-967
-995
-995
-995
-995
-995
-967
-995
-995
-987
-959
-978
-987
-964
-964
-964
-973
-987
-981
-973
-959
-981
-983
-987
-987
-987
-987
-987
-974
-973
-987
-987
-987
-987
-973
-973
-987
-987
-987
-973
-987
-973
-973
-987
-987
-987
-987
-987
-959
-987
-987
-987
-987
-889
-987
-987
-931
-987
-903
-987
-987
-959
-889
-987
-987
-987
-805
-861
-917
-875
-987
-959
-959
-959
-959
-959
-931
-995
-983
-955
-946
-974
-974
-939
-995
-995
-995
-995
-995
-995
-964
-995
-964
-974
-995
-964
-964
-995
-995
-995
-995
-995
-995
-978
-995
-995
-995
-978
-995
-995
-995
-995
-995
-995
-995
-995
-995
-981
-982
-995
-995
-995
-995
-995
-955
-982
-955
-964
-964
-892
-987
-987
-987
-987
-987
-987
-987
-987
201
-889
201
-995
-994
-995
-995
-995
-995
-995
-995
-995
-995
-995
-995
-995
-995
-995
-995
-995
-995
-995
-995
-995
-995
-995
-995
-995
-995
-995
