agent: texplore
env: asterix
Environment is episodic.
set statesPerDim to 0 for all dim
feature 0 has range 30
feature 1 has range 30
feature 2 has range 30
reward range: 1001
Parallel ETUCT tracking real state values
Planner using history size: 0
Start model learning threadstart parallel uct planning search thread

Created MultClass 0 with nModels: 5
Created C4.5 decision tree 0 with == and > splits
Created C4.5 decision tree 6 with == and > splits
Created C4.5 decision tree 12 with == and > splits
Created C4.5 decision tree 18 with == and > splits
Created C4.5 decision tree 24 with == and > splits
Created MultClass 3 with nModels: 5
Created C4.5 decision tree 3 with == and > splits
Created C4.5 decision tree 9 with == and > splits
Created C4.5 decision tree 15 with == and > splits
Created C4.5 decision tree 21 with == and > splits
Created C4.5 decision tree 27 with == and > splits
Created MultClass 4 with nModels: 5
Created C4.5 decision tree 4 with == and > splits
Created C4.5 decision tree 10 with == and > splits
Created C4.5 decision tree 16 with == and > splits
Created C4.5 decision tree 22 with == and > splits
Created C4.5 decision tree 28 with == and > splits
Created MultClass 1 with nModels: 5
Created C4.5 decision tree 1 with == and > splits
Created C4.5 decision tree 7 with == and > splits
Created C4.5 decision tree 13 with == and > splits
Created C4.5 decision tree 19 with == and > splits
Created C4.5 decision tree 25 with == and > splits
Created MultClass 2 with nModels: 5
-995
Created C4.5 decision tree 2 with == and > splits
Created C4.5 decision tree 8 with == and > splits
Created C4.5 decision tree 14 with == and > splits
Created C4.5 decision tree 20 with == and > splits
Created C4.5 decision tree 26 with == and > splits
-991
-983
-979
-996
-994
-996
-994
-992
-994
-996
-994
-995
-994
-996
-995
-995
-995
-994
-996
-995
-992
-994
-995
-991
-995
-994
-993
-982
-996
-995
-994
-995
-991
-996
-994
-995
-996
-994
-994
-994
-995
-993
-996
-994
-995
-995
-995
-997
-994
-996
-996
-995
-993
-995
-996
-995
-994
-995
-995
-995
-995
-995
-995
-996
-995
-995
-995
-995
-995
-995
-995
-995
-995
-995
-995
-995
-995
-995
-995
-995
-995
-995
-992
-996
-993
-994
-995
-995
-995
-995
-995
-995
-995
-995
-995
-995
-995
-995
-995
-995
-995
-995
-995
-995
-995
-994
-995
-994
-993
-994
-993
-973
-993
-977
-994
-994
-931
-987
-985
-992
-938
-992
-987
-959
-987
-987
-987
-987
-959
-987
-987
-987
-987
-987
-987
-987
-987
-987
-987
-987
-987
-987
-987
-987
-987
-992
-992
-992
-992
-960
-960
-974
-989
-995
-988
-988
-988
-988
-988
-974
-974
-974
-972
-960
-974
-984
-974
-974
-960
-974
-904
-986
-986
-981
-995
-993
-987
-987
-995
-987
-987
-990
-954
-982
-987
-986
-982
-987
-989
-947
-960
-994
-960
-924
-960
-994
-904
-994
-898
-994
-960
-994
-974
-994
-982
-994
-916
-994
-939
-903
-931
-891
-959
-959
-889
-931
-931
-959
-931
-931
-931
-953
-987
201
-988
-973
-987
-936
-960
-942
-972
-986
-966
201
-899
-974
-987
-986
-969
-983
-983
-969
-941
-983
-983
-969
-983
-941
-955
-983
-931
-917
-983
-946
-996
-988
-867
-988
-922
-988
-904
-894
-988
201
201
-982
201
-925
-925
-981
201
201
-943
-904
201
-943
201
-973
-969
201
201
201
201
201
201
201
201
-876
-988
-820
-988
-988
201
-945
-904
-932
-988
-988
-945
-910
-959
-973
-871
201
201
201
201
-833
-973
-875
201
-945
201
201
-945
201
201
201
201
201
201
201
201
201
201
201
-819
201
-847
201
-959
-903
-959
201
201
201
201
201
201
201
201
201
-953
201
-937
-988
-988
-925
-981
-988
-988
-988
-988
-988
-981
-988
-988
-981
-988
-988
-988
-988
-988
-988
-988
-988
-988
-988
-988
-988
-988
-988
-988
-988
-988
-988
-988
-988
-988
-988
-988
-988
-988
-988
-988
-988
-988
-988
-988
-952
201
201
201
201
201
-891
-989
-989
-989
-989
-989
-989
-989
-989
-989
-989
-989
-989
-989
-989
-989
-989
-989
-989
-989
-989
-989
-989
-989
-989
-989
-989
-989
-989
-989
-989
-989
-989
-989
-989
-989
-989
-989
-989
-989
-989
-989
-989
-989
-989
-989
-989
-989
-989
-989
-989
-989
-989
-989
-989
-989
-989
-989
-989
-989
-989
-989
-989
-989
-989
-989
-989
-989
-989
-989
-989
-989
-989
-989
-989
-989
-943
-886
-972
201
201
-915
-914
-972
-887
-956
-900
201
201
-947
-863
201
201
201
201
201
-995
-995
-967
201
-995
-995
-995
-995
-995
-995
-995
-995
-995
-995
-995
-995
201
-995
-995
-995
-995
-995
-995
-995
-995
-995
-995
-995
-995
-995
-995
-995
-995
-995
-995
-995
-995
-995
-995
-995
-995
-995
-995
-995
-995
-995
-995
-995
-995
-995
-995
-995
-995
-995
-995
-995
-995
-995
-995
-995
-995
-995
-995
-995
-995
-995
-995
-995
-995
-995
-995
-995
-995
-995
-995
-995
-995
-995
-995
-995
-995
-995
-995
-995
-995
-995
-995
-995
-995
-995
-995
-995
-995
-995
-995
-995
-995
-995
-995
-995
-995
-995
-995
-995
-995
-995
-995
-995
-995
-995
-995
-995
-995
-995
-995
-995
201
201
201
201
201
201
201
201
201
-882
-801
201
201
201
201
201
201
201
201
201
201
201
201
201
201
201
201
201
201
201
201
201
201
201
201
201
201
201
201
201
201
201
201
201
201
201
201
201
201
201
201
201
201
201
201
201
201
201
201
201
-952
201
-858
201
201
201
201
201
201
201
201
201
201
201
201
201
201
201
201
201
201
201
201
201
201
201
201
201
201
201
201
201
201
201
201
201
201
201
201
201
201
201
201
201
201
201
201
201
201
201
201
201
201
201
201
201
201
201
201
201
201
201
201
201
201
201
201
201
201
201
201
201
201
201
201
201
201
201
201
201
201
201
201
201
201
201
201
201
201
201
201
201
201
201
201
201
201
-807
201
-983
-924
-919
-915
-891
-983
-983
-983
-899
-983
-983
-983
-983
-983
-980
201
201
201
201
201
201
201
201
201
201
201
201
201
201
201
201
201
201
201
201
201
201
201
201
201
201
201
201
201
201
201
201
201
201
201
201
201
201
201
201
201
201
201
201
201
201
201
201
201
201
201
201
201
201
-918
-917
201
201
201
201
201
201
201
201
201
201
201
201
201
201
201
201
201
201
201
201
201
201
201
201
201
201
201
201
201
201
201
201
201
201
201
201
201
201
201
201
201
201
201
201
201
201
201
201
201
201
201
201
201
201
201
201
201
201
201
201
201
201
201
201
201
201
201
201
201
201
201
201
201
201
201
201
-800
-912
-912
-856
-912
-828
-912
-912
201
201
201
201
201
201
201
201
201
201
201
201
201
201
201
201
-884
-912
-940
-940
-940
-940
-940
-940
-940
-800
201
-912
201
201
-912
-940
-940
-940
-940
-940
-940
-940
-912
201
201
201
201
201
201
-856
-912
-940
-940
201
201
-912
-940
201
-929
201
201
201
201
201
201
201
201
201
201
201
201
201
201
201
201
201
201
201
201
201
201
201
