agent: texplore
env: asterix
Feature Selection: 0
Environment is episodic.
set statesPerDim to 0 for all dim
feature 0 has range 30
feature 1 has range 30
feature 2 has range 30
feature 3 has range 30
reward range: 1020
Parallel ETUCT tracking real state values
Planner using history size: 0
Start model learning thread
start parallel uct planning search thread
Created MultClass 0 with nModels: 5
Created C4.5 decision tree 0 with == and > splits
Created C4.5 decision tree 6 with == and > splits
Created C4.5 decision tree 12 with == and > splits
Created C4.5 decision tree 18 with == and > splits
Created C4.5 decision tree 24 with == and > splits
Created MultClass 4 with nModels: 5
Created C4.5 decision tree 4 with == and > splits
Created C4.5 decision tree 10 with == and > splits
Created C4.5 decision tree 16 with == and > splits
Created C4.5 decision tree 22 with == and > splits
Created C4.5 decision tree 28 with == and > splits
Created MultClass 5 with nModels: 5
Created C4.5 decision tree 5 with == and > splits
Created C4.5 decision tree 11 with == and > splits
Created C4.5 decision tree 17 with == and > splits
Created C4.5 decision tree 23 with == and > splits
Created C4.5 decision tree 29 with == and > splits
Created MultClass 1 with nModels: 5
Created C4.5 decision tree 1 with == and > splits
Created C4.5 decision tree 7 with == and > splits
Created C4.5 decision tree 13 with == and > splits
Created C4.5 decision tree 19 with == and > splits
Created C4.5 decision tree 25 with == and > splits
Created MultClass 2 with nModels: 5
Created C4.5 decision tree 2 with == and > splits
-994
Created C4.5 decision tree 8 with == and > splits
Created C4.5 decision tree 14 with == and > splits
Created C4.5 decision tree 20 with == and > splits
Created C4.5 decision tree 26 with == and > splits
Created MultClass 3 with nModels: 5
Created C4.5 decision tree 3 with == and > splits
Created C4.5 decision tree 9 with == and > splits
Created C4.5 decision tree 15 with == and > splits
Created C4.5 decision tree 21 with == and > splits
Created C4.5 decision tree 27 with == and > splits
-996
-994
-996
-994
-996
-993
-994
-995
-995
-996
-984
-994
-991
-994
-982
-994
-995
-995
-992
-995
-995
-996
-994
-991
-995
-995
-959
-994
-994
-994
-995
-993
-994
-995
-994
-994
-991
-994
-994
-995
-992
-994
-994
-995
-995
-995
-994
-981
-994
-995
-995
-994
-995
-993
-992
-995
-995
-991
-996
-996
-995
-991
-995
-996
-995
-995
-959
-995
-995
-994
-995
-991
-995
-991
-994
-991
-996
-994
-995
-991
-991
-994
-994
-995
-995
-991
-994
-995
-994
-992
-993
-994
-995
-995
-985
-994
-994
-984
-995
-995
-983
-990
-994
-994
-995
-994
-994
-995
-959
-994
-994
-995
-995
-995
-994
-994
-994
-994
-994
-994
-994
-994
-994
-994
-973
-984
-994
-994
-994
-994
-994
-993
-994
-994
-983
-996
-982
-983
-995
-963
-995
-996
-997
-991
-992
-995
-992
-992
-992
-992
-985
-991
-991
-961
-975
-994
-973
-992
-992
-992
-984
-991
-945
-991
-985
-991
-997
-973
-991
-977
-992
-992
-992
-992
-992
-992
-992
-992
-992
-992
-982
-992
-992
-992
-992
-992
-992
-992
-992
-992
-992
-992
-992
-992
-992
-992
-992
-992
-992
-992
-992
-992
-992
-992
-992
-992
-992
-992
-992
-992
-992
-992
-992
-992
-992
-992
-992
-992
-992
-992
-992
-992
-992
-992
-996
-930
-992
-992
-992
-992
-992
-992
-992
-992
-992
-982
-985
-992
-974
-986
-958
-991
-986
-958
-984
-984
-958
-996
-996
-990
-990
-958
-996
-996
-973
-991
-971
-983
-991
-992
-992
-992
-992
-992
-992
-992
-992
-992
-990
-992
-992
-992
-992
-992
-992
-992
-992
-992
-992
-992
-992
-992
-992
-992
-996
-996
-992
-984
-992
-992
-990
-992
-992
-992
-992
-992
-992
-992
-992
-992
-991
-991
-984
-991
-982
-991
-972
-982
-978
-973
-988
-987
-987
-984
-990
-983
-990
-982
-983
-983
-991
-997
-983
-972
-958
-973
-958
-991
-988
-930
-990
-990
-945
-973
-986
-958
-989
-992
-992
-992
-992
-992
-992
-992
-986
-989
-973
-973
-987
-992
-989
-973
-985
-992
-992
-992
-992
-992
-992
-958
-992
-991
-984
-992
-992
-992
-991
-982
-992
-992
-992
-992
-992
-992
-992
-992
-992
-992
-992
-992
-992
-992
-992
-992
-959
-992
-992
-992
-989
-930
-973
-984
-982
-991
-983
-982
-974
-984
-991
-991
-991
-958
-991
-930
-991
-944
-958
-991
-991
-997
-986
-991
-960
-973
-997
-990
-973
-994
-973
-990
-946
-994
-931
-994
-991
-945
-997
-903
-991
-995
-991
-991
-991
-991
-819
-994
-991
-991
-991
-991
-991
-903
201
-982
-991
-959
-994
-991
-970
-991
-991
-991
-996
-991
-991
-991
-989
-989
-989
-959
-994
-983
-991
-991
-991
-991
-991
-887
-903
-991
201
-991
-991
-975
-975
201
-982
-959
-993
-959
-987
201
-997
-997
-997
-997
201
-947
-982
-989
-989
-989
-989
-989
-989
-975
-996
-975
-996
-975
-996
-975
-975
-975
-975
-975
-989
-989
-989
-989
-989
201
-947
-975
-975
-975
-975
-975
-975
-975
-975
-975
201
201
-996
201
-982
-992
201
-992
-992
-992
-992
-992
-994
-994
-994
-994
-994
-994
-994
-994
-994
-994
-994
-994
-994
-994
-994
-994
-994
-994
-994
-994
-994
-994
-994
-994
-994
-994
-994
-994
-994
-994
-992
-992
-992
-988
-981
-988
-993
-996
-996
-996
-996
-996
-996
201
201
201
201
201
201
201
201
201
201
201
201
201
201
201
-996
-876
-994
-960
-994
-903
-994
-959
201
-994
-994
-994
-994
-994
-994
-994
-987
-994
-994
-994
-994
-994
-994
-994
-994
-994
-994
-994
-994
-994
-994
-994
-994
-994
-994
-994
-994
-994
-994
-994
-994
-994
-994
-994
-994
-994
-994
-994
-994
-994
-994
-994
-994
-994
-994
-994
-994
-994
-994
-995
-993
-995
-995
-994
-994
-994
-994
-994
-995
-994
-995
-995
-995
-995
-995
-995
-995
-995
-995
-995
-995
-995
-995
-995
-995
-995
-993
-991
-994
-995
-995
-992
-994
-995
-995
-995
-995
-995
-992
-994
-995
-995
-991
-995
-995
-995
-995
-994
-994
-994
-995
-995
-994
-995
-995
-990
-995
-995
-994
-993
-995
-995
-975
-987
-995
-995
-996
-989
-847
-991
-996
-996
-996
-996
-996
-996
-996
-996
-996
-996
-996
-996
-996
-996
-996
-996
-996
-996
-996
-996
-996
-996
-996
-996
-984
-985
-917
-993
-993
-996
-996
-996
-996
-996
-996
-996
-993
-993
-993
-973
-997
-984
-995
-993
-993
-996
-996
-993
-993
-993
-993
-996
-993
-993
-995
-996
-996
-996
-997
-997
-996
-996
-996
-996
-996
-996
-996
-996
-996
-996
-996
-996
-996
-996
-996
-996
-996
-996
-996
-996
-996
-996
-996
-996
-996
-996
-996
-996
-996
-996
-996
-996
-996
-996
-996
-996
-996
-996
-996
-995
-996
-996
-996
-996
-996
-996
-996
-996
-996
-996
-996
-996
-996
-997
-997
-996
-996
-997
-996
-997
-997
-997
-995
-996
-996
-996
-996
-996
-996
-996
-996
-996
-996
-996
-996
-996
-996
-997
-996
-996
-996
-996
-996
-996
-996
-996
-996
-996
-996
-996
-996
-996
-996
-996
-996
-996
-996
-996
-996
-996
-996
-996
-996
-996
-996
-996
-996
-996
-996
-996
-996
-996
-996
-996
-996
-996
-996
-996
-996
-996
-996
-996
-996
-996
-996
-996
-996
-996
-996
-996
-996
-996
-996
-996
-996
-996
-996
-996
-996
-996
-996
-996
-996
-996
-996
-996
-996
-996
-996
-996
-996
-996
-996
-996
-996
-996
-996
-996
-996
-996
-996
-996
-996
-996
-996
-996
-996
-996
-996
-996
-996
-996
-996
-996
-996
-996
-996
-996
-996
-996
-996
-996
-996
-996
-996
-996
-996
-996
-996
-996
-996
-996
-996
-996
-996
-996
-996
-996
-996
-996
-996
-996
-996
-996
-996
-996
-996
-996
-996
-996
-996
-996
-996
-996
-996
-996
-996
