agent: texplore
env: asterix
Feature Selection: 0
Environment is episodic.
set statesPerDim to 0 for all dim
feature 0 has range 30
feature 1 has range 30
feature 2 has range 30
feature 3 has range 30
reward range: 1020
Parallel ETUCT tracking real state values
Planner using history size: 0
Start model learning thread
start parallel uct planning search thread
Created MultClass 0 with nModels: 5
Created C4.5 decision tree 0 with == and > splits
Created C4.5 decision tree 6 with == and > splits
Created C4.5 decision tree 12 with == and > splits
Created C4.5 decision tree 18 with == and > splits
Created C4.5 decision tree 24 with == and > splits
Created MultClass 4 with nModels: 5
Created C4.5 decision tree 4 with == and > splits
Created C4.5 decision tree 10 with == and > splits
Created C4.5 decision tree 16 with == and > splits
Created C4.5 decision tree 22 with == and > splits
Created C4.5 decision tree 28 with == and > splits
Created MultClass 5 with nModels: 5
-997
Created C4.5 decision tree 5 with == and > splits
Created C4.5 decision tree 11 with == and > splits
Created C4.5 decision tree 17 with == and > splits
Created C4.5 decision tree 23 with == and > splits
Created C4.5 decision tree 29 with == and > splits
Created MultClass 1 with nModels: 5
Created C4.5 decision tree 1 with == and > splits
Created C4.5 decision tree 7 with == and > splits
Created C4.5 decision tree 13 with == and > splits
Created C4.5 decision tree 19 with == and > splits
Created C4.5 decision tree 25 with == and > splits
Created MultClass 2 with nModels: 5
Created C4.5 decision tree 2 with == and > splits
Created C4.5 decision tree 8 with == and > splits
Created C4.5 decision tree 14 with == and > splits
Created C4.5 decision tree 20 with == and > splits
Created C4.5 decision tree 26 with == and > splits
Created MultClass 3 with nModels: 5
Created C4.5 decision tree 3 with == and > splits
Created C4.5 decision tree 9 with == and > splits
Created C4.5 decision tree 15 with == and > splits
Created C4.5 decision tree 21 with == and > splits
Created C4.5 decision tree 27 with == and > splits
-995
-995
-994
-996
-997
-994
-994
-995
-995
-992
-996
-995
-994
-992
-989
-995
-992
-994
-995
-989
-995
-994
-995
-992
-995
-992
-994
-995
-981
-982
-966
-994
-992
-995
-992
-994
-992
-992
-992
-994
-995
-994
-992
-995
-992
-994
-994
-995
-992
-994
-994
-973
-992
-992
-994
-994
-994
-995
-992
-994
-992
-994
-973
-994
-973
-994
-992
-995
-980
-994
-994
-994
-995
-994
-994
-994
-992
-994
-975
-994
-994
-994
-994
-994
-994
-995
-995
-995
-994
-994
-995
-995
-995
-995
-995
-994
-995
-995
-994
-994
-995
-995
-995
-994
-994
-994
-995
-995
-994
-994
-994
-991
-993
-991
-993
-977
-993
-994
-995
-995
-993
-981
-994
-981
-995
-995
-995
-994
-981
-995
-995
-993
-966
-991
-994
-994
-993
-995
-995
-995
-995
-995
-995
-995
-995
-995
-995
-995
-995
-995
-995
-995
-995
-994
-980
-995
-995
-995
-995
-995
-995
-995
-995
-995
-993
-994
-993
-994
-993
-993
-993
-993
-993
-995
-994
-995
-995
-995
-995
-995
-995
-995
-995
-991
-995
-995
-995
-995
-995
-993
-995
-991
-994
-993
-994
-980
-994
-994
-993
-993
-976
-993
-994
-993
-994
-993
-994
-993
-994
-994
-994
-993
-994
-994
-993
-994
-994
-994
-994
-994
-995
-994
-994
-994
-994
-994
-994
-994
-994
-995
-995
-995
-995
-995
-995
-995
-995
-995
-995
-995
-995
-995
-995
-995
-995
-995
-995
-995
-995
-995
-995
-995
-995
-995
-995
-995
-995
-995
-995
-995
-995
-995
-994
-993
-993
-993
-993
-993
-993
-995
-993
-993
-993
-995
-993
-993
-993
-995
-993
-993
-994
-994
-994
-994
-994
-994
-994
-996
-994
-994
-996
-994
-992
-992
-994
-960
-992
-985
-994
-988
-985
-993
-943
-995
-995
-971
-995
-995
-976
-994
-976
-995
-995
-995
-995
-995
-995
-976
-995
-985
-995
-995
-995
-995
-920
-976
-976
-976
-976
-975
-995
-919
-995
-948
-995
-946
-995
-892
-995
-974
-995
-948
-995
-971
-976
-995
-976
-995
-836
-995
-946
-944
-995
-892
-995
-996
-960
-995
-875
-995
-985
-932
-976
-995
-974
-995
-960
-974
-974
-974
-859
-995
-985
-995
-985
-995
-974
-985
-995
-985
-995
-985
-995
-985
-995
-985
-995
-985
-995
-985
-995
-985
-995
-985
-995
-985
-995
-985
-995
-985
-995
-985
-943
-985
-995
-985
-995
-985
-995
-985
-995
-985
-995
-985
-995
-985
-995
-985
-995
-985
-995
-985
-995
-985
-995
-985
-995
-985
-995
-985
-995
-985
-995
-985
-995
-985
-995
-985
-995
-985
-995
-985
-995
-985
-995
-985
-995
-985
-995
-985
-995
-985
-995
-985
-995
-985
-995
-985
-995
-985
-995
-985
-995
-985
-995
-985
-995
-985
-995
-985
-995
-985
-995
-985
-995
-985
-995
-985
-995
-985
-995
-985
-995
-985
-995
-985
-995
-985
-995
-985
-995
-985
-995
-985
-995
-985
-995
-985
-995
-985
-995
-985
-995
-985
-995
-985
-995
-985
-995
-985
-995
-985
-995
-985
-995
-985
-995
-985
-995
-985
-995
-985
-995
-985
-995
-985
-995
-985
-995
-985
-995
-985
-995
-985
-995
-985
-995
-985
-995
-985
-995
-985
-995
-985
-995
-985
-995
-985
-995
-985
-995
-985
-995
-985
-995
-985
-995
-985
-995
-985
-995
-985
-995
-985
-995
-985
-995
-985
-995
-985
-995
-985
-995
-985
-995
-985
-995
-985
-995
-985
-995
-985
-995
-985
-995
-985
-995
-985
-995
-985
-995
-985
-995
-985
-995
-985
-995
-985
-995
-985
-995
-985
-995
-985
-995
-985
-995
-985
-995
-985
-995
-985
-995
-985
-995
-985
-995
-985
-995
-985
-995
-985
-995
-985
-995
-985
-995
-985
201
-985
-995
-985
-864
-995
-932
-974
-918
-960
-960
201
201
-905
-995
-971
-971
-995
-971
-971
-971
-995
-943
201
-918
-984
-974
-960
-971
-995
-984
-995
-987
-995
-987
-987
-915
-995
-971
-995
-971
-995
-973
-995
-985
-995
201
-993
-943
-992
201
-981
-993
-916
-993
-956
-987
-987
201
-973
-992
-982
-982
-987
-955
201
-973
201
201
-875
-980
201
201
201
201
-955
-985
-987
-957
-959
201
-987
201
-994
-871
-983
201
-928
201
201
-994
201
-994
201
-994
201
-994
201
-994
201
-994
-917
-945
201
-889
-973
-993
-973
-802
-945
-898
-994
-983
-987
-973
-973
-973
-889
-965
-917
-973
-945
-973
-973
-987
-987
-987
-987
-987
-833
-987
-987
-987
-987
-987
-987
-987
-987
-987
-987
-973
-945
-987
-987
-987
-987
-980
-987
-945
-987
-987
-987
-973
-980
-994
-980
-978
-994
-994
-994
-981
-963
-981
-981
-977
-981
-981
-981
-991
-981
-981
-991
-981
-981
-953
-981
-981
-981
-981
-973
-973
-973
-973
-988
-978
-973
-950
-981
-981
-981
-981
-917
-973
-973
-973
-973
-988
-973
-973
-988
-973
-959
-945
-945
-945
-973
-945
-973
-973
-994
-960
-973
-973
-973
-973
-973
-994
-973
-991
-973
-973
-973
-945
-973
-973
-973
-973
-973
-973
-973
-973
-973
-973
-989
-973
-973
-861
-862
-932
-960
-973
-987
-987
-960
-960
-987
-862
-806
-974
-988
-946
-974
-974
-988
-988
-988
-988
-904
-988
-988
-988
-974
-974
-974
-918
-932
-918
-974
-918
-834
-974
-988
-988
-988
-974
-988
-988
-988
-988
-988
-946
-988
-988
-988
-988
-988
-988
-988
-988
-988
-988
-946
-988
-988
-988
-988
-988
-988
-988
-974
-974
-988
-988
-988
-988
-988
-988
-988
-988
-988
-988
-988
-988
-988
-988
-988
-988
-988
-988
-988
-988
-988
-988
-988
-988
-988
-988
-988
-988
-988
-988
-988
-988
-988
-988
-988
-988
-988
-988
-988
-988
-988
-988
-988
-988
-988
-988
-988
-988
-988
-988
-988
-988
-988
-988
-988
-988
-988
-988
-988
-988
-988
-988
-988
-988
-988
-988
-988
-988
-988
-988
