agent: texplore
env: asterix
Feature Selection: 0
Environment is episodic.
set statesPerDim to 0 for all dim
feature 0 has range 30
feature 1 has range 30
feature 2 has range 30
feature 3 has range 30
reward range: 1020
Parallel ETUCT tracking real state values
Planner using history size: 0
Start model learning thread
start parallel uct planning search thread
Created MultClass 0 with nModels: 5
Created C4.5 decision tree 0 with == and > splits
Created C4.5 decision tree 6 with == and > splits
Created C4.5 decision tree 12 with == and > splits
Created C4.5 decision tree 18 with == and > splits
Created C4.5 decision tree 24 with == and > splits
Created MultClass 4 with nModels: 5
Created C4.5 decision tree 4 with == and > splits
Created C4.5 decision tree 10 with == and > splits
Created C4.5 decision tree 16 with == and > splits
Created C4.5 decision tree 22 with == and > splits
Created C4.5 decision tree 28 with == and > splits
Created MultClass 5 with nModels: 5
Created C4.5 decision tree 5 with == and > splits
Created C4.5 decision tree 11 with == and > splits
Created C4.5 decision tree 17 with == and > splits
Created C4.5 decision tree 23 with == and > splits
Created C4.5 decision tree 29 with == and > splits
Created MultClass 1 with nModels: 5
Created C4.5 decision tree 1 with == and > splits
Created C4.5 decision tree 7 with == and > splits
Created C4.5 decision tree 13 with == and > splits
-994
Created C4.5 decision tree 19 with == and > splits
Created C4.5 decision tree 25 with == and > splits
Created MultClass 2 with nModels: 5
Created C4.5 decision tree 2 with == and > splits
Created C4.5 decision tree 8 with == and > splits
Created C4.5 decision tree 14 with == and > splits
Created C4.5 decision tree 20 with == and > splits
Created C4.5 decision tree 26 with == and > splits
Created MultClass 3 with nModels: 5
Created C4.5 decision tree 3 with == and > splits
Created C4.5 decision tree 9 with == and > splits
Created C4.5 decision tree 15 with == and > splits
Created C4.5 decision tree 21 with == and > splits
Created C4.5 decision tree 27 with == and > splits
-994
-994
-996
-994
-993
-995
-994
-995
-995
-994
-995
-994
-994
-994
-994
-995
-995
-994
-993
-993
-994
-991
-995
-995
-996
-996
-994
-993
-982
-994
-993
-994
-994
-993
-994
-995
-995
-991
-994
-995
-993
-995
-994
-995
-990
-995
-995
-995
-992
-995
-995
-995
-994
-995
-993
-996
-995
-994
-994
-994
-993
-993
-995
-993
-994
-991
-994
-994
-995
-992
-994
-994
-994
-980
-992
-994
-993
-994
-996
-993
-994
-994
-992
-993
-994
-994
-994
-994
-993
-995
-991
-994
-994
-993
-993
-991
-993
-980
-993
-990
-981
-994
-995
-993
-995
-994
-996
-996
-996
-995
-994
-995
-994
-996
-996
-995
-996
-995
-995
-996
-996
-995
-994
-995
-994
-995
-995
-995
-995
-995
-994
-995
-995
-995
-994
-995
-994
-995
-995
-995
-995
-995
-995
-995
-994
-995
-995
-994
-994
-995
-995
-995
-995
-994
-994
-993
-995
-995
-995
-993
-994
-995
-994
-994
-993
-994
-995
-995
-995
-995
-995
-995
-995
-995
-995
-993
-995
-994
-994
-994
-995
-994
-994
-995
-995
-994
-995
-995
-995
-995
-994
-994
-994
-995
-995
-995
-994
-995
-993
-995
-995
-995
-995
-995
-993
-995
-995
-995
-995
-995
-995
-995
-995
-993
-995
-995
-995
-995
-995
-995
-995
-995
-995
-996
-995
-995
-993
-995
-995
-995
-994
-995
-993
-995
-995
-995
-995
-994
-995
-995
-995
-994
-995
-995
-995
-994
-995
-995
-994
-995
-995
-995
-993
-995
-995
-995
-994
-994
-996
-993
-994
-994
-995
-993
-995
-995
-996
-994
-996
-996
-995
-996
-995
-995
-996
-995
-995
-995
-994
-994
-995
-995
-994
-995
-995
-995
-995
-995
-995
-995
-994
-995
-996
-994
-993
-992
-993
-995
-994
-994
-994
-993
-994
-993
-995
-993
-995
-995
-995
-995
-995
-994
-995
-995
-995
-995
-995
-995
-995
-995
-994
-994
-994
-995
-995
-995
-994
-994
-995
-995
-994
-993
-993
-993
-993
-994
-993
-995
-995
-995
-993
-993
-995
-995
-994
-995
-993
-993
-993
-995
-995
-995
-996
-995
-993
-993
-993
-993
-993
-993
-995
-995
-995
-995
-995
-995
-995
-995
-995
-995
-995
-992
-995
-993
-996
-995
-996
-993
-995
-993
-993
-993
-993
-995
-993
-993
-995
-995
-995
-995
-995
-995
-995
-994
-993
-994
-982
-964
-993
-994
-993
-981
-979
-981
-993
-980
-994
-964
-993
-984
-995
-993
-993
-993
-980
-993
-993
-994
-994
-993
-982
-995
-994
-993
-993
-993
-995
-995
-995
-983
-994
-995
-995
-995
-995
-995
-995
-995
-995
-993
-995
-995
-995
-995
-995
-995
-995
-995
-962
-994
-994
-995
-980
-995
-995
-995
-995
-995
-995
-995
-995
-995
-995
-995
-995
-995
-995
-995
-994
-994
-995
-995
-994
-993
-994
-994
-994
-995
-995
-994
-993
-993
-993
-995
-995
-994
-995
-994
-995
-995
-994
-994
-994
-994
-995
-995
-994
-995
-995
-995
-995
-995
-995
-994
-995
-995
-995
-995
-995
-995
-993
-993
-995
-995
-995
-995
-995
-995
-995
-995
-992
-995
-995
-995
-995
-995
-995
-995
-995
-995
-995
-995
-995
-993
-995
-995
-994
-995
-995
-994
-994
-994
-994
-994
-994
-995
-995
-994
-994
-994
-994
-994
-994
-994
-994
-994
-994
-994
-994
-995
-993
-992
-981
-995
-995
-995
-980
-994
-994
-995
-981
-992
-992
-992
-995
-995
-995
-995
-995
-994
-994
-995
-992
-992
-992
-992
-995
-992
-994
-994
-994
-994
-994
-994
-995
-994
-994
-995
-995
-995
-995
-995
-995
-992
-992
-995
-995
-995
-995
-995
-995
-995
-995
-995
-995
-995
-994
-995
-995
-994
-994
-994
-994
-994
-994
-995
-992
-994
-994
-994
-994
-995
-995
-995
-991
-994
-994
-994
-994
-994
-994
-994
-994
-994
-994
-994
-994
-994
-994
-994
-994
-994
-994
-994
-994
-994
-994
-994
-994
-994
-994
-994
-994
-994
-994
-994
-994
-994
-994
-994
-994
-994
-994
-994
-994
-994
-994
-994
-994
-994
-994
-994
-994
-994
-994
-994
-994
-994
-994
-994
-994
-994
-994
-994
-994
-994
-994
-994
-994
-994
-994
-994
-994
-994
-994
-994
-994
-994
-994
-994
-994
-994
-994
-994
-994
-994
-994
-994
-994
-994
-994
-994
-994
-994
-994
-994
-994
-994
-994
-994
-994
-994
-994
-994
-994
-994
-994
-994
-994
-994
-994
-994
-994
-994
-994
-994
-994
-994
-994
-994
-994
-994
-994
-994
-994
-994
-994
-994
-994
-994
-994
-994
-994
-994
-994
-994
-994
-994
-994
-994
-994
-994
-994
-994
-994
-994
-994
-994
-994
-994
-994
-994
-994
-994
-994
-994
-994
-994
-994
-994
-994
-994
-994
-994
-994
-994
-994
-994
-994
-994
-994
-994
-994
-994
-994
-994
-994
-994
-994
-994
-994
-994
-994
-994
-994
-994
-994
-994
-994
-994
-994
-994
-994
-994
-994
-994
-994
-994
-994
-994
-994
-994
-994
-994
-994
-994
-994
-994
-994
-994
-994
-994
-994
-994
-994
-994
-994
-994
-994
-994
-994
-994
-994
-994
-994
-994
-994
-994
-994
-994
-994
-994
-994
-994
-994
-994
-994
-994
-994
-994
-994
-994
-994
-994
-994
-994
-994
-994
-994
-994
-994
-994
-994
-994
-994
-994
-994
-994
-994
-994
-994
-994
-994
-994
-994
-994
-994
-994
-994
-994
-994
-994
-994
-994
-994
-994
-994
-994
-994
-994
-994
-994
-994
-994
-994
-994
-994
-994
-994
-994
-994
-994
-994
-994
-994
-994
-994
-994
-994
-994
-994
-994
-994
-994
-994
-994
-994
-994
-994
-994
-994
-994
-994
-994
-994
-994
-994
-994
-994
-994
-994
-994
-994
-994
-994
-994
-994
-994
-994
-994
-994
-994
-994
-994
-994
-994
-994
-994
-994
-994
-994
-994
-994
-994
-994
-994
-994
-994
-994
-994
-994
-994
-994
-994
-994
-994
-994
-994
-994
-994
-994
-994
-994
-994
-994
-994
-994
-994
-994
