agent: texplore
env: asterix
Feature Selection: 0
Environment is episodic.
set statesPerDim to 0 for all dim
feature 0 has range 30
feature 1 has range 30
feature 2 has range 30
feature 3 has range 30
reward range: 1020
Parallel ETUCT tracking real state values
Planner using history size: 0
Start model learning thread
start parallel uct planning search thread
Created MultClass 0 with nModels: 5
Created C4.5 decision tree 0 with == and > splits
Created C4.5 decision tree 6 with == and > splits
Created C4.5 decision tree 12 with == and > splits
Created C4.5 decision tree 18 with == and > splits
Created C4.5 decision tree 24 with == and > splits
Created MultClass 4 with nModels: 5
Created C4.5 decision tree 4 with == and > splits
Created C4.5 decision tree 10 with == and > splits
Created C4.5 decision tree 16 with == and > splits
Created C4.5 decision tree 22 with == and > splits
Created C4.5 decision tree 28 with == and > splits
Created MultClass 5 with nModels: 5
Created C4.5 decision tree 5 with == and > splits
Created C4.5 decision tree 11 with == and > splits
Created C4.5 decision tree 17 with == and > splits
Created C4.5 decision tree 23 with == and > splits
Created C4.5 decision tree 29 with == and > splits
Created MultClass 1 with nModels: 5
Created C4.5 decision tree 1 with == and > splits
Created C4.5 decision tree 7 with == and > splits
Created C4.5 decision tree 13 with == and > splits
Created C4.5 decision tree 19 with == and > splits
Created C4.5 decision tree 25 with == and > splits
Created MultClass 2 with nModels: 5
Created C4.5 decision tree 2 with == and > splits
Created C4.5 decision tree 8 with == and > splits
Created C4.5 decision tree 14 with == and > splits
Created C4.5 decision tree 20 with == and > splits
Created C4.5 decision tree 26 with == and > splits
Created MultClass 3 with nModels: 5
Created C4.5 decision tree 3 with == and > splits
Created C4.5 decision tree 9 with == and > splits
Created C4.5 decision tree 15 with == and > splits
Created C4.5 decision tree 21 with == and > splits
Created C4.5 decision tree 27 with == and > splits
-981
-994
-995
-989
-979
-996
-994
-997
-994
-983
-994
-994
-994
-995
-995
-992
-994
-994
-980
-994
-993
-994
-995
-994
-996
-994
-996
-994
-996
-990
-996
-966
-990
-994
-994
-992
-995
-991
-993
-991
-983
-996
-996
-983
-994
-992
-984
-993
-992
-991
-996
-982
-991
-993
-995
-994
-975
-992
-996
-991
-991
-995
-994
-993
-995
-989
-995
-997
-992
-992
-979
-994
-978
-992
-993
-991
-982
-994
-994
-994
-994
-991
-994
-996
-996
-980
-991
-997
-995
-990
-991
-995
-984
-992
-991
-977
-992
-995
-981
-992
-991
-995
-991
-996
-991
-994
-996
-995
-991
-996
-995
-981
-992
-992
-991
-991
-995
-995
-995
-995
-995
-995
-994
-992
-995
-995
-991
-996
-995
-995
-992
-992
-992
-994
-991
-995
-994
-994
-995
-991
-992
-994
-995
-994
-982
-994
-992
-994
-995
-994
-992
-982
-982
-981
-995
-991
-991
-991
-991
-991
-994
-995
-982
-994
-991
-981
-978
-975
-977
-968
-992
-981
-980
-982
-995
-980
-994
-978
-977
-994
-982
-994
-994
-996
-995
-995
-995
-995
-995
-982
-995
-995
-992
-992
-992
-992
-992
-991
-992
-992
-992
-991
-992
-992
-992
-992
-992
-992
-992
-992
-992
-994
-992
-992
-992
-992
-992
-992
-992
-992
-992
-992
-992
-991
-991
-992
-992
-992
-992
-992
-992
-992
-992
-991
-992
-992
-995
-992
-992
-992
-992
-992
-991
-996
-991
-992
-996
-981
-992
-992
-995
-992
-992
-992
-992
-992
-992
-992
-992
-992
-991
-992
-992
-992
-995
-992
-992
-992
-996
-995
-991
-991
-991
-991
-995
-991
-992
-996
-995
-991
-995
-992
-995
-991
-991
-991
-991
-991
-991
-991
-995
-995
-995
-992
-992
-996
-991
-992
-992
-992
-946
-992
-967
-996
-991
-988
-992
-996
-949
-991
-980
-990
-990
-982
-990
-990
-990
-991
-989
-976
-988
-977
-990
-968
-990
-948
-989
-962
-990
-994
-990
-984
-990
-983
-990
-982
-991
-994
-982
-989
-990
-990
-989
-990
-982
-990
-990
-990
-990
-976
-994
-990
-994
-919
-947
-975
-983
-989
-927
-983
-962
-983
-983
-989
-980
-875
-955
-961
-983
-888
-896
-976
-919
-947
-919
-863
-942
-917
-973
-973
-947
201
201
-947
-947
-917
-945
-945
-945
201
201
201
-863
-947
-945
-945
-952
-952
-952
-952
-952
-918
-947
-947
-946
-949
-946
-946
-917
-973
201
201
-914
201
-970
-895
201
-861
-833
-863
-807
-811
-895
-994
-994
-994
-994
-994
-994
-862
-945
-945
-891
-917
-861
-973
201
-875
-805
-994
-861
-994
-994
-889
-994
-917
-994
-994
-994
-917
-994
-889
-994
-994
-994
-994
-994
-994
-994
-994
-994
-994
-994
-994
-994
-994
-994
-994
-994
-994
-994
201
201
-994
-994
-994
-994
201
-868
-994
-994
-994
-877
-973
-994
-944
201
201
-987
-994
-994
-994
-994
-994
-973
-973
-987
-989
-987
-987
-987
-987
-987
-987
-987
-994
-994
-994
-987
-994
-994
-987
-987
-994
-987
-989
-987
-987
-987
-987
-987
-987
-987
-989
-989
-989
-989
-989
-989
-989
-989
-989
-989
-989
-989
-989
-989
-989
-989
-987
-989
-987
-987
-989
-989
-987
-989
-987
-989
-987
-989
-987
-989
-989
-989
-987
-989
-987
-989
-987
-989
-989
-989
-989
-989
-989
-989
-989
-989
-989
-989
-989
-989
-989
-989
-989
-989
-989
-989
-989
-989
-989
-987
-989
-989
-989
-987
-989
-989
-987
-989
-989
-989
-987
-987
-987
-987
-989
-989
-987
-987
-987
-989
-987
-987
-989
-989
-989
-987
-987
-989
-987
-987
-989
-987
-987
-987
-987
-987
-987
-987
-987
-987
-987
-987
-987
-987
-987
-987
-987
-987
-987
-987
-987
-987
-987
-987
-987
-987
-987
-987
-987
-989
-989
-989
-989
-989
-987
-989
-987
-987
-989
-989
-989
-989
-989
-989
-989
-989
-989
-989
-989
-989
-989
-989
-989
-989
-989
-989
-989
-989
-989
-989
-989
-989
-989
-989
-989
-989
-989
-989
-989
-989
-989
-989
-989
-989
-989
-989
-989
-989
-989
-989
-989
-989
-989
-989
-989
-989
-989
-989
-989
-989
-987
-987
-987
-987
-987
-987
-987
-987
-987
-987
-987
-987
-987
-989
-989
-989
-989
-989
-987
-987
-987
-987
-987
-987
-987
-987
-987
-987
-989
-989
-989
-989
-989
-989
-989
-989
-989
-989
-989
-989
-989
-989
-989
-989
-989
-989
-989
-989
-989
-989
-989
-989
-989
-989
-989
-989
-989
-989
-989
-989
-989
-989
-989
-989
-989
-989
-989
-989
-989
-989
-989
-989
-989
-989
-989
-989
-989
-989
-989
-989
-989
-989
-989
-989
-989
-989
-989
-989
-989
-989
-989
-989
-989
-989
-989
-989
-989
-989
-989
-989
-989
-989
-989
-989
-989
-989
-989
-989
-989
-989
-989
-989
-989
-989
-989
-989
-989
-989
-989
-989
-989
-989
-989
-989
-989
-989
-989
-989
-989
-989
-989
-989
-989
-989
-989
-989
-989
-989
-989
-989
-989
-989
-989
-989
-989
-989
-989
-989
-989
-989
-989
-989
-989
-989
-989
-989
-989
-989
-989
-989
-989
-989
-989
-989
-989
-989
-989
-989
-989
-989
-989
-989
-989
-989
-989
-989
-989
-989
-989
-989
-989
-989
-989
-989
-989
-989
-989
-989
-989
-989
-989
-989
-989
-987
-987
-987
-989
-989
-989
-987
-987
-987
-987
-989
-989
-989
-989
-989
-989
-989
-989
-987
-987
-987
-987
-987
-987
-987
-987
-987
-987
-987
-989
-989
-989
-989
-989
-989
-989
-989
-989
-989
-989
-989
-987
-987
-987
-987
-987
-987
-987
-987
-987
-987
-987
-987
-987
-989
-989
-989
-989
-987
-987
-987
-987
-987
-987
-987
-987
-989
-989
-989
-989
-989
-989
-989
-989
-989
-989
-989
-989
-989
-989
-989
-989
-989
-989
-989
-989
-989
-989
-989
-989
-989
-989
-989
-989
-989
-989
-989
-989
-989
-989
-989
-989
-989
-989
