agent: texplore
env: asterix
Feature Selection: 0
Environment is episodic.
set statesPerDim to 0 for all dim
feature 0 has range 30
feature 1 has range 30
feature 2 has range 30
feature 3 has range 30
reward range: 1020
Parallel ETUCT tracking real state values
Planner using history size: 0
Start model learning thread
start parallel uct planning search thread
Created MultClass 0 with nModels: 5
Created C4.5 decision tree 0 with == and > splits
Created C4.5 decision tree 6 with == and > splits
Created C4.5 decision tree 12 with == and > splits
Created C4.5 decision tree 18 with == and > splits
Created C4.5 decision tree 24 with == and > splits
Created MultClass 4 with nModels: 5
Created C4.5 decision tree 4 with == and > splits
Created C4.5 decision tree 10 with == and > splits
Created C4.5 decision tree 16 with == and > splits
Created C4.5 decision tree 22 with == and > splits
Created C4.5 decision tree 28 with == and > splits
Created MultClass 5 with nModels: 5
Created C4.5 decision tree 5 with == and > splits
Created C4.5 decision tree 11 with == and > splits
Created C4.5 decision tree 17 with == and > splits
Created C4.5 decision tree 23 with == and > splits
Created C4.5 decision tree 29 with == and > splits
Created MultClass 1 with nModels: 5
Created C4.5 decision tree 1 with == and > splits
Created C4.5 decision tree 7 with == and > splits
Created C4.5 decision tree 13 with == and > splits
Created C4.5 decision tree 19 with == and > splits
-995
Created C4.5 decision tree 25 with == and > splits
Created MultClass 2 with nModels: 5
Created C4.5 decision tree 2 with == and > splits
Created C4.5 decision tree 8 with == and > splits
Created C4.5 decision tree 14 with == and > splits
Created C4.5 decision tree 20 with == and > splits
Created C4.5 decision tree 26 with == and > splits
Created MultClass 3 with nModels: 5
Created C4.5 decision tree 3 with == and > splits
Created C4.5 decision tree 9 with == and > splits
Created C4.5 decision tree 15 with == and > splits
Created C4.5 decision tree 21 with == and > splits
Created C4.5 decision tree 27 with == and > splits
-992
-995
-996
-994
-996
-993
-992
-981
-990
-991
-994
-994
-992
-992
-986
-983
-990
-990
-990
-993
-990
-992
-992
-993
-995
-990
-993
-991
-992
-992
-995
-973
-996
-993
-994
-996
-994
-992
-993
-994
-996
-993
-993
-995
-992
-994
-988
-979
-994
-992
-995
-993
-992
-994
-994
-991
-982
-992
-994
-995
-994
-993
-982
-995
-995
-981
-996
-995
-997
-990
-994
-993
-993
-995
-993
-995
-993
-994
-994
-995
-994
-992
-993
-996
-994
-996
-994
-994
-994
-995
-992
-992
-995
-996
-992
-996
-994
-994
-994
-994
-991
-993
-992
-991
-994
-994
-996
-992
-994
-983
-994
-993
-994
-995
-975
-996
-997
-995
-994
-995
-996
-995
-995
-997
-997
-995
-996
-994
-995
-994
-992
-984
-991
-996
-997
-997
-997
-994
-996
-996
-993
-997
-992
-990
-992
-992
-992
-994
-995
-995
-995
-990
-987
-996
-995
-997
-997
-997
-997
-997
-997
-997
-993
-996
-973
-997
-997
-997
-997
-997
-996
-996
-996
-997
-996
-997
-994
-996
-996
-996
-996
-996
-996
-997
-997
-997
-997
-997
-997
-997
-997
-997
-997
-997
-997
-997
-997
-996
-996
-996
-994
-996
-996
-997
-992
-996
-996
-997
-996
-996
-996
-996
-996
-994
-994
-994
-984
-995
-975
-994
-996
-997
-997
-996
-996
-996
-996
-996
-973
-903
-995
-996
-995
-996
-991
-996
-996
-996
-997
-996
-997
-994
-994
-994
-994
-996
-996
-996
-996
-994
-994
-996
-986
-989
-985
-994
-984
-994
-994
-989
-985
-995
-974
-994
-995
-994
-995
-995
-990
-995
-989
-973
-990
-995
-960
-995
-986
-986
-995
-994
-995
-994
-994
-994
-994
-996
-945
-994
-984
-974
-986
-994
-994
-992
-985
-974
-980
-992
-994
-980
-980
-992
-971
-992
-959
-986
-931
-994
-958
-984
-993
-957
-994
-994
-995
-996
-996
-995
-933
-997
-997
-997
-997
-997
-997
-997
-997
-997
-997
-997
-997
-997
-997
-997
-997
-997
-996
-997
-997
-997
-997
-997
-997
-997
-997
-997
-997
-997
-997
-997
-997
-997
-997
-997
-997
-997
-997
-997
-997
-996
-995
-997
-997
-997
-997
-997
-997
-997
-997
-997
-997
-997
-997
-997
-997
-997
-997
-997
-997
-997
-997
-997
-997
-997
-997
-997
-997
-997
-997
-997
-997
-997
-997
-997
-997
-997
-997
-997
-997
-997
-997
-997
-997
-997
-997
-997
-997
-997
-997
-997
-997
-997
-997
-987
-995
-988
-994
-959
-994
-987
-988
-959
-890
-982
-996
-945
-979
-974
-996
-959
-984
-973
-979
-981
-991
-987
-984
-987
-994
-889
-995
-945
-981
-945
-945
-972
-973
-960
-988
-917
-979
-994
-991
-988
-981
-973
-979
-973
-861
-988
-875
-946
-988
-988
-890
-987
-987
-988
-987
-987
-987
-862
201
-985
201
201
201
201
201
-973
201
-973
201
-985
-983
-979
201
-994
-979
-973
-973
-973
-973
-973
-973
-973
-945
-833
-945
-988
-988
-973
-973
-988
201
-994
-979
201
-994
-979
-946
201
-994
-979
-946
-974
-974
-974
-974
-974
-890
-974
-974
201
201
-979
-992
-994
-979
-992
-994
-991
-994
-991
-994
-991
-994
-991
-991
-946
-979
-875
-979
-987
-987
-987
-889
-979
-987
-979
-987
-987
-987
201
-903
-987
-994
-979
-987
-994
-991
-994
-987
-994
-987
-994
-973
-917
-805
-973
-917
-973
-994
-973
-994
-973
-994
-973
-994
-973
-973
-973
-973
-973
-945
-973
-973
-973
-973
-973
-973
-973
-973
-973
-973
-973
-973
-973
-973
-973
-973
-973
-973
-973
-973
-973
-973
-973
-973
-987
-973
201
-889
-973
-973
-973
-973
-973
-973
-973
-973
-973
-973
-973
-973
-973
-973
-973
-917
-973
-973
-973
-973
-973
-973
-973
-973
-973
-973
-973
-973
-945
-973
-889
-973
-973
-973
-973
-973
-833
-833
-973
-973
-973
-973
-973
-945
-973
-945
-945
-973
-973
-973
-973
-973
-973
-973
-973
-945
-973
-945
-994
-973
-973
-994
-973
-973
-973
-973
-973
-973
-973
-973
-973
-973
-973
-973
-973
-973
-973
-973
-889
-973
-973
-973
-917
-945
-973
-973
-973
-973
-973
-973
-973
-973
-973
-973
-973
-973
-945
-945
-945
-945
-917
-945
-917
-973
-973
-973
-973
-973
-990
-973
-955
-990
-916
-986
-986
-986
-986
-990
-986
-988
-988
-988
-990
-990
-986
-986
-986
-990
-986
-990
-986
-986
-986
-986
-986
-986
-986
-986
-986
-986
-986
-986
-986
-986
-986
-986
-986
-986
-986
-986
-986
-986
-986
-986
-986
-986
-986
-986
-986
-986
-986
-986
-986
-986
-986
-986
-986
-986
-986
-986
-986
-986
-986
-986
-986
-986
-986
-986
-986
-986
-986
-986
-986
-986
-986
-986
-986
-986
-986
-986
-986
-986
-986
-986
-986
-986
-986
-986
-986
-986
-986
-986
-986
-986
-986
-986
-986
-986
-986
-986
-986
-986
-986
-986
-986
-986
-986
-986
-986
-986
-986
-986
-986
-986
-986
-986
-986
-986
-986
-986
-986
-986
-986
-986
-986
-986
-986
-986
-986
-986
-986
-986
-986
-986
-986
-986
-986
-986
-986
-986
-986
-986
-986
-986
-986
-986
-986
-986
-986
-986
-986
-986
-986
-986
-986
-986
-986
-986
-986
-986
-986
-986
-986
-986
-986
-986
-986
-986
-986
-986
-986
-986
-986
-986
-986
-986
-986
-986
-986
-986
-986
-986
-986
-986
-986
-986
-986
-986
-986
-986
-986
-986
-986
-986
-986
-986
-986
-986
-986
-986
-986
-986
-986
-986
-986
-986
-986
-986
-986
-986
-986
-986
-986
-986
-986
-986
-986
-986
-986
-986
-986
-986
-986
-986
-986
-986
-986
-986
-986
-986
-986
-986
-986
-986
-986
-986
-986
-986
-986
-986
-986
-986
-986
-986
-986
-986
-986
-986
-986
-986
-986
-986
-986
-986
-986
-986
-986
-986
-986
-986
-986
-986
-986
-986
-986
-986
-986
-986
-986
-986
-986
-986
-986
-986
-986
-986
