agent: texplore
env: asterix
Environment is episodic.
set statesPerDim to 0 for all dim
feature 0 has range 30
feature 1 has range 30
feature 2 has range 30
reward range: 1001
Parallel ETUCT tracking real state values
Planner using history size: 0
Start model learning thread
start parallel uct planning search thread
Created MultClass 0 with nModels: 5
Created C4.5 decision tree 0 with == and > splits
Created C4.5 decision tree 6 with == and > splits
Created C4.5 decision tree 12 with == and > splits
Created C4.5 decision tree 18 with == and > splits
Created C4.5 decision tree 24 with == and > splits
Created MultClass 3 with nModels: 5
Created C4.5 decision tree 3 with == and > splits
Created C4.5 decision tree 9 with == and > splits
Created C4.5 decision tree 15 with == and > splits
Created C4.5 decision tree 21 with == and > splits
Created C4.5 decision tree 27 with == and > splits
Created MultClass 4 with nModels: 5
Created C4.5 decision tree 4 with == and > splits
Created C4.5 decision tree 10 with == and > splits
Created C4.5 decision tree 16 with == and > splits
Created C4.5 decision tree 22 with == and > splits
Created C4.5 decision tree 28 with == and > splits
Created MultClass 1 with nModels: 5
Created C4.5 decision tree 1 with == and > splits
Created C4.5 decision tree 7 with == and > splits
Created C4.5 decision tree 13 with == and > splits
Created C4.5 decision tree 19 with == and > splits
Created C4.5 decision tree 25 with == and > splits
Created MultClass 2 with nModels: 5
Created C4.5 decision tree 2 with == and > splits
Created C4.5 decision tree 8 with == and > splits
Created C4.5 decision tree 14 with == and > splits
Created C4.5 decision tree 20 with == and > splits
Created C4.5 decision tree 26 with == and > splits
-992
-980
-995
-992
-994
-988
-990
-986
-996
-994
-995
-995
-988
-995
-996
-994
-996
-994
-994
-973
-995
-987
-995
-994
-991
-995
-987
-996
-997
-996
-997
-987
-995
-987
-997
-997
-995
-995
-987
-995
-973
-994
-994
-995
-997
-996
-996
-988
-996
-974
-995
-986
-995
-987
-996
-995
-985
-996
-996
-987
-996
-987
-995
-997
-996
-996
-997
-987
-995
-996
-996
-996
-996
-996
-996
-996
-996
-996
-996
-987
-996
-995
-994
-995
-996
-987
-987
-996
-975
-975
-989
-994
-994
-995
-992
-904
-834
-974
-947
-988
-974
-974
-994
-985
-957
-995
-957
-995
-995
-995
-991
-995
-995
-960
-995
-995
-995
-995
-995
-995
-995
-995
-995
-995
-995
-995
-995
-995
-995
-991
-995
-995
-995
-995
-995
-995
-995
-995
-995
-995
-995
-995
-993
-973
-945
-946
-945
-965
-959
-980
-980
-938
-994
-917
-994
-994
-994
-994
-994
-861
-994
-973
-994
-994
-994
-868
-952
-910
-980
-994
-980
-960
-892
-834
201
-987
201
201
201
201
201
201
201
-833
-973
-973
-973
-973
-945
-973
-945
-973
-973
-973
-973
-973
-973
-973
-973
-973
-973
-973
-945
-945
-973
-942
-815
-933
-961
-966
-994
-888
-933
-960
-961
201
201
201
201
201
-945
-988
-995
201
201
201
201
201
-945
-910
-994
-847
-994
-945
-959
-945
-931
-973
-931
-973
-959
-945
-959
201
-980
201
201
201
201
201
201
201
201
201
201
201
201
201
201
-826
-917
-994
-945
201
201
201
201
201
201
201
201
201
201
201
201
201
201
201
201
201
201
201
201
-974
-862
201
201
201
201
201
201
201
201
201
201
201
201
201
201
201
201
201
201
201
201
201
201
201
201
201
201
201
201
201
201
201
201
201
201
201
201
201
201
201
201
201
201
201
201
201
201
201
201
201
201
201
201
201
201
201
201
201
201
201
-929
201
201
201
201
201
201
201
201
201
201
201
201
-924
201
201
201
201
201
201
201
201
201
201
201
201
201
201
201
201
201
201
201
201
201
201
201
201
201
201
201
201
201
201
201
201
201
-973
201
-973
201
-973
201
-973
201
-973
201
-973
201
-973
201
-973
201
-973
201
201
201
-987
201
201
-973
201
-987
201
-987
201
-987
201
-987
201
-987
201
-987
201
-987
201
201
201
201
201
201
201
201
201
201
201
201
201
201
-817
201
201
201
201
201
201
201
201
201
201
201
201
201
201
201
201
201
201
201
201
201
201
201
201
201
201
201
201
201
201
201
201
201
201
201
201
201
201
201
201
201
201
201
201
201
201
201
201
201
201
-869
-987
-987
-987
-959
-959
-987
-980
-987
-959
-973
-973
-973
-973
-973
-973
-973
-973
-973
-973
-973
-973
-973
-973
-973
-973
-973
-973
-959
-959
-959
-959
-959
-973
-973
-973
-959
-973
-959
-973
-973
-973
-973
-973
-973
-973
-973
-973
-973
-973
-973
-973
201
201
201
201
201
201
201
201
201
201
201
201
201
201
201
201
201
201
201
201
201
201
201
201
201
201
201
201
201
201
201
201
201
201
201
201
201
201
201
201
201
201
201
201
201
201
201
201
201
201
201
201
201
201
201
201
201
201
201
201
201
201
201
201
201
201
201
201
201
201
201
201
201
201
201
201
201
201
201
201
201
201
201
201
201
201
201
201
201
201
201
201
201
201
201
201
201
201
201
201
201
201
201
201
201
201
201
201
201
201
201
201
201
201
201
201
201
201
201
201
201
201
201
201
-935
-996
-969
-986
-986
-986
-986
-969
-916
-972
-986
-988
-969
-986
-986
-986
-986
-986
-986
-986
-986
-986
-986
-986
-972
-878
-931
-996
-969
-930
-930
-986
-986
-986
-986
-986
-986
-986
-986
-986
-986
-986
-986
-986
-986
-986
-986
-986
-986
-986
-986
-986
-986
-986
-986
-986
-986
-986
-986
-986
-986
-986
-986
-986
-986
-986
-986
-986
-986
-986
-986
-986
-969
-986
-969
-986
-986
-986
-986
-986
-986
-986
-986
-986
-986
-986
-986
-986
-986
-986
-986
-986
-986
-986
-986
-986
-986
-986
-986
-986
-986
-986
-986
-986
-986
-986
-986
-986
-986
-986
-986
-986
-986
-986
-969
-986
-969
-986
-986
-986
-986
-986
-986
-986
-986
-986
-969
-986
-913
-986
-986
-986
-986
-986
-986
-986
-986
-986
-986
-969
-986
-986
-986
-986
-986
-986
-986
-986
-986
-986
-986
-986
-986
-986
-986
-986
-986
-986
-986
-986
-986
-986
-986
-986
-986
-986
-986
-986
-986
-986
-986
-986
-986
-986
-986
-986
-986
-986
-986
-986
-986
-986
-986
-986
-969
-986
-986
-986
-986
-986
-986
-986
-986
-986
-986
-986
-986
-986
-986
-986
-986
-986
-986
-986
-986
-986
-986
-986
-986
-986
-986
-986
-986
-986
-986
-986
-986
-986
-986
-986
-986
-986
-986
-986
-986
-986
-986
-986
-986
-986
-986
-986
-986
-986
-986
-986
-986
-986
-986
-986
-986
-986
-986
-986
-986
-986
-986
-986
-986
-986
-986
-986
-986
-986
-986
-986
-986
-986
-986
-986
-986
-969
-986
-986
-986
-986
-986
-969
-986
-986
-986
-986
-986
-986
-986
-986
-986
-986
201
-829
-930
-972
-972
-986
-986
-986
-986
-986
-986
-986
-986
-986
-986
-986
-986
-958
-986
-986
-944
-972
-986
-986
-986
-986
-986
-986
-986
-986
-972
-972
-972
-986
-986
-972
-986
-986
-986
-986
-986
-972
-972
-972
-986
-972
-972
-972
-972
-972
-986
-986
