agent: texplore
env: fuelworld
Environment is episodic.
set statesPerDim to 0 for all dim
feature 0 has range 20
feature 1 has range 30
feature 2 has range 61
reward range: 400
Parallel ETUCT tracking real state values
Planner using history size: 0
start parallel uct planning search thread
Start model learning thread
Created MultClass 0 with nModels: 5
Created C4.5 decision tree 0 with == and > splits
Created C4.5 decision tree 6 with == and > splits
Created C4.5 decision tree 12 with == and > splits
Created C4.5 decision tree 18 with == and > splits
Created C4.5 decision tree 24 with == and > splits
Created MultClass 3 with nModels: 5
Created C4.5 decision tree 3 with == and > splits
Created C4.5 decision tree 9 with == and > splits
Created C4.5 decision tree 15 with == and > splits
Created C4.5 decision tree 21 with == and > splits
Created C4.5 decision tree 27 with == and > splits
Created MultClass 4 with nModels: 5
Created C4.5 decision tree 4 with == and > splits
Created C4.5 decision tree 10 with == and > splits
Created C4.5 decision tree 16 with == and > splits
Created C4.5 decision tree 22 with == and > splits
Created C4.5 decision tree 28 with == and > splits
Created MultClass 1 with nModels: 5
Created C4.5 decision tree 1 with == and > splits
Created C4.5 decision tree 7 with == and > splits
Created C4.5 decision tree 13 with == and > splits
Created C4.5 decision tree 19 with == and > splits
Created C4.5 decision tree 25 with == and > splits
Created MultClass 2 with nModels: 5
Created C4.5 decision tree 2 with == and > splits
Created C4.5 decision tree 8 with == and > splits
Created C4.5 decision tree 14 with == and > splits
Created C4.5 decision tree 20 with == and > splits
Created C4.5 decision tree 26 with == and > splits
-417.8
-418.2
-417.4
-418.6
-419.4
-417.2
-420.2
-417.2
-638.8
-418.4
-420.8
-418.6
-417.8
-502
-416.8
-418.2
-420.6
-417.8
-417.6
-419.6
-416
-419.6
-419.2
-728
-418.8
-1251.2
-540.6
-420
-497.4
-417.8
-419
-628
-418
-513.8
-420.4
-420
-586.6
-421.8
-419.4
-421.6
-420.2
-417.6
-464.2
-422.8
-505.4
-641.6
-422
-600.8
-466.6
-638
-465.8
-592.6
-718.6
-464.6
-977
-685
-396.8
-101.4
-97.8
-185.4
-95.4
-181
-121
-226.4
-97
-190.2
-57.8
-179
-53
-158
-232.6
-88.4
-541.2
-510.2
-90.6
-602.2
-154.6
-103.2
-146.2
-459.2
-499.6
-501.2
-591
-50.6
-103.8
-468
-595.2
-494
-462.6
-498
-85.2
-503.8
-506.8
-100.8
-147.8
-422.4
-458.4
-509.4
-54.6
-457
-55.6
-459.4
-456.6
-63.8
-98
-502.4
-547.8
-509.2
-463
-62.4
-459.8
-59.6
-461
-464.6
-465.2
-465.2
-462.2
-505.6
-463.4
-63.2
-54.8
-105
-62.8
-51.2
-51.6
-90.2
-88
-58.8
-99.2
-59
-53
-88.6
-54.2
-60.8
-50.8
-58
-57
-53.8
-102
-52.6
-92.2
-58.4
-58.6
-56.2
-55
-54.6
-53.8
-53.8
-51.2
-47.8
-79
-58.6
-56.4
-48.4
-49
-50.4
-56.8
-49.6
-81.6
-49
-48.4
-54.2
-60
-58.4
-46.4
-53.6
-49.8
-55
-48.8
-51.4
-52.4
-49.4
-90.6
-56.6
-55.2
-55
-57.4
-76
-56.6
-48.6
-56.4
-57.4
-57.2
-71.2
-50.6
-45.8
-48
-63
-61.6
-76.6
-48.2
-55.8
-55.6
-53.4
-68.2
-48
-53.8
-54.2
-52.2
-53
-48.4
-51
-80.4
-55.2
-51.2
-49.8
-49.8
-46.6
-56.6
-49.4
-62.8
-80.4
-72.4
-55
-50.6
-55.2
-52
-75
-52.8
-55
-54
-55.6
-51.6
-78.4
-57.4
-53.2
-49.6
-53.4
-49.6
-55
-78.6
-48
-53.2
-51.4
-53.8
-55.8
-55
-49.8
-48.4
-50
-53
-53.2
-58.6
-54.8
-78.4
-56.6
-50.6
-72.2
-45.6
-52.2
-45.8
-49.2
-51
-51
-57.4
-67.6
-52.6
-54
-53.4
-71.4
-53.4
-55
-49
-50.6
-58.4
-51.2
-51.6
-50.4
-54
-58.2
-51.6
-48.6
-51.2
-57.4
-48.4
-60.4
-54.6
-50.4
-46.2
-55.8
-51.4
-51.4
-63
-58.6
-56.2
-52.8
-48
-64.4
-47.6
-83.2
-87.6
-52.8
-53
-60.4
-59.4
-52
-52.2
-53.6
-75.4
-54.8
-61
-54
-52.8
-48.4
-49.2
-51.4
-57.8
-49.4
-49.4
-51.8
-52.8
-72.2
-67.4
-49.4
-53.8
-68.8
-54.8
-54.4
-49.4
-50
-67.4
-50.8
-47.6
-61.6
-53.6
-53.4
-72.8
-54.8
-50.6
-51
-50
-48.8
-57.2
-74.8
-53.4
-46.8
-54.6
-55.4
-54
-63.2
-53
-48.4
-56
-52
-45.8
-49.6
-49
-59.2
-51
-80.6
-63.6
-54.2
-63.2
-56.6
-54
-87.4
-56.6
-60
-50.8
-58.2
-61
-54.6
-54.8
-50.6
-49.4
-58.6
-56.2
-74
-51.2
-57.2
-48.4
-48.8
-53.4
-52.6
-46.8
-52.8
-54
-55.2
-49.8
-56
-99.2
-47
-48
-57.4
-49.4
-87.2
-52.2
-51.8
-45.6
-50
-48.4
-70.8
-51.6
-57.2
-85.2
-50.2
-55.8
-56.6
-46.2
-56.8
-50.6
-55.4
-52.8
-82.2
-49.4
-50.6
-60.8
-54
-56.2
-67.8
-60
-52.2
-58.6
-61
-55.4
-52
-46.8
-48.2
-53
-53.6
-49.8
-48.2
-53
-48.6
-50.6
-56.6
-54
-52.6
-56.8
-53.2
-57.2
-50
-51
-47.2
-50.2
-52.2
-55.4
-51.8
-57.4
-50.4
-56.8
-51.4
-48
-54.2
-53.6
-51.6
-95.2
-55
-48.2
-56
-51.6
-94.6
-50.4
-55.4
-50.6
-49.2
-54.4
-46.6
-61.8
-54.6
-55
-52.6
-50.4
-56.2
-50.2
-50
-51
-68.4
-81.4
-53.2
-58.4
-52.8
-63.4
-53.4
-53.2
-61.4
-48.8
-50.6
-52.8
-49
-49.2
-49
-60.4
-54
-70.6
-51.4
-49
-51.8
-49.4
-49.6
-49.2
-51.6
-49.8
-53
-51.6
-49.4
-50.8
-67
-48.8
-52.8
-55.6
-52.4
-49.4
-57.6
-49.8
-77.2
-53
-51.8
-57
-49.4
-48.6
-51.8
-50.6
-56.8
-57.4
-47.4
-48.2
-49.4
-59.4
-48
-49.2
-51.2
-58.2
-82.6
-57.8
-62
-51.2
-54.4
-54
-55.6
-51.8
-57.6
-51.4
-53.2
-79.8
-53.6
-53.2
-48.6
-54.2
-50
-51.6
-60.8
-53
-56.6
-54.4
-54
-54.8
-50.4
-51
-54.2
-57.6
-417.6
-54.6
-46.8
-55.2
-53.8
-49
-49.6
-57.8
-73.2
-47.6
-52
-48.4
-53.2
-47.8
-54.6
-58.6
-58.8
-55.8
-48
-54.8
-59.4
-58.4
-55.6
-51.2
-50.2
-49.4
-81.4
-50.8
-49.6
-55
-53.4
-58.4
-54
-52
-49.6
-87.2
-55.2
-57
-50.4
-52.4
-70.6
-49.2
-49.4
-54.2
-50.2
-59.6
-72.4
-55.8
-53.2
-51
-59.2
-48.2
-53.8
-50.4
-51.6
-49
-52.2
-47.8
-52.4
-50.4
-52.8
-61.4
-57.4
-59.6
-49
-49.4
-56.6
-53.4
-52.4
-53.8
-57.4
-48.6
-48.6
-48.6
-52.8
-55.4
-48.2
-62.2
-50
-53.4
-47.8
-58.4
-52.2
-53.8
-52.4
-60.8
-60.8
-57.2
-47.4
-54.4
-56.6
-54.2
-48
-50.6
-48.2
-50.6
-56.8
-50.2
-55.2
-48
-61.2
-53.2
-47.8
-48.2
-50
-47
-69.6
-52
-63
-51.6
-51.8
-55
-52.4
-54.2
-50.8
-54.4
-50.6
-46.6
-50
-50.4
-52.8
-54
-56.4
-48
-52
-48.6
-53.6
-59.6
-52.4
-53.8
-49.4
-50
-53.8
-57.4
-47.4
-58.4
-60
-54.4
-57
-59.4
-50.8
-58
-62
-54.8
-55.2
-48.4
-47
-49.6
-49
-52.8
-55
-51.8
-82.8
-54.2
-53
-54.6
-49.4
-53.6
-52.2
-54.2
-49.6
-54.2
-48.4
-51.2
-47.4
-79.2
-74
-53.2
-54.6
-53.8
-51.2
-75.4
-68.2
-50.8
-54.8
-51.4
-52.4
-67.2
-52.2
-60.4
-49.8
-46.2
-49.8
-56.2
-53.6
-52.4
-50.6
-52.8
-47.4
-49.6
-47
-54.2
-51.6
-50.2
-57.4
-54.6
-49.6
-53.4
-49.6
-49
-49.6
-49
-52.6
-52.4
-54.2
-59.8
-74.8
-53.8
-52.4
-52.6
-47
-53.8
-50.6
-48.6
-51.6
-50.2
-51.2
-49.6
-51.8
-50.4
-55.4
-51
-48
-53
-77.8
-51.8
-74
-85.6
-52.4
-55.4
-49.4
-48.2
-56.2
-54.6
-54
-53.2
-57.4
-49.2
-51.2
-52.2
-54.4
-56.2
-54.6
-49.6
-52.2
-51.8
-52.8
-55.2
-47.6
-56.6
-47.4
-51.4
-48.6
-52.8
-45.2
-54.2
-53
-51.6
-48.8
-51
-51.6
-53.2
-50.8
-59
-48.6
-54.2
-79.8
-55.8
-55
-52.4
-91.6
-49.4
-62
-53.2
-56.8
-55.8
-51.8
-51.2
-52.6
-49.8
-51.6
-47.6
-49.6
-53.4
-71.2
-48.6
-55.2
-51.6
-48.6
-47
-55
-48.4
-55.4
-58.2
-49.8
-49
-55
-48.6
-75
-47.8
-52
-50
-53.8
-53.2
-55.8
-59.8
-53.4
-50.2
-51.8
-53.4
-55.4
-53
-54.8
-56.2
-46.2
-48
-49.6
-47.2
-53
-51.4
-47.6
-51.8
-49.6
-63.2
-53.6
-49.8
-52.4
-51.4
-54.2
-57.2
-52.8
-59.2
-49
-53.8
-48.2
-105
-49.6
-60
-56.6
-50.4
-55.8
-60
-48.6
-57.8
-51.6
-51.6
-54.8
-49.6
-58.2
-50.4
-54.2
-53.2
-49.6
-88.4
-53
-55.8
-49
-53.4
-73.8
-56.6
-68.6
-48.2
-49.6
-51.4
-54
-58.8
-46.4
-54.4
-53.6
-54
-48.8
-78.4
-51.8
-48
-55.8
-47.4
-50.4
-48.4
-57
-52.6
-48.2
-55.8
-58.4
-52.4
-53.4
-55.2
-54.6
-69.8
-49.4
-51.6
-50.8
-77.8
-52.8
-49.6
-56.2
-65.4
-52.6
-57
-56
-49.4
-59.4
-48.6
-46
-61.6
-50
-54.8
-49.2
-58.4
-47.2
-49.6
-51.8
-61.6
-53
-48
-49
-58.4
-55
-48.2
-54.2
-58.4
-49.2
-50.4
-54.4
-52.2
-48
-54.2
-53.4
-50.2
-70.8
-48.6
-54
-56.2
-50.6
-57
-55.4
-55.6
-54
-57.2
-57
-60.8
-53.6
-46.2
-57.2
-58.8
-59
-74.8
-53.8
-48.8
-50.2
