agent: texplore
env: fuelworld
Environment is episodic.
set statesPerDim to 0 for all dim
feature 0 has range 20
feature 1 has range 30
feature 2 has range 61
reward range: 400
Parallel ETUCT tracking real state values
Planner using history size: 0
Start model learning thread
start parallel uct planning search thread
Created MultClass 0 with nModels: 5
Created C4.5 decision tree 0 with == and > splits
Created C4.5 decision tree 6 with == and > splits
Created C4.5 decision tree 12 with == and > splits
Created C4.5 decision tree 18 with == and > splits
Created C4.5 decision tree 24 with == and > splits
Created MultClass 3 with nModels: 5
Created C4.5 decision tree 3 with == and > splits
Created C4.5 decision tree 9 with == and > splits
Created C4.5 decision tree 15 with == and > splits
Created C4.5 decision tree 21 with == and > splits
Created C4.5 decision tree 27 with == and > splits
Created MultClass 4 with nModels: 5
Created C4.5 decision tree 4 with == and > splits
Created C4.5 decision tree 10 with == and > splits
Created C4.5 decision tree 16 with == and > splits
Created C4.5 decision tree 22 with == and > splits
Created C4.5 decision tree 28 with == and > splits
Created MultClass 1 with nModels: 5
Created C4.5 decision tree 1 with == and > splits
Created C4.5 decision tree 7 with == and > splits
Created C4.5 decision tree 13 with == and > splits
Created C4.5 decision tree 19 with == and > splits
Created C4.5 decision tree 25 with == and > splits
Created MultClass 2 with nModels: 5
Created C4.5 decision tree 2 with == and > splits
Created C4.5 decision tree 8 with == and > splits
Created C4.5 decision tree 14 with == and > splits
Created C4.5 decision tree 20 with == and > splits
Created C4.5 decision tree 26 with == and > splits
-417.8
-418.2
-417.8
-415.8
-418.6
-416.8
-420.2
-419.2
-421
-416.6
-417
-460
-630.6
-418.8
-514.8
-418.2
-416.4
-419.8
-509.4
-836.8
-419.6
-462.6
-421.2
-464.2
-417.8
-465.2
-415.6
-681.8
-186.4
-96.6
-306.8
-94.2
-92
-640
-497.8
-716.4
-112.4
-87
-506.2
-549
-501.2
-106.6
-503.4
-101
-503.2
-420.2
-417.2
-554.2
-422.4
-419.8
-418.6
-415.6
-418
-421.4
-420.2
-420
-419.4
-417.2
-418
-418.2
-92.6
-418.8
-459.6
-416.8
-100
-109.6
-607
-56.8
-105.4
-112.2
-59.6
-95.8
-106
-55.8
-145.4
-85.6
-62
-96.2
-56.8
-97.4
-55.6
-100.8
-62.6
-95.2
-62.2
-106.6
-56
-102.6
-82.4
-51
-48.6
-54.8
-53.4
-84
-57.8
-54
-51.2
-62.6
-76.2
-51.2
-59.6
-48.6
-50.6
-51.8
-419.4
-56.2
-50.2
-54
-98.6
-49
-87.6
-52.2
-56.2
-58
-56
-50.2
-49.8
-53.8
-49.4
-58.4
-60.4
-64.8
-52.4
-98.8
-57.2
-56.6
-47.6
-78.2
-55
-48.6
-58.4
-64.4
-49.2
-58.8
-52.2
-50.6
-97.4
-48
-68.4
-47.2
-54.2
-59.2
-55
-55.2
-50
-49.8
-56.8
-54.6
-55.4
-52
-48.8
-55
-49.6
-46.4
-59
-60.2
-92
-87.6
-55.4
-60.6
-61.8
-60.8
-49.6
-50.2
-59.8
-55.6
-52
-48.4
-47.6
-54.4
-53.2
-54.8
-55.2
-50.4
-49
-62.2
-50.2
-59.4
-68.6
-59.6
-72.2
-46.2
-52
-50.6
-48.4
-53.2
-60
-50.2
-52.4
-45.2
-52.4
-62.2
-49.6
-57.8
-60.8
-58.2
-61.8
-50.4
-56.6
-57.4
-50.6
-47.6
-57.8
-52.2
-57.2
-52.4
-50.4
-52
-48.2
-55.2
-48.6
-48
-47.6
-80.2
-52.6
-47
-61.8
-52.8
-69
-53.2
-48
-49.2
-60.4
-83.4
-58.4
-54
-62.8
-53
-56.6
-50
-73.6
-48.4
-49.4
-52.2
-48
-50
-58.4
-56.4
-56
-51.2
-49.2
-53
-97.6
-60.6
-50.8
-48
-57.8
-52.8
-90.8
-52
-51.6
-60.6
-51.4
-48.8
-49
-54.2
-48
-50.6
-52.2
-52.2
-49.6
-460
-59
-59
-54.6
-69.8
-53.4
-54
-49
-51
-51.6
-46.6
-45.2
-48.6
-50.2
-50.8
-51.6
-49.8
-48.2
-56.2
-48.2
-56
-66.2
-55.4
-51.8
-50.2
-53.4
-49.8
-54.2
-48.4
-54
-45.8
-50
-46
-51
-53
-51.8
-58.4
-60.8
-46.2
-55
-89.8
-54.6
-57.2
-69.4
-50.8
-85.2
-54.2
-50.4
-69.4
-84.8
-51.4
-60.8
-51
-48.6
-54
-50
-58.6
-51
-50.8
-49.2
-48.6
-60
-47.6
-56
-81
-50.2
-49.6
-52.2
-49.4
-46
-52.8
-67.4
-52
-52.4
-52.8
-49.2
-57
-47.6
-47.2
-53.4
-58.2
-54.2
-51.4
-59.8
-59
-51.4
-59.2
-52.2
-56.6
-63.4
-46.2
-54.8
-60.8
-86.8
-60.8
-52.8
-51
-63.2
-49.2
-57
-47.8
-54.6
-58.6
-51.2
-52.2
-80.8
-47.4
-51.8
-48.2
-47.4
-49
-56.4
-53.2
-45.2
-51
-51.8
-51.6
-54.2
-56.2
-53
-67
-51.2
-54
-68
-56.8
-55
-49.8
-44
-48
-57.8
-53.6
-54.4
-44.6
-49.2
-56.2
-58
-52.8
-53.8
-51.4
-49
-56.8
-47
-59.6
-52.4
-53
-54.4
-59.6
-54
-53.2
-54
-57.2
-52.4
-54
-76.8
-53
-69.2
-52.6
-46.2
-49
-56.2
-94.4
-59.2
-51.6
-48.4
-50.6
-83
-56.8
-57.2
-53.4
-48
-59.4
-419.6
-54.2
-52
-83.6
-68.4
-51.4
-52.2
-50.8
-46.4
-49
-61.4
-76.6
-47.2
-51
-54
-55.6
-56.8
-55.4
-50.6
-51.2
-57.4
-54.2
-56
-81
-75.6
-84.2
-51
-78.4
-52.2
-49.6
-51.2
-52.4
-49.6
-57.4
-74.2
-50.2
-50
-85
-55.8
-61.8
-46.6
-50.2
-52.6
-55.2
-53
-54.4
-51.8
-53.8
-57.8
-50
-419.2
-49.6
-48
-56.4
-52.6
-55.2
-53
-53
-45.2
-50.2
-58.6
-55.8
-55.8
-51.6
-57.4
-52.2
-55.4
-54.8
-47
-56.6
-49
-45.2
-48.4
-49.8
-51.6
-50.4
-50
-71.2
-48.8
-51
-49.8
-47.2
-51
-48.2
-60.8
-54.4
-48.6
-54.2
-53
-51.8
-51.2
-48.4
-54.8
-50.8
-54.8
-56.2
-49
-50.2
-54
-47.4
-58
-54
-50.6
-52.8
-49.6
-52.6
-53.2
-59
-52.6
-54.6
-58.2
-52.6
-49
-51.2
-50.6
-51.4
-50.6
-53.2
-54.2
-49.6
-53.4
-49.8
-52.4
-54.6
-48.6
-59.2
-57.4
-53
-56.4
-52.2
-49.6
-48.8
-49.6
-50.8
-54.8
-81.8
-74.2
-62.6
-47
-48.4
-47
-50
-52.4
-49
-55.4
-48.8
-50.4
-66.2
-47.4
-54.6
-55
-53.8
-51
-53.4
-59.2
-46.6
-59.2
-48.4
-59.4
-56.4
-91.6
-52.6
-54.4
-47.6
-56.2
-48.4
-57.4
-54.6
-48.4
-57
-48.8
-49.6
-53.4
-81.6
-48.8
-49.4
-53.4
-51.6
-55.6
-80.4
-50.4
-62.6
-54.8
-49
-51.8
-56
-53.4
-50.8
-50.6
-73.2
-53.2
-69
-55
-53
-55.8
-55.4
-77
-51.2
-54.4
-54.4
-50.4
-49.4
-84.2
-51.4
-49
-55.4
-51.2
-50
-58.4
-48
-50.2
-50.4
-46.2
-47.4
-52.8
-49.8
-56.4
-58.2
-58.2
-49.4
-54
-73
-51.4
-49.2
-54.2
-49.2
-49.4
-52.6
-50
-52
-50.4
-48
-52.6
-59.2
-48.6
-49.8
-47.2
-51.2
-49.6
-47
-72.2
-47.6
-70.4
-51.6
-58.8
-48.4
-51
-83.8
-55.2
-48.6
-46.4
-50.4
-48.2
-59.6
-50.2
-52.6
-50.6
-48
-69
-77
-50.8
-51.8
-47.2
-53.4
-50.8
-47.4
-57.2
-76.4
-52
-50.6
-50.8
-80.2
-56.2
-53.8
-50.2
-48.4
-53.8
-52.2
-50.8
-56.4
-53.2
-51.8
-54.8
-51.4
-52.4
-46.4
-49.2
-49.6
-55.4
-51.6
-49.8
-65.8
-56.4
-56.8
-50.2
-57.8
-55.2
-51.2
-53
-45.6
-58
-56.8
-70.4
-58.4
-49.6
-54.4
-50.4
-59.4
-53.4
-50.4
-44.8
-54.2
-46.4
-49.2
-59.2
-52.8
-55
-54.4
-56
-88.2
-47.4
-49.8
-72.6
-47
-49.8
-55.6
-49
-52
-74.6
-50.6
-47.4
-52.8
-51.6
-50
-91.2
-52
-53.6
-52
-54
-54.4
-47.4
-48.6
-49.8
-51.8
-54.2
-72.4
-48.2
-47.4
-45.4
-54
-51.4
-52.8
-48.4
-54.6
-54.6
-53.4
-50.4
-56.6
-52.6
-77
-53
-53.6
-51.4
-49.4
-48.2
-52
-52.4
-48.6
-53.2
-58
-46.4
-58.6
-54
-57.2
-53
-51.8
-50.6
-51.4
-49.4
-53.2
-52
-58.6
-48
-59.6
-65.8
-49
-54.4
-47.8
-49
-53.4
-48
-57.6
-54.4
-57.4
-49
-79.8
-55.8
-57.8
-46.8
-55.4
-49.8
-50
-54.6
-57.6
-54.8
-50.2
-50.6
-58.6
-54.8
-54.4
-54
-53.4
-46.8
-46
-50.2
-49.4
-55.6
-58
-49.6
-45.8
-49.4
-48.2
-53.6
-51
-56.4
-50.8
-52.8
-57.4
-58.2
-68.6
-78.8
-56
-54
-54.8
-55.4
-76.4
-52.2
-49.6
-52.2
-57.2
-49.2
-48.4
-52.2
-51
-55.2
-48.4
-51.2
-45
-53.2
-83.8
-49.2
-47.8
-53.6
-66.8
-49.2
-48.6
-59.2
-51.2
-49.2
-62.2
-50
-58.8
-59
-52.8
-62.2
-46
-60.2
-58.6
-58.6
-49
-46.4
-49.8
-58.4
-49
-48
-58.6
-48
-55.8
-55.8
-70.6
-63
-55.8
-51.6
-56
-48.8
-49.2
-49
-48.6
-54.6
-46.8
-50
-59.2
-52
-49.4
-57.4
-52
-55
-51.8
-54.4
-51
-51.8
-56.4
-54.2
-50
-51.4
-54.4
-51.8
-48.8
-51.6
-76.8
-48.4
-82.2
-77.6
-54.2
-52.6
-61.8
-55
-51.4
-49
-54.6
-55.8
-53.2
-49
-48
-58.6
-50.4
-49
-52.6
-51.8
-48.6
-58.2
-54.8
-51
-68.2
-50.4
-90.2
-51
-53.8
-58.2
-54
-55.8
-58.6
-54.8
-72.8
-51.2
-59.6
-48.2
-53.4
-50.4
-60.6
-52.2
-47.8
-52.8
-49
-80.6
-56.4
-47.6
-54.2
-49.4
-49.2
-49.8
-51.6
-51.4
-58.8
-53.8
-56.2
-60.2
-60.2
