agent: texplore
env: fuelworld
Environment is episodic.
set statesPerDim to 0 for all dim
feature 0 has range 20
feature 1 has range 30
feature 2 has range 61
reward range: 400
Parallel ETUCT tracking real state values
Planner using history size: 0
Start model learning thread
Created MultClass 0 with nModels: 5
start parallel uct planning search thread
Created C4.5 decision tree 0 with == and > splits
Created C4.5 decision tree 6 with == and > splits
Created C4.5 decision tree 12 with == and > splits
Created C4.5 decision tree 18 with == and > splits
Created C4.5 decision tree 24 with == and > splits
Created MultClass 3 with nModels: 5
Created C4.5 decision tree 3 with == and > splits
Created C4.5 decision tree 9 with == and > splits
Created C4.5 decision tree 15 with == and > splits
Created C4.5 decision tree 21 with == and > splits
Created C4.5 decision tree 27 with == and > splits
Created MultClass 4 with nModels: 5
Created C4.5 decision tree 4 with == and > splits
Created C4.5 decision tree 10 with == and > splits
Created C4.5 decision tree 16 with == and > splits
Created C4.5 decision tree 22 with == and > splits
Created C4.5 decision tree 28 with == and > splits
Created MultClass 1 with nModels: 5
Created C4.5 decision tree 1 with == and > splits
Created C4.5 decision tree 7 with == and > splits
Created C4.5 decision tree 13 with == and > splits
Created C4.5 decision tree 19 with == and > splits
Created C4.5 decision tree 25 with == and > splits
Created MultClass 2 with nModels: 5
Created C4.5 decision tree 2 with == and > splits
Created C4.5 decision tree 8 with == and > splits
Created C4.5 decision tree 14 with == and > splits
Created C4.5 decision tree 20 with == and > splits
Created C4.5 decision tree 26 with == and > splits
-419.4
-417.4
-419
-419
-419
-418.4
-739.4
-417.4
-419
-507.4
-420.4
-421.2
-421
-419.8
-419.2
-1314.4
-421.6
-1892.6
-543.8
-419.8
-419.8
-418.6
-500.4
-550.2
-1215
-234.4
-417.6
-134
-171
-687.6
-228
-590.2
-135.2
-497.8
-510.6
-143.2
-593
-540.4
-505.4
-125.6
-174.6
-92.8
-495
-103.6
-461.2
-419
-100.2
-419
-58
-60.2
-127.8
-465.6
-421.6
-76.6
-496
-109
-461.6
-57.8
-456.2
-56.8
-52.8
-100.8
-54.4
-91.6
-462.2
-103.4
-460
-75.2
-100
-56.2
-63.6
-54.6
-136.8
-52.2
-52.4
-49
-58.2
-61.2
-54
-47.4
-51.4
-87.4
-55.8
-58
-54
-61.6
-56.8
-57.8
-80.8
-55.2
-54.4
-103.6
-75
-57.8
-47.2
-58.4
-60
-59.2
-56
-78
-92.4
-60.4
-60
-62.2
-63.8
-53
-47.4
-50.2
-72.6
-59
-49.6
-56.8
-55.8
-51.4
-54.6
-47.8
-48.4
-61.8
-57.4
-55
-69.2
-57
-48.8
-49.8
-52.6
-56
-59
-53.6
-52.2
-52.8
-52.8
-57.6
-54.8
-53.6
-87.6
-53.8
-55.8
-52.6
-52.6
-50.6
-51
-50.4
-52.2
-51.2
-50.2
-49.4
-56.6
-54.6
-57.2
-50.4
-51.8
-52.6
-55
-52.6
-55.6
-48.4
-53.4
-49.2
-58.2
-56
-56
-70.8
-50.6
-51
-47.4
-52.6
-51.8
-52.2
-58.2
-52.2
-50.6
-52.6
-52.8
-51.6
-56.8
-49.2
-55.4
-51.4
-48
-48.6
-50.4
-53.4
-49.2
-54.8
-56.8
-50.6
-51.4
-50.6
-52.6
-54.8
-50
-51.6
-51.4
-51.6
-54.6
-52
-54.2
-52.6
-52.6
-49.8
-57
-51
-83.8
-49.6
-74.2
-48.4
-56.4
-50.4
-48
-53.2
-49.2
-49
-55
-75.2
-52.2
-53
-48.8
-53.4
-60.6
-55
-64.8
-60.6
-53
-58.6
-49.6
-51
-48.2
-50.8
-51
-51.2
-48.2
-51.8
-49.6
-54.4
-58.6
-56.2
-52.4
-49.6
-50.2
-70.8
-53.4
-76.8
-48.6
-57.2
-57.4
-58
-51.8
-54.2
-54.6
-51
-57
-60.2
-47
-52.2
-58.4
-53.8
-49
-50.2
-53.2
-52.4
-109.6
-51
-52.4
-57.6
-49.6
-47
-66.8
-56.2
-49.4
-54.4
-50
-53.4
-54.2
-55.6
-50.6
-51
-54
-46.8
-53
-54.8
-49.4
-53
-49.2
-49.4
-53.2
-53.4
-48.4
-51.2
-48.6
-54.6
-50.2
-48.8
-51.2
-48.6
-52.4
-48.6
-53.4
-48
-68.4
-52.6
-56
-53.2
-52.8
-77.8
-53
-53.6
-67.4
-52.6
-53.6
-52.4
-53.2
-53
-55.4
-57.6
-52
-54.4
-48.6
-47.8
-59.4
-52.6
-50.4
-50.6
-50.2
-55
-51.2
-55.6
-56.6
-53
-56.8
-52
-54.2
-55.2
-45.8
-54
-52.2
-82.8
-48.8
-55.6
-104
-58.4
-52.2
-50.8
-53.8
-53.4
-74.8
-51.4
-51.4
-50
-59.2
-56.4
-51.8
-50.8
-48
-50.2
-53.4
-53.4
-49.6
-51
-52
-50
-53
-48
-54.4
-53.6
-59.2
-49.2
-53.4
-55.6
-55
-47.4
-50.2
-51.8
-50
-51
-79.4
-49.6
-55.6
-47.6
-50.4
-55
-72.6
-47
-77.2
-79.4
-52.4
-52.8
-51.4
-52.4
-53.2
-51.8
-47.8
-49.4
-81.8
-54.2
-49.2
-78.4
-53
-54.4
-55.2
-59.8
-50
-54
-53.6
-53.6
-52.8
-54
-48
-52.6
-49.6
-56.8
-49
-84
-56
-69.6
-52.4
-54
-49.4
-46
-55.2
-79.4
-68.4
-47.2
-59
-50
-65.8
-48.2
-56.8
-58
-49
-48.6
-49.2
-48
-54.4
-53.4
-55.8
-92.4
-50.2
-53.2
-74.6
-48.4
-47.2
-75.8
-51.6
-47.4
-74.8
-50.8
-49.8
-56.8
-55.4
-47.2
-115
-53.8
-51
-59.8
-47
-80
-49.6
-73.8
-50.4
-76.8
-48.6
-51.6
-52.6
-52
-117.2
-53.8
-138.6
-72.4
-51.8
-52.6
-52.6
-52.8
-77.4
-81
-82.2
-52.4
-49.2
-73.8
-46.4
-50.2
-47.6
-79
-55.4
-47
-49.8
-58.8
-52
-54.2
-123.6
-52.8
-51
-74.6
-77
-76.8
-50.8
-50.4
-53
-55.4
-47.8
-73
-109.6
-127
-48
-49.6
-51.2
-74.8
-81.4
-53.4
-53.8
-53.6
-57.2
-50.2
-56
-74.8
-57.2
-57.4
-62.4
-56
-48.4
-49
-51
-58.4
-55.6
-49.2
-58
-51
-46.6
-50.4
-55
-51.2
-53.8
-51.4
-49.2
-50.8
-50
-47.4
-54
-47.2
-52.6
-80.4
-56.2
-55
-49.8
-47.6
-52.4
-58.2
-53.4
-55
-56.6
-49
-53.4
-51.8
-52.8
-52.6
-49.4
-52.4
-55
-59.6
-51.4
-55.8
-70
-48.4
-52.4
-52.2
-51
-50.4
-49.4
-52.2
-48.6
-55.2
-50
-52.4
-51.4
-49.2
-50.2
-58.2
-47.8
-56.4
-54.8
-68.6
-49
-54.4
-59
-54.4
-56
-58.4
-55
-54.2
-54.6
-51
-56.2
-55.2
-48.4
-49
-55.6
-51.6
-49.6
-62
-50.4
-55
-54.4
-54
-48.6
-56.8
-71.4
-52.2
-68.4
-52.6
-69.4
-49.8
-53.4
-66.8
-54.8
-52.2
-47.8
-49.8
-53.4
-55
-52.6
-51
-50.4
-51.4
-48.6
-47.6
-52
-51.2
-47.4
-51
-54
-52
-56
-46.8
-56.2
-48.2
-50.8
-52
-53.2
-52.2
-57.6
-52.6
-47.4
-50
-56
-50.8
-54.8
-49.4
-49.2
-49.8
-69.4
-51.6
-51.4
-51.6
-49.4
-47.2
-54.8
-52.6
-46.4
-57.4
-78.6
-49.2
-46.6
-57.6
-49
-50.8
-65.2
-51.8
-77.6
-77.4
-52.2
-48.2
-52.6
-52.4
-53.4
-49.8
-50.8
-57
-57.4
-53.6
-48.6
-53
-48.8
-47
-55.4
-47.6
-52.2
-48.4
-55
-47.2
-56.4
-52
-54.6
-53.4
-53.4
-48.2
-50.4
-54.4
-50.6
-56.6
-53.6
-53.2
-48.4
-50.2
-53
-57.4
-72
-57.8
-50.8
-75.6
-50.4
-45.6
-51.4
-54.4
-55.8
-50.4
-55.6
-56.4
-52
-48
-52.2
-52
-54.4
-54.8
-51.2
-51.8
-57.2
-56.6
-54.2
-50
-52.2
-61.4
-50.4
-56.8
-47.4
-50.8
-54.4
-75.2
-74.8
-53
-53.2
-49.2
-56.8
-55.8
-51.4
-51.8
-51.6
-50.8
-49.6
-52.2
-53
-53.4
-48.6
-49.6
-50.6
-56.4
-50.2
-48.4
-48.6
-54.4
-51
-54.2
-50.6
-55
-56.4
-52.8
-50.6
-50.2
-51.4
-48
-56.6
-51.6
-49.4
-55.8
-46
-47
-55.6
-46.6
-49
-48
-52.2
-75.2
-49
-51.6
-53
-50
-47.8
-56.2
-53.6
-53
-51.4
-52.2
-56.6
-52.2
-60
-52
-52.4
-50
-50
-64
-53
-45.6
-53
-49
-53.4
-51.8
-47.6
-52.2
-56.8
-55
-54.8
-54.2
-50.4
-57
-47.6
-50.2
-52.4
-49
-51
-50.6
-50
-57.6
-54.6
-55.4
-50
-52.4
-56.4
-56
-49.4
-52.4
-50.8
-75.2
-50.4
-49
-52
-54
-52.6
-51
-52.8
-61.2
-49.8
-58.2
-47.6
-48
-52
-56.2
-51.6
-54.2
-52.6
-52.8
-54.4
-52.2
-57.2
-55
-51.4
-51
-46.2
-51.6
-54.6
-52.2
-72.6
-51.4
-54.2
-50.8
-56.8
-51.6
-50.8
-74
-56.8
-51.4
-50.6
-53.4
-68.8
-56.4
-51.6
-57.4
-54.6
-48.2
-56.6
-54.4
-50.6
-50.4
-46.6
-54.8
-55.6
-52
-55.2
-51.4
-50
-50.4
-77.2
-48.6
-54
-55.8
-47.6
-50.4
-50
-47.6
-56.8
-50.6
-59
-52.2
-54.6
-50.8
-49.6
-74
-49.8
-58
-56.6
-52
-70.8
-55.4
-55.4
-48.4
-52.6
-55.6
-52.4
-49.2
-51.8
-58.4
-74.6
-55.2
-53
-53.4
-53.4
-55.2
-53.4
-70.4
-53.4
-53.2
-47.6
-79.2
-56.8
-51
-48.2
-54.4
-52.6
-50.8
-50.6
-56
-51
-46.8
-49.6
-52
-52.2
-52.4
-57.6
-49.2
-51.6
-52.6
-48.4
-51
-51.8
-71
-57.4
-55.2
-56.4
-53.4
-54.4
-51.8
-54.4
-52.8
-54.2
-45.6
-73
-49.2
-50.2
-56.8
-55
-71.4
-51.6
-77.6
-49.8
-51.6
-51.6
-53.6
-47
-54.4
-71.8
-53.8
-51.2
-75
-51.6
-54.2
-50.6
-59
-52.4
-49.8
-51.2
-48
-56.4
-79
-80
-49.2
-53
-54.8
-51.8
-49.8
-50.8
-59.4
-49.4
-50.2
