agent: texplore
env: fuelworld
Environment is episodic.
set statesPerDim to 0 for all dim
feature 0 has range 20
feature 1 has range 30
feature 2 has range 61
reward range: 400
Parallel ETUCT tracking real state values
Planner using history size: 0
start parallel uct planning search thread
Start model learning thread
Created MultClass 0 with nModels: 5
Created C4.5 decision tree 0 with == and > splits
Created C4.5 decision tree 6 with == and > splits
Created C4.5 decision tree 12 with == and > splits
Created C4.5 decision tree 18 with == and > splits
Created C4.5 decision tree 24 with == and > splits
Created MultClass 3 with nModels: 5
Created C4.5 decision tree 3 with == and > splits
Created C4.5 decision tree 9 with == and > splits
Created C4.5 decision tree 15 with == and > splits
Created C4.5 decision tree 21 with == and > splits
Created C4.5 decision tree 27 with == and > splits
Created MultClass 4 with nModels: 5
Created C4.5 decision tree 4 with == and > splits
Created C4.5 decision tree 10 with == and > splits
Created C4.5 decision tree 16 with == and > splits
Created C4.5 decision tree 22 with == and > splits
Created C4.5 decision tree 28 with == and > splits
Created MultClass 1 with nModels: 5
Created C4.5 decision tree 1 with == and > splits
Created C4.5 decision tree 7 with == and > splits
Created C4.5 decision tree 13 with == and > splits
Created C4.5 decision tree 19 with == and > splits
Created C4.5 decision tree 25 with == and > splits
Created MultClass 2 with nModels: 5
Created C4.5 decision tree 2 with == and > splits
Created C4.5 decision tree 8 with == and > splits
Created C4.5 decision tree 14 with == and > splits
Created C4.5 decision tree 20 with == and > splits
Created C4.5 decision tree 26 with == and > splits
-417.8
-419
-419.8
-417
-417.8
-417.2
-419.4
-418.4
-419.8
-417
-417
-414.8
-511
-418.4
-417.8
-421
-417.4
-419
-417.4
-463
-421.8
-417.6
-422
-421.2
-423.6
-1255.8
-508.2
-419.2
-589
-559.6
-283.8
-418.2
-96.2
-548.8
-557.2
-548.2
-97.2
-532
-171.6
-459
-183.4
-93.6
-81.2
-136.2
-132.2
-140.2
-419.4
-94.8
-127.6
-418.2
-419.4
-420.4
-417.8
-541.4
-120.4
-419.8
-461
-419.2
-420
-419.8
-418.6
-420
-462
-418
-91.8
-417.2
-140
-84.6
-101
-420
-462.2
-500.2
-133.4
-191.2
-460.6
-464.2
-99.4
-554.8
-100.4
-59.2
-458.4
-135
-54.2
-110.4
-140.2
-95.2
-84
-55.4
-98.4
-465.8
-55.4
-61.2
-58.8
-98.8
-78
-56.8
-63.6
-97
-93.2
-59
-85.8
-133.6
-83
-58.2
-99.4
-51.4
-57.8
-48.4
-53.8
-61.8
-57.8
-61.4
-104.2
-106.6
-102
-103
-94.6
-75.8
-98.8
-52.8
-57.6
-49.4
-53.6
-58.8
-61
-54.4
-53.8
-51.6
-49.6
-54
-51.4
-77
-52.8
-51.2
-58.2
-57
-56.6
-50
-93.4
-73.2
-64.8
-48.6
-99.2
-59.2
-53
-50
-56
-93.4
-47.8
-53.2
-83.6
-53.2
-91.4
-46
-51
-53.2
-62
-51.4
-58.8
-456.4
-73.4
-462.8
-78.6
-51.6
-63
-50
-56.8
-49.6
-54.8
-51
-48.8
-57.6
-52.4
-92.2
-51.2
-49.8
-48.6
-50.6
-49.2
-58
-49.4
-52.6
-49.6
-52.6
-56
-49.4
-100.4
-50.2
-50
-53.2
-58.8
-54.4
-53
-53.6
-59
-48
-55.2
-54.4
-52
-60.4
-56.6
-50
-54
-73.2
-53.6
-84.2
-48.4
-52
-49
-52
-51.6
-56.6
-48.4
-46.6
-64.2
-57.2
-120.6
-51
-53.2
-56
-53
-54.8
-47.8
-47.2
-54.4
-55.2
-58
-53.6
-55.4
-93
-59.4
-55.4
-97
-60.6
-56.8
-51.2
-52.4
-60.6
-50.8
-57
-51.8
-51.6
-54.2
-57.2
-55.2
-54.8
-54.4
-50.6
-71.8
-57.4
-58.4
-53.2
-49.2
-49
-51
-58
-58.2
-72.8
-47.6
-51.2
-49.4
-57.2
-49.4
-56.2
-48
-51.6
-52
-48
-55.4
-58.6
-56.8
-54.2
-88.8
-47.8
-48.8
-51
-62.4
-52.8
-53
-52.4
-70
-51.4
-51.2
-57.4
-103.8
-45.6
-50.8
-55
-46.4
-47.8
-56.8
-79
-54.8
-46
-49
-53.4
-47.8
-50.4
-54
-48.6
-55.4
-50
-50.6
-50.6
-56.4
-52.4
-51.4
-55.2
-66.6
-52.4
-48.4
-51.4
-53.8
-50.2
-50
-51.8
-51.4
-60
-51.4
-49.4
-55
-52
-54.2
-58
-52.4
-76.6
-56.4
-51.8
-50.8
-71.2
-53.4
-56.6
-59
-50.2
-50.6
-55
-54.8
-56.4
-59.2
-84.6
-48.8
-57.6
-52.8
-50.6
-64
-48.6
-51.4
-49.6
-48
-71.2
-52.2
-47.6
-50.6
-50
-51.8
-66
-96.6
-51.2
-55.8
-48.4
-54.8
-54.6
-48.6
-55.6
-52
-52.4
-52
-95.4
-60
-48.6
-49.8
-58.2
-52.6
-59
-47.6
-51.8
-60.8
-50.2
-49
-58
-55.2
-53.8
-53.6
-58.2
-420.4
-49.6
-68.2
-49
-54.6
-51.2
-49.8
-53.2
-54.4
-62
-50.6
-54.4
-48.2
-48.6
-85.4
-58
-51.4
-47
-51.2
-50.2
-50.8
-54.2
-49.8
-58.2
-54
-52.8
-51.6
-98
-49.6
-48.2
-50
-56
-57.4
-54.6
-48.2
-46.8
-60.4
-48.2
-48.4
-49.8
-52.8
-73
-49.2
-57.8
-49.8
-46
-54.2
-47.4
-53.4
-48.8
-57.4
-57.4
-66.4
-55.8
-46
-49.4
-57.8
-52.6
-48.6
-46
-50.6
-66.2
-54
-58.2
-64.8
-74.6
-49
-49.8
-51.4
-55.8
-51.8
-55.2
-48.4
-52
-56.4
-50.4
-52.6
-51
-57
-52.2
-60.4
-49
-85.6
-57.4
-51.8
-58
-49
-47.8
-57.4
-53.4
-52.8
-51.4
-48.8
-52.8
-49.4
-50
-84.6
-49.6
-49.4
-55.8
-73.4
-50.4
-50
-54.4
-55.6
-54.4
-50
-52.4
-45.6
-51
-53.8
-50.6
-52.2
-54.4
-53.4
-55.2
-99
-50.2
-79.6
-51.2
-50.6
-53.4
-52.6
-50.8
-55.8
-56.2
-45.6
-55.2
-48.6
-56.6
-50
-47.8
-57.2
-55.8
-53
-96.2
-57.4
-54.2
-46.8
-50
-55.4
-57.8
-53.4
-50.2
-47.4
-50.2
-53.4
-53.2
-50
-53.8
-47.4
-49.6
-53.4
-56.2
-52
-48.2
-55.2
-52.4
-69.2
-50.2
-50
-56.2
-55
-49
-60
-51.8
-53.4
-57
-53.2
-52.8
-52
-50.4
-49.4
-53.6
-49.6
-55.4
-48.8
-47.6
-68
-55.8
-50.2
-53
-58.4
-52.8
-53
-48.2
-52.2
-52.2
-58.4
-50
-50.6
-55.4
-58.6
-54.2
-50.4
-47.6
-48.6
-50.8
-49.2
-48.6
-80.2
-55
-48.8
-50.6
-48.6
-54.2
-54.4
-51.8
-55
-94.2
-53.8
-50.8
-54.8
-60.6
-60.8
-51.4
-48.6
-50.4
-80.4
-60.4
-54
-52.8
-53
-53.6
-46.4
-75.4
-52.6
-54.8
-48.6
-80.2
-53.8
-52.6
-51
-54
-48.6
-49.6
-53.6
-49
-53.8
-53.2
-50.4
-59.6
-45.8
-46.8
-61
-47.6
-59.6
-50.2
-57.8
-51.6
-56.4
-50.8
-55.2
-100
-54
-53.2
-48.6
-49
-50
-48.4
-69.2
-50.8
-48.6
-108.2
-60.2
-56.8
-45.4
-57.8
-79
-57
-51.6
-51.4
-79.8
-50.4
-46
-50.4
-55
-51.4
-46.6
-50
-48.6
-59.4
-53
-52.6
-49.4
-55.4
-50.6
-58.4
-54
-53.4
-52.8
-49.4
-55.4
-55.8
-52
-47.8
-84.2
-69
-50.6
-47
-49.8
-56.8
-55.6
-51
-47.4
-49.2
-48.6
-52.4
-48.8
-69
-49.4
-51
-56.6
-56.2
-54.2
-49
-461.6
-50
-54.2
-50
-56.4
-54.4
-52
-49.4
-48.6
-77.2
-46.8
-48
-50.2
-53.6
-51.4
-50.4
-50
-56
-52.6
-59
-58.4
-56.2
-47.4
-45
-54.8
-50.6
-56.4
-54.6
-54.4
-52.2
-52
-47.8
-47.4
-56.4
-60.2
-49
-83.2
-59.4
-48.4
-45.6
-49.4
-50.2
-57.8
-51.6
-51.6
-54
-55.6
-54.4
-50
-51.6
-48.4
-48
-58
-50.4
-56
-46.8
-52.2
-56.8
-53.8
-56
-67.4
-51.8
-55
-52.4
-52.4
-48
-51.6
-45
-56.6
-51
-51.8
-49.4
-57.2
-49.8
-49.4
-57.2
-54.8
-45
-52
-50.2
-51.8
-54.4
-61.4
-52.6
-61
-57
-53.4
-48
-55
-55.4
-49.4
-50.6
-50.8
-55.6
-79
-51.6
-53
-51.6
-55.2
-54.2
-50
-54.2
-49.6
-52.4
-49.6
-54.2
-54.4
-50.8
-77.6
-57.2
-48.2
-54.6
-54.8
-49.8
-50.2
-49.8
-50
-59.8
-55
-62.8
-49.2
-46.4
-53.4
-48.2
-50.4
-57.2
-50.6
-49
-51.6
-51.8
-58.2
-50.6
-48.4
-51
-79.2
-49
-57.4
-58.6
-53.8
-50
-49.6
-59.4
-46.8
-48.6
-52
-48.4
-53.6
-51
-52.6
-51.8
-51
-49.4
-76.8
-47.4
-52
-53.8
-49.6
-58.2
-51.6
-84.4
-53.6
-58.2
-55.4
-76
-49.6
-58.8
-49.6
-47.6
-57.6
-49.4
-48.6
-53.8
-51.4
-51.2
-47.6
-55.2
-53.2
-48
-48
-79.8
-56.2
-51.2
-47.6
-51.6
-54
-51.6
-51.4
-52.8
-50.8
-55.8
-46.8
-56
-51.4
-50
-48.6
-56.8
-50
-51
-54.4
-55
-46.6
-53.8
-77.4
-54.4
-48.4
-53.6
-47.8
-56
-50.2
-46
-47.8
-57.8
-56.2
-54.2
-52.4
-49.8
-53.2
-52
-55.4
-60.6
-56.4
-57.6
-78.6
-51.8
-64
-51.4
-68.6
-56.4
-68
-46.8
-48.6
-53.2
-48.8
-54.4
-54.4
-53.6
-52.2
-50.6
-60.2
-71.2
-46.8
-53.2
-52.6
-51.8
-53.6
-52.2
-55.8
-62.8
-60.8
-50
-55.4
-60.8
-57.8
-52.8
-53.2
-51.8
-45
-58.2
-48.6
-55.4
-48
-53.4
-51.4
-48.2
-48.8
-58.6
-53.2
-54.8
-54
-57.4
-49.6
-57.6
-56.6
-49.4
-51.6
-57
-51.4
-60.8
-77.6
-53.8
-46.4
-52.6
-54.2
-52.8
-52.8
-56.8
-51.4
-50.6
-47.6
-51.2
-54.2
-51.8
-45.4
-55.6
-54
-49.4
-51
-53.6
-54
-51
