agent: texplore
env: asterix
Environment is episodic.
set statesPerDim to 0 for all dim
feature 0 has range 30
feature 1 has range 30
feature 2 has range 30
reward range: 1001
Parallel ETUCT tracking real state values
Planner using history size: 0
start parallel uct planning search thread
Start model learning thread
Created MultClass 0 with nModels: 5
Created C4.5 decision tree 0 with == and > splits
Created C4.5 decision tree 6 with == and > splits
Created C4.5 decision tree 12 with == and > splits
Created C4.5 decision tree 18 with == and > splits
Created C4.5 decision tree 24 with == and > splits
Created MultClass 3 with nModels: 5
Created C4.5 decision tree 3 with == and > splits
Created C4.5 decision tree 9 with == and > splits
Created C4.5 decision tree 15 with == and > splits
Created C4.5 decision tree 21 with == and > splits
Created C4.5 decision tree 27 with == and > splits
Created MultClass 4 with nModels: 5
Created C4.5 decision tree 4 with == and > splits
Created C4.5 decision tree 10 with == and > splits
Created C4.5 decision tree 16 with == and > splits
Created C4.5 decision tree 22 with == and > splits
Created C4.5 decision tree 28 with == and > splits
Created MultClass 1 with nModels: 5
Created C4.5 decision tree 1 with == and > splits
Created C4.5 decision tree 7 with == and > splits
Created C4.5 decision tree 13 with == and > splits
Created C4.5 decision tree 19 with == and > splits
Created C4.5 decision tree 25 with == and > splits
Created MultClass 2 with nModels: 5
Created C4.5 decision tree 2 with == and > splits
Created C4.5 decision tree 8 with == and > splits
-996
Created C4.5 decision tree 14 with == and > splits
Created C4.5 decision tree 20 with == and > splits
Created C4.5 decision tree 26 with == and > splits
-990
-996
-986
-995
-995
-996
-995
-992
-992
-996
-994
-983
-993
-992
-994
-994
-994
-995
-990
-995
-994
-995
-991
-995
-995
-983
-990
-992
-995
-996
-996
-995
-996
-991
-994
-985
-995
-991
-977
-991
-996
-992
-993
-996
-993
-995
-995
-992
-990
-992
-984
-990
-997
-992
-996
-992
-990
-939
-982
-996
-862
-995
-995
201
-868
-973
-985
-983
-995
-990
-939
-980
-952
-989
-994
-989
-994
-994
-989
-986
-973
-987
-986
-973
-986
-987
-986
-988
-986
-987
-989
-986
-989
-986
-989
-973
-989
-987
-989
-987
-989
-987
-987
-959
-987
201
-994
-994
-861
-945
-861
201
-961
-973
-961
201
-903
-955
-917
-956
-969
-945
-956
-973
201
-819
-982
201
201
-917
-945
-987
-980
-952
-924
-980
-805
201
201
-819
201
201
201
-805
201
201
201
201
201
201
201
201
201
201
-980
201
201
201
201
201
-852
201
201
201
201
201
201
201
201
201
201
201
201
201
201
201
201
201
201
201
201
201
201
201
201
201
201
201
201
201
201
201
201
201
201
201
201
201
201
201
201
201
201
201
201
201
201
201
201
201
201
201
201
201
201
201
201
201
201
201
201
201
201
201
201
201
201
201
201
201
201
201
201
201
201
201
201
201
201
201
201
201
201
201
201
201
-899
201
201
201
-899
-955
-955
-871
-927
-955
201
-815
-955
-955
-955
-955
201
201
201
201
201
201
201
201
201
201
201
201
-888
-804
201
201
201
-804
-916
-860
-916
201
201
-804
201
-860
-888
201
201
201
201
201
201
201
-844
-987
-987
-987
-987
-987
-987
-987
-987
-987
-987
-987
-987
-987
-987
-987
-987
-987
-987
-987
-987
-987
-987
-987
-987
-987
-987
-987
-987
-987
-987
-987
-987
-987
-987
-987
-987
-987
-987
-987
-987
-987
-987
-987
-987
-987
-987
-987
-987
-987
-987
-987
-987
-987
-987
-987
-987
-987
-987
-987
-987
-987
-987
-987
-987
-987
-987
-987
-987
-987
-987
-987
-987
-987
-987
-987
-987
-987
-987
-987
-987
-987
-987
-987
-987
-987
-987
-987
-987
-987
-987
-987
-987
-987
-987
-987
-987
-987
-987
-987
-987
-987
-987
-987
-987
-987
-987
-987
-987
-987
-987
-987
-987
-987
-987
-987
-987
-987
-987
-987
-987
-987
-987
-987
-987
-987
-987
-987
-987
-987
-987
-987
-987
-987
-987
-987
-987
-987
-987
-987
-987
-987
-987
-987
-987
-987
-987
-987
-987
-987
-987
-987
-987
-987
-987
-987
-987
-987
-987
-987
-987
-987
-987
-987
-987
-987
-987
-987
-987
-987
-987
-987
-987
-987
-987
-987
-987
-987
-973
201
-941
-972
-918
201
201
201
-916
-834
201
201
201
201
-918
201
201
201
-974
-980
-945
-986
201
201
201
-958
-986
-980
-986
201
201
201
201
201
201
201
201
201
-889
-972
-972
-972
-965
-994
-970
-993
-984
-993
-973
-993
-988
-988
-988
-988
-988
-988
-996
-971
-988
-988
-988
-988
-988
-988
-988
-988
-988
-988
-988
-973
-988
-988
-988
-988
-988
-988
-988
-988
-988
-988
-988
-988
-988
-988
-996
-988
-988
-988
-988
-988
-988
-988
-988
-988
-988
-988
-988
-988
-988
-988
-988
-988
-988
-988
-988
-988
-996
-996
-996
-996
-988
-988
-988
-996
-996
-988
-988
-988
-988
-988
-988
-988
-988
-988
-988
-988
-988
-988
-988
-988
-988
-988
-988
-988
-988
-988
-988
-988
-988
-988
-988
-988
-988
-988
-988
-988
-988
-988
-988
-988
-988
-988
-988
-988
-988
-988
-988
-988
-988
-988
-988
-988
-988
-988
-988
-988
-996
-996
-996
-996
-996
-996
-996
-996
-996
-996
-996
-996
-996
-996
-996
-996
-988
-988
-988
-988
-988
-988
-988
-988
-988
-988
-988
-988
-988
-988
-988
-988
-988
-988
-988
-988
-988
-988
-988
-996
-996
-996
-996
-996
-988
-988
-988
-988
-988
-996
-996
-996
-996
-988
-988
-996
-996
-996
-996
-996
-996
-988
-988
-988
-996
-988
-988
-988
-988
-988
-988
-988
-988
-988
-988
-988
-988
-988
-988
-988
-988
-988
-988
-988
-988
-988
-988
-988
-988
-988
-988
-988
-988
-988
-988
-988
-988
-988
-988
-988
-988
-988
-988
-988
-988
-988
-988
-988
-988
-988
-988
-996
-996
-996
-988
-996
-996
-988
-988
-996
-996
-996
-996
-996
-996
-996
-996
-996
-996
-996
-996
-996
-996
-996
-996
-996
-996
-996
-996
-996
-996
-996
-996
-996
-996
-996
-996
-996
-980
-987
-946
-987
-948
-890
-946
-918
-971
-946
-946
-890
-918
-918
-946
-969
-892
-834
201
-918
-862
201
201
201
201
-834
201
201
201
-892
-948
-948
-920
-948
-947
-988
-987
-987
-973
-973
-973
-973
-973
-973
-973
-923
-994
201
-973
-973
-973
-973
-973
-973
-973
-987
-987
-973
-973
-973
-973
-973
-973
-973
-973
-973
-973
-973
-973
-973
-973
-973
-973
-973
-973
-973
-973
-973
-973
-973
-973
-973
-973
-973
-973
-973
-973
-973
-973
-973
-973
-973
-973
-973
-973
-973
-973
-973
-973
-973
-973
-973
-973
-973
-973
-973
-973
-973
-973
-973
-973
-973
-973
-973
-973
-973
-973
-973
-973
-973
-973
-973
-973
-973
-973
-973
-973
-973
-973
-973
-973
-973
-973
-973
-973
-973
-973
-973
-973
-973
-973
-973
-973
-973
-973
-973
-973
-973
-973
-973
-973
-973
-973
-973
-946
201
201
201
201
201
201
201
201
201
201
201
201
201
201
201
201
-946
-946
-946
-918
-946
-918
201
201
201
201
201
201
201
201
201
201
201
201
201
201
201
201
201
201
201
201
201
201
201
201
201
-987
201
-946
201
201
201
201
201
201
