agent: texplore
env: fuelworld
Environment is episodic.
set statesPerDim to 0 for all dim
feature 0 has range 20
feature 1 has range 30
feature 2 has range 61
reward range: 400
Parallel ETUCT tracking real state values
Planner using history size: 0
Start model learning thread
start parallel uct planning search thread
Created MultClass 0 with nModels: 5
Created C4.5 decision tree 0 with == and > splits
Created C4.5 decision tree 6 with == and > splits
Created C4.5 decision tree 12 with == and > splits
Created C4.5 decision tree 18 with == and > splits
Created C4.5 decision tree 24 with == and > splits
Created MultClass 3 with nModels: 5
Created C4.5 decision tree 3 with == and > splits
Created C4.5 decision tree 9 with == and > splits
Created C4.5 decision tree 15 with == and > splits
Created C4.5 decision tree 21 with == and > splits
Created C4.5 decision tree 27 with == and > splits
Created MultClass 4 with nModels: 5
Created C4.5 decision tree 4 with == and > splits
Created C4.5 decision tree 10 with == and > splits
Created C4.5 decision tree 16 with == and > splits
Created C4.5 decision tree 22 with == and > splits
Created C4.5 decision tree 28 with == and > splits
Created MultClass 1 with nModels: 5
Created C4.5 decision tree 1 with == and > splits
Created C4.5 decision tree 7 with == and > splits
Created C4.5 decision tree 13 with == and > splits
Created C4.5 decision tree 19 with == and > splits
Created C4.5 decision tree 25 with == and > splits
Created MultClass 2 with nModels: 5
Created C4.5 decision tree 2 with == and > splits
Created C4.5 decision tree 8 with == and > splits
Created C4.5 decision tree 14 with == and > splits
Created C4.5 decision tree 20 with == and > splits
Created C4.5 decision tree 26 with == and > splits
-417.8
-417.8
-418.2
-417.4
-418.2
-417.2
-421
-823.6
-422.8
-419.2
-509
-422
-467.6
-422.4
-418.8
-417.6
-418.4
-547.4
-464.6
-418
-420
-418.6
-417.2
-629.8
-419
-506
-588
-419.8
-421.2
-416.4
-463.4
-499.2
-467
-460.4
-101.6
-95.2
-54.2
-510.6
-458.8
-627.6
-556.2
-54.2
-772.4
-128.4
-101.2
-94.6
-119
-49.2
-97.2
-93.4
-132.4
-90.8
-57.8
-107.4
-52.4
-508.8
-501.4
-95.4
-144.4
-624.4
-98
-91.6
-53.8
-509
-49.4
-127.4
-104.2
-83.6
-61.8
-55.6
-465.6
-86.4
-52.6
-58.8
-51.8
-59.2
-55
-86
-81.2
-80.8
-90.2
-50.8
-58.4
-127.8
-108.4
-53.6
-87.8
-53.2
-51.6
-80.6
-49.6
-81.4
-52.6
-56
-94.4
-52.4
-59.4
-111.6
-78
-90
-51.4
-56.2
-51.6
-51.4
-52.2
-53.4
-60.2
-60.2
-104.8
-53.4
-61.6
-51.6
-52.6
-64
-56.2
-57.6
-55
-464
-97.6
-77.2
-56.2
-57
-53
-54.6
-64.6
-57.2
-57.6
-53.4
-53.4
-54.8
-49.4
-55.6
-78.6
-59.8
-49.4
-54.8
-54.2
-51.6
-60.6
-90.8
-56
-47.4
-53
-48.6
-51.8
-55.6
-51.4
-51
-50.6
-54.2
-49.6
-57.6
-53.8
-75.6
-47.2
-54.8
-55.6
-57.4
-49.2
-99.4
-53.4
-54.8
-58.2
-51.4
-51.6
-51.4
-54.6
-57.8
-48.6
-50.8
-48.4
-54.4
-54.8
-58
-86.6
-51.2
-48.4
-53.6
-52
-51
-88.2
-54.6
-59.8
-51.6
-55.8
-56.2
-52
-55.6
-52.6
-48.6
-69.8
-58.4
-50.2
-52.8
-85.4
-54.8
-56.4
-52.4
-58.2
-55.6
-54.8
-50.4
-51.8
-52
-55.4
-56.8
-82.2
-54.2
-51.8
-55.4
-52
-46.8
-55
-46.2
-49.8
-54.6
-50.8
-47.4
-56.2
-51.8
-62.6
-56.6
-57.8
-51.8
-124
-50.4
-59
-74
-51.6
-48.6
-50.6
-53
-57.8
-50.4
-49.6
-53
-54.8
-59
-419.8
-51
-416.4
-89.6
-498
-56.8
-415.6
-52.6
-53.4
-51.4
-57.6
-52.2
-54.8
-52
-54.4
-55.6
-52
-77.6
-56
-60.6
-51.6
-54.4
-55.2
-50.4
-59.2
-61.2
-49.2
-58.6
-56.2
-74.2
-55
-50.8
-56.4
-53.6
-52.2
-49.6
-48.8
-54.6
-51.2
-48.6
-55
-51.8
-49.2
-56
-57.2
-52.6
-460
-128
-52
-56.6
-53.4
-59.8
-57.4
-59.4
-56
-51
-55.4
-51.2
-55.4
-462.2
-53.8
-51.8
-69.4
-48.6
-52
-47.2
-53.6
-53.4
-55.6
-58
-55
-72.6
-56.2
-51.4
-56
-48.8
-62.2
-54.6
-58.8
-69
-50.8
-53.8
-456.6
-48.6
-70
-55
-51.4
-50.2
-58.2
-71.8
-54.4
-47
-47.4
-92.4
-58.4
-60.2
-48
-53
-54.8
-50.6
-57.4
-50.6
-50
-51
-45.6
-47.6
-54.8
-50.8
-46
-56.4
-46.6
-54.2
-57
-51.8
-51.2
-55.8
-54.2
-48.6
-52.6
-54.6
-54.2
-56
-52.4
-48.8
-77.4
-85.8
-58.4
-47
-49.4
-50.6
-76.8
-48.8
-53
-54.2
-49
-54.2
-53.2
-49
-48.4
-53.4
-52.8
-52.6
-53.4
-49.4
-51.8
-58.4
-53.6
-417.6
-53.2
-57.6
-56.6
-59
-69
-58.2
-50.2
-60.2
-49.8
-51
-54
-46.2
-52.6
-52.4
-52.6
-48.6
-54.2
-49.2
-70
-53.6
-53.8
-53.8
-49.6
-54.8
-55.8
-48.6
-59
-51.2
-57.8
-52
-50.2
-51.4
-59.4
-72.4
-47.6
-49
-49.4
-51.8
-69
-50.4
-54.2
-50.2
-51
-54.8
-50.6
-54.6
-51.2
-56.2
-50.2
-55.2
-49.6
-51.8
-47.2
-55.8
-49.6
-86.2
-55.8
-47.6
-54.4
-55.4
-52.4
-51.6
-56.4
-50.6
-55.4
-47.6
-52.4
-54
-58.6
-56.2
-52
-71.2
-52.4
-53
-48.4
-56
-87.2
-52
-47.2
-46.6
-48.8
-55.6
-53.4
-54.4
-47.2
-52
-57.6
-48.8
-54.8
-46
-53.6
-57.2
-59
-63.8
-47.6
-60
-56.2
-82.4
-55.2
-80.4
-48
-51.6
-47.4
-50.8
-52
-51.6
-56.4
-145.4
-50
-55.4
-53
-60.4
-54.2
-48.8
-68
-52.6
-54
-50
-48.8
-58.6
-48.2
-51.4
-50
-53.6
-51
-49.4
-49.4
-56
-53.6
-56.2
-48.8
-53.2
-79.8
-47.6
-54.2
-75.2
-52
-56.2
-49.4
-50.2
-52.2
-75.6
-50
-50.6
-52.6
-52
-52
-54.2
-58.2
-53.6
-48.4
-49.8
-49.6
-55
-68.6
-52.2
-49.4
-50.2
-48.8
-48.2
-56.6
-49.2
-51.4
-49.4
-53.8
-55
-61.2
-82.6
-55.4
-54.4
-49.8
-49.4
-50.6
-61.8
-62.6
-55.8
-54.4
-72.8
-49
-48.2
-54
-56.2
-70
-53.6
-54.8
-53.4
-50.6
-52.4
-50.4
-48.4
-52
-53.8
-57.6
-50.2
-46.6
-58.2
-52.2
-56
-50.6
-54.8
-55
-48
-47.2
-55.8
-58
-57
-56.4
-72.2
-58.8
-55.6
-52.4
-54.6
-52.8
-57.4
-53
-53.8
-70
-49.4
-49.4
-50.8
-50.4
-51.4
-48.4
-47.8
-68.6
-56
-50.4
-47.6
-51.2
-55.8
-58
-50.6
-59.4
-58.4
-58.8
-55.2
-48.4
-52.6
-48.8
-103.6
-55.6
-69
-58
-53.8
-48.6
-52
-50.4
-75.4
-55.6
-50.6
-52.4
-49.4
-48.8
-47.2
-48.8
-50
-46.6
-54
-49
-50.8
-71.2
-46.4
-52.4
-50.8
-49.4
-49
-54.4
-54.2
-73
-54.6
-79.4
-49.6
-54.8
-49.2
-55.2
-72.2
-56.8
-98
-52.6
-47.8
-51.4
-54
-72
-52.8
-51
-56.2
-48.6
-51.4
-57
-49.4
-53.8
-53.2
-49.8
-73.8
-52.2
-61
-49
-51.6
-53
-52
-51.4
-46.6
-50
-47.6
-55.4
-47.8
-51
-54.8
-51.2
-47.6
-51
-53.8
-53
-48.2
-52.2
-46.8
-52.6
-78.2
-56
-52
-56.6
-50.4
-47.8
-44.4
-51.8
-52
-53.8
-49.4
-51.8
-76.4
-51.4
-53
-52.4
-48.4
-53
-55.8
-54.6
-74
-50.6
-67.8
-52
-52.6
-49.2
-50.6
-52.6
-54.8
-51.4
-53.4
-55.4
-47.8
-48.2
-47.8
-49
-50
-49.4
-59.2
-46.6
-54.6
-69.2
-52.4
-52
-58.4
-55
-49.2
-46.6
-54.2
-55.8
-59.6
-53.6
-50.4
-49
-49.2
-52.6
-51.6
-50.2
-62.4
-58.4
-50.2
-56.8
-56.6
-52.2
-48.6
-55.8
-50.6
-59.2
-60.4
-49
-61.4
-52.8
-56.4
-47.4
-54.6
-61.2
-46.2
-59.2
-53.6
-49.2
-49.8
-58.4
-46.2
-46.4
-50.4
-57.2
-50.6
-54.8
-51.2
-49
-50.6
-56.2
-46
-71
-52.2
-76.2
-51.8
-50
-60.4
-55.8
-54.4
-55
-49
-51
-50.6
-53.4
-53.2
-49.2
-51.6
-50.6
-56.4
-50.2
-54.8
-53.4
-53.4
-56
-48.2
-83.4
-56.2
-47.4
-52.2
-53.4
-51.2
-53
-51.6
-55.6
-54.4
-51
-49.2
-51.4
-50.2
-55.6
-49.2
-68
-49
-52.6
-50
-48.8
-56.2
-47
-49.4
-52.8
-53.2
-51.2
-56
-47
-54.6
-51.6
-69
-51.8
-45.4
-53
-55
-45.4
-48.8
-54.4
-50.4
-54.8
-50.8
-68.4
-58.2
-50.8
-53.2
-55.4
-79.2
-51
-53.2
-53.2
-49.8
-47.8
-50.8
-55.2
-47.8
-91.4
-55
-54.8
-48.2
-51.4
-58.2
-58.2
-54.8
-49.4
-48.8
-50.4
-48.8
-51.2
-51.4
-53.6
-54.4
-54.6
-52.8
-55
-53.8
-59.4
-52.4
-51.8
-48.2
-50
-49.2
-50.4
-49
-66
-45.8
-51.4
-57
-56
-46.6
-48.6
-67
-62.6
-81.8
-58.4
-55.2
-51.6
-53.6
-51.4
-51.4
-49.8
-51.4
-58.6
-49.6
-50.8
-48.6
-49.6
-56.4
-50.4
-55
-71.8
-55.2
-51.4
-69.6
-53.4
-50.4
-51.4
-47.4
-53.8
-52.4
-80.4
-50.4
-75.4
-77
-50.4
-51.8
-49.2
-54
-49.4
-52.2
-52
-50
-54.8
-46.2
-54
-48.6
-50.2
-50.8
-47
-52.8
-50.2
-53.4
-52
-59.6
-49.2
-50.8
-57
-55.6
-59.6
-52.2
-68
-51
-50.6
-48.8
-54.6
-66.2
-54.8
-51.8
-52.4
-52
-54.8
-52
-56.6
-54.8
-47.8
-48.8
-52.4
-80.6
-80.2
-49
-56.4
-47.6
-55.8
-51.4
-58.4
-55
-51.2
-53
-55.6
-58
