agent: texplore
env: fuelworld
Environment is episodic.
set statesPerDim to 0 for all dim
feature 0 has range 20
feature 1 has range 30
feature 2 has range 61
reward range: 400
Parallel ETUCT tracking real state values
Planner using history size: 0
Start model learning thread
start parallel uct planning search thread
Created MultClass 0 with nModels: 5
Created C4.5 decision tree 0 with == and > splits
Created C4.5 decision tree 6 with == and > splits
Created C4.5 decision tree 12 with == and > splits
Created C4.5 decision tree 18 with == and > splits
Created C4.5 decision tree 24 with == and > splits
Created MultClass 3 with nModels: 5
Created C4.5 decision tree 3 with == and > splits
Created C4.5 decision tree 9 with == and > splits
Created C4.5 decision tree 15 with == and > splits
Created C4.5 decision tree 21 with == and > splits
Created C4.5 decision tree 27 with == and > splits
Created MultClass 4 with nModels: 5
Created C4.5 decision tree 4 with == and > splits
Created C4.5 decision tree 10 with == and > splits
Created C4.5 decision tree 16 with == and > splits
Created C4.5 decision tree 22 with == and > splits
Created C4.5 decision tree 28 with == and > splits
Created MultClass 1 with nModels: 5
Created C4.5 decision tree 1 with == and > splits
Created C4.5 decision tree 7 with == and > splits
Created C4.5 decision tree 13 with == and > splits
Created C4.5 decision tree 19 with == and > splits
Created C4.5 decision tree 25 with == and > splits
Created MultClass 2 with nModels: 5
Created C4.5 decision tree 2 with == and > splits
Created C4.5 decision tree 8 with == and > splits
Created C4.5 decision tree 14 with == and > splits
Created C4.5 decision tree 20 with == and > splits
Created C4.5 decision tree 26 with == and > splits
-417.4
-419
-417
-416.6
-416.6
-417.2
-418.6
-417.6
-419
-417
-418.2
-416.4
-418.8
-418.4
-422
-420
-417.8
-547.6
-420.8
-418.8
-417.4
-419.2
-509.6
-417.4
-462
-418.6
-546
-61.4
-630.2
-585.4
-507.2
-466
-629.2
-501.4
-500.4
-638
-554.8
-512
-593.2
-549.2
-512.6
-468.4
-276.6
-260
-666.2
-645.6
-256
-118.8
-379
-328
-146
-93.2
-275.8
-81
-588.4
-99
-141.4
-61.4
-99.6
-94.8
-64.2
-215.6
-58.8
-48.4
-93.8
-83.8
-175.8
-87.2
-54.8
-94.8
-466.8
-52.2
-85.6
-100.2
-53.4
-54.6
-59
-139.4
-49.6
-61.4
-83.2
-50.4
-51.4
-61
-99
-46.8
-52.4
-100.2
-99.4
-50.8
-96.8
-63.8
-107
-54.8
-51
-54.8
-49.2
-50.6
-50.2
-51
-97.2
-52.6
-92.8
-59.2
-46.2
-91.6
-52.6
-51.4
-59.8
-51
-81.4
-56.8
-84.2
-79
-52.6
-55
-53.6
-54.4
-53.6
-52.4
-55
-74.6
-55.8
-53.6
-55
-55
-57
-56.6
-52
-56.6
-56.8
-56.8
-55.2
-51
-90.4
-75.8
-54
-52
-55
-50.2
-51.2
-50
-53.8
-49.4
-48.6
-61.8
-53
-55
-55.8
-56.2
-54.8
-421.2
-416.4
-419.8
-420.8
-67.6
-420.8
-416.8
-418.6
-420.2
-420.4
-49
-58.4
-70
-56.8
-48.4
-46.8
-50.8
-97.8
-57.2
-53.2
-59.2
-57
-68.6
-56.2
-55.2
-51.4
-52.8
-58.4
-58.2
-117
-56.8
-48.4
-48.6
-55.2
-66.4
-77.4
-53.8
-57.8
-54.2
-47.2
-52
-60
-91.2
-49.8
-47.8
-54.2
-56
-56
-48.8
-49.2
-47.6
-50.6
-53.8
-47.8
-56.2
-54
-54.8
-51.6
-57
-56
-53.2
-50.4
-50.8
-56.4
-47.2
-51.6
-57.6
-70.8
-51
-51.8
-49.2
-53.6
-57.6
-78.4
-57
-46
-57.2
-53.6
-58
-47.4
-51.2
-70.4
-53.6
-77.8
-49.2
-50
-48.6
-50.2
-52.8
-53.6
-55.8
-77.8
-54.8
-59.4
-51
-53.4
-49.8
-54.6
-60.4
-47.4
-51.6
-49.2
-49.8
-52.8
-55.8
-47.6
-54.8
-81.8
-59.6
-69.4
-54.6
-46.6
-51
-55.2
-52
-52
-53.4
-57.8
-60
-72.4
-67
-53
-58.8
-52.8
-52
-58.2
-49.8
-52.2
-57.4
-50
-50
-51.8
-53.6
-51.6
-56
-57.6
-50.4
-53
-50.6
-56
-55.8
-50.4
-73.8
-50.2
-55.2
-52.8
-58
-60.6
-52.4
-68.2
-47
-68.4
-83.2
-52.4
-47.4
-52.2
-52
-76.6
-48
-47
-79.6
-55.4
-80.8
-50.4
-58.4
-53.8
-54.6
-52.2
-50.2
-56.2
-58.2
-48.8
-54
-79.4
-49.8
-53.2
-53
-50.8
-63.2
-48.6
-55.4
-50.4
-56
-54.4
-57.2
-58.4
-56.2
-52.8
-50.4
-50
-50.4
-50.2
-50.6
-57.6
-51.4
-51.4
-48.6
-52.2
-49.4
-48.6
-56
-53
-50
-48.6
-60.4
-53.6
-53.6
-55.4
-57.4
-46
-54.8
-59.2
-47.4
-51.2
-49
-52.4
-52
-59.8
-53.4
-79
-48.2
-49
-50.2
-50.2
-49.8
-59.2
-54.2
-53.6
-53.4
-70.4
-57
-56.6
-59.6
-53.6
-49
-48.8
-46.8
-54
-55
-52
-52.4
-92.4
-49
-49.2
-54.4
-48
-54.6
-55
-50.8
-61.8
-53.8
-47
-54.6
-54
-57.8
-49.6
-49.4
-59.2
-48.4
-55.6
-52.4
-145
-51.6
-61.6
-48.6
-47.6
-61
-55.2
-55.8
-56.4
-47.4
-53.4
-52.4
-46.8
-50.8
-46
-52
-94.6
-48.4
-60.6
-50.4
-57.8
-51.2
-50.4
-54.4
-60.6
-56.8
-55.4
-52.4
-50
-57
-54.4
-52
-52.2
-55.2
-53.4
-54
-72.8
-54.2
-50.6
-49.2
-53.4
-46.8
-50.4
-56.8
-60.8
-54.2
-53.2
-54.2
-93.4
-70
-54.4
-52.6
-49.8
-49
-48.6
-57.2
-55.6
-54
-56.6
-54.2
-51.8
-52
-77.4
-54.6
-59
-53.8
-54
-52
-54.2
-50.2
-54.4
-50.6
-46.6
-52.6
-53.2
-51.2
-59.2
-49
-62.2
-57.2
-53.4
-54.4
-71
-52
-51.8
-54.8
-84.8
-54.4
-59.8
-55.8
-50.8
-56.4
-47.4
-53.8
-48.4
-57.2
-57.2
-55.8
-57.6
-59.8
-55.2
-54
-44
-55.4
-49
-76
-55.4
-49.4
-58
-52.4
-53.4
-52
-47.2
-49.4
-56.2
-54.4
-51
-53.8
-54.6
-72.8
-50
-50.2
-56.4
-48.8
-50.6
-54.8
-49.2
-54.4
-52
-55.6
-49.6
-51.2
-55.8
-56
-52.8
-51.2
-48.8
-50.8
-49.4
-75.8
-48.8
-54.4
-56
-53.4
-53.2
-52.4
-51
-47.8
-49.6
-61.8
-59.8
-68.8
-52
-52.8
-48.4
-53.8
-57.2
-50.8
-57.4
-58.6
-57.4
-51.2
-49.4
-53.8
-56
-55
-54.6
-419.6
-50.4
-47
-56.4
-50.8
-55.6
-49
-51.6
-47.8
-57.2
-73.6
-46
-49.4
-74.8
-54.4
-50.2
-57
-47
-49.4
-58.8
-81.6
-57
-68
-58.6
-56.2
-55.4
-56.8
-48.8
-77.2
-56
-61.2
-55
-50.4
-50.2
-93
-50.6
-61.6
-92.4
-52.8
-59.4
-51
-54.6
-49.4
-52.6
-49.8
-51.8
-48.2
-50.4
-59.4
-49
-52.4
-70
-58.2
-52.8
-58.2
-51.2
-54.8
-48.8
-54.4
-55
-95.8
-53
-54.4
-53.8
-58.2
-54.4
-52.8
-51.8
-50.6
-51.6
-58.2
-48.8
-49.6
-52.8
-47.2
-48.6
-54.6
-49.2
-49.2
-68.2
-55.8
-51
-56.2
-53.8
-53.6
-50.8
-53.6
-51.6
-57.2
-54.4
-49.2
-50.4
-50.2
-48.8
-56.6
-47.4
-48.4
-51
-49.8
-52.4
-53.4
-54.2
-51.2
-51.8
-57.2
-52.8
-48
-51.2
-53
-53.8
-49
-71.6
-58.6
-55.8
-51.4
-47.4
-52
-46.2
-54.2
-67
-55.2
-50.8
-52.6
-53.8
-52.4
-53.8
-72.4
-54.6
-54.6
-48
-58.4
-51.4
-54.6
-56.4
-50.4
-49.8
-69.4
-50.4
-46.2
-55.6
-52.6
-46.8
-70.2
-55.6
-50.4
-55
-50.6
-51.4
-48.8
-47.8
-52.2
-51.8
-51
-54
-50.6
-49.4
-51.6
-55.6
-53.6
-53.4
-52
-51
-50.6
-54.8
-48.6
-52.8
-53.6
-51.6
-53.2
-52.8
-53.4
-55.6
-53.2
-52
-50
-52.6
-58.8
-53.6
-50
-56.8
-60.6
-48
-45.4
-51
-53
-47.2
-52.6
-55.2
-56.8
-67.6
-53.4
-419.4
-55.6
-52.8
-51.4
-49.4
-57.2
-46
-58.4
-51.2
-53.8
-53.4
-53
-79.8
-48.6
-60.2
-57.8
-48.8
-58
-47.8
-47.2
-56
-48.6
-54.6
-56.2
-45.6
-51.8
-55.8
-50.8
-49.4
-46.8
-47.8
-57.2
-54.2
-58.4
-59.8
-50.6
-48.2
-52.4
-59.2
-50.4
-52.8
-54
-53.2
-51.4
-53.4
-70.6
-50.4
-52.4
-54.2
-54.8
-48
-55.4
-48.8
-53.8
-46.6
-54.2
-56.8
-51.4
-51.8
-47.4
-56.2
-53.4
-76.2
-50
-52.2
-52
-51.8
-46.4
-51
-55.6
-55
-53.4
-52.4
-50.2
-49.4
-47.6
-49.4
-53.2
-55.8
-47.8
-51.4
-50.8
-52
-51.8
-53.8
-53.8
-47.4
-68.8
-48.6
-57
-53
-55.2
-52.4
-47.8
-54.6
-53.8
-56.2
-49
-51
-46
-72.6
-51
-46.4
-50.4
-54.4
-76.6
-61
-51.2
-57.4
-46
-52.8
-47.6
-44
-53.8
-47
-52.6
-60
-48.8
-55.2
-52.2
-49.2
-52.6
-55.8
-54
-51.2
-51.4
-50
-50.4
-48
-57.8
-55
-49
-59.6
-54.2
-54.4
-62.8
-49.4
-51
-50.6
-54.6
-50
-45.2
-68.6
-60
-56.8
-48.8
-51.4
-50.8
-60
-56.6
-57.8
-51.6
-53.2
-52.8
-47.4
-47
-49
-57.8
-48.8
-47.4
-54.6
-80.6
-47.8
-46.2
-47
-64
-51.6
-58.6
-57.4
-57
-56.6
-50.6
-53.6
-48
-49.4
-54.4
-52.6
-52.8
-48
-47
-51.4
-55.4
-51
-55.8
-56.4
-47.2
-53.4
-65.4
-52.4
-48.6
-77.6
-51.4
-53.2
-47.4
-51.8
-48.2
-56.6
-52.4
-49.6
-49.4
-48.4
-56.2
-58.4
-49.6
-57
-48.2
-46.6
-52.8
-54
-48
-47.8
-58.8
-51.4
-47.8
-51
-54.8
-49.2
-49
-49.4
-47.6
-53.8
-49.8
-48.4
-47
-59.2
-50.8
-48.4
-56.4
-77.8
-49.4
