agent: texplore
env: fuelworld
Environment is episodic.
set statesPerDim to 0 for all dim
feature 0 has range 20
feature 1 has range 30
feature 2 has range 61
reward range: 400
Parallel ETUCT tracking real state values
Planner using history size: 0
Start model learning thread
Created MultClass 0 with nModels: 5
start parallel uct planning search thread
Created C4.5 decision tree 0 with == and > splits
Created C4.5 decision tree 6 with == and > splits
Created C4.5 decision tree 12 with == and > splits
Created C4.5 decision tree 18 with == and > splits
Created C4.5 decision tree 24 with == and > splits
Created MultClass 3 with nModels: 5
Created C4.5 decision tree 3 with == and > splits
Created C4.5 decision tree 9 with == and > splits
Created C4.5 decision tree 15 with == and > splits
Created C4.5 decision tree 21 with == and > splits
Created C4.5 decision tree 27 with == and > splits
Created MultClass 4 with nModels: 5
Created C4.5 decision tree 4 with == and > splits
Created C4.5 decision tree 10 with == and > splits
Created C4.5 decision tree 16 with == and > splits
Created C4.5 decision tree 22 with == and > splits
Created C4.5 decision tree 28 with == and > splits
Created MultClass 1 with nModels: 5
Created C4.5 decision tree 1 with == and > splits
Created C4.5 decision tree 7 with == and > splits
Created C4.5 decision tree 13 with == and > splits
Created C4.5 decision tree 19 with == and > splits
Created C4.5 decision tree 25 with == and > splits
Created MultClass 2 with nModels: 5
Created C4.5 decision tree 2 with == and > splits
Created C4.5 decision tree 8 with == and > splits
Created C4.5 decision tree 14 with == and > splits
Created C4.5 decision tree 20 with == and > splits
Created C4.5 decision tree 26 with == and > splits
-417
-417.8
-418.2
-417.4
-418.2
-417.2
-834.8
-419.2
-417.2
-421.4
-418.4
-420.4
-420.8
-420.8
-419.4
-258.8
-844
-419.8
-420.4
-501
-538
-420
-505.8
-417.4
-416
-551.6
-552.2
-545.2
-95.2
-773.8
-582.8
-688.6
-556
-510.2
-103
-101
-545.2
-337.8
-233
-128.6
-96.4
-256.6
-88.4
-83.8
-101.2
-165.8
-417.6
-163.4
-149.8
-133.8
-104
-138.2
-94.6
-100.2
-219
-55
-184.6
-506.8
-419.2
-419.8
-419.6
-420.4
-422.8
-418.2
-421.6
-421
-416.8
-415.2
-421.6
-418.8
-417.6
-416.4
-418.8
-421.2
-420.4
-418
-416.8
-420.2
-421.8
-421.8
-418.8
-420.2
-422.8
-418.8
-419.6
-422
-417.6
-418.8
-418.6
-416.8
-99.8
-50.8
-417.4
-143.2
-422
-52
-56
-457.8
-103.4
-96
-52.4
-99
-52.2
-48.4
-135
-62.4
-53
-146.8
-89.4
-99.4
-54.4
-58.4
-79.6
-103.2
-58.2
-57
-88.4
-52.8
-54.4
-52.8
-56.8
-52.8
-55.2
-101.8
-55.4
-56.2
-53.2
-51
-47.4
-49.2
-53.6
-93.2
-84.8
-50.8
-97.8
-58.4
-52.4
-103
-74.8
-51.2
-59.6
-102.2
-55.8
-53.6
-87.2
-71.8
-54.4
-51
-54
-49.8
-511
-61.2
-58.2
-48.4
-81.8
-51
-60
-49
-101.8
-55.2
-59
-48
-49.6
-55
-51.2
-52.6
-50.4
-51.8
-69.4
-47.6
-53
-53
-52
-56.8
-53.4
-61.6
-54.2
-55.6
-55
-54.6
-85.6
-52.6
-52.8
-51
-55
-49.4
-56
-56.4
-51.6
-55.6
-53.6
-48.4
-50.6
-50.2
-53.8
-56.6
-52.2
-49.8
-53.4
-48.6
-51.4
-49.8
-52.6
-47.6
-49.8
-50.6
-56.6
-55
-56.4
-57.2
-53.2
-54.8
-49
-52.6
-52.2
-54.6
-112.2
-48
-56.8
-55
-50.8
-47.2
-50
-55
-50
-55.8
-56.8
-53.2
-73.2
-53.4
-79.6
-49.4
-55.4
-53.2
-57.4
-49.2
-48.6
-53.4
-55.4
-68
-47.8
-49
-50.6
-51.6
-60.4
-54.2
-60.2
-53.4
-54.8
-57.8
-51.2
-51.8
-48.6
-49.6
-50.6
-48.6
-54.8
-49.6
-54.4
-48.8
-50.8
-49.6
-78
-48.4
-51.2
-59.8
-49.4
-50.4
-50.4
-52.4
-50
-53.2
-69.6
-68.8
-51.4
-49.2
-51.4
-47.8
-52
-53.2
-50.4
-54.6
-59
-73.2
-80
-46.2
-82.8
-51.6
-53
-70.2
-52.2
-51.6
-48
-49
-47.8
-53
-52.2
-51
-49
-48.8
-77.4
-48.4
-52.2
-53
-82.2
-50.2
-50.8
-57
-48.8
-55.6
-52.8
-51
-53.2
-54.8
-48.6
-51.2
-48.8
-47
-54.2
-93
-72.4
-46.8
-48.4
-47.4
-56.8
-52.4
-80.6
-49.4
-83.4
-51.6
-48.2
-50.4
-54.4
-80.8
-48.6
-51.8
-50.4
-54
-49
-53.6
-54
-57
-50
-47.8
-53.4
-54.2
-88.2
-52.4
-53.6
-58.4
-59.8
-47.8
-48.2
-47
-51.6
-56.8
-51.4
-50.4
-47
-54.8
-54.4
-51.4
-55.8
-49.4
-51.8
-53.2
-51.6
-52.8
-52
-56.6
-47.2
-51.4
-48.6
-48.8
-55.4
-58.6
-55.2
-54.6
-48.2
-56
-54.2
-49.6
-50.4
-47
-48.6
-56.6
-67.4
-50
-51
-48.6
-69.2
-62
-55.8
-48.6
-56.8
-49.6
-50.6
-53.4
-49.8
-52.2
-52.8
-50.8
-49.8
-50.6
-88.4
-50
-50.2
-82.6
-54.4
-51.2
-53.4
-54.2
-53.4
-48
-49.6
-50.6
-54.4
-54.4
-49
-47.2
-51.8
-54.6
-57.6
-49.4
-49.4
-47
-48
-49
-50.2
-51.4
-51.2
-73.6
-54
-53.4
-53.2
-55
-53
-56.8
-46.4
-52
-57.6
-78.8
-55
-51.4
-46
-60
-50.6
-49.2
-49.2
-49
-53.6
-68
-49.6
-50
-52.2
-56.4
-71.2
-55
-51.8
-49.6
-57.2
-47.4
-51.4
-55.4
-48
-53.2
-53
-79
-45.4
-52.6
-51.2
-52.4
-49.2
-52.8
-49.4
-48.2
-56
-57.4
-53.4
-59.4
-54
-49.6
-47.6
-50
-48.6
-46.8
-49.6
-45.6
-49.2
-54.8
-52
-52
-50.8
-49.2
-52.6
-49.8
-53.4
-54.2
-55
-49
-55.2
-57
-49
-52.6
-56.2
-55.2
-56
-57
-51.6
-50
-49.8
-53.6
-52
-51.2
-51.8
-52
-50.6
-51.8
-60
-58.6
-52.8
-49.2
-56.4
-51.4
-55
-50.4
-48.2
-53.6
-49.8
-58.6
-53.8
-52.4
-57.4
-55.6
-54
-55
-51.4
-51
-49.4
-54.4
-49.6
-55
-50.4
-54.4
-50
-56.2
-54
-49.2
-51
-49.2
-54.4
-49.2
-77
-51.2
-50.4
-53
-46.8
-47.8
-49.4
-54.2
-49.8
-49.4
-59.4
-54.6
-50.2
-49.8
-47
-57.4
-81.6
-51.4
-52.8
-49.6
-47.6
-53.2
-51.6
-49.6
-53.8
-51.6
-50
-51.4
-50
-54.6
-53.6
-75
-56.6
-55
-76.4
-51
-50.4
-54.4
-49.6
-47
-50.4
-49.8
-57.6
-53.6
-49.8
-48.6
-53.4
-54.2
-52.6
-74.4
-56.6
-49.6
-46.6
-49.2
-78.2
-49
-53
-50.8
-52.4
-461.2
-74.8
-55
-53.4
-55.4
-48.8
-54
-56
-55.8
-54.2
-72.8
-50.6
-50.4
-53.4
-50
-53.8
-53.2
-55.2
-52.4
-48
-54.2
-54
-50.6
-58.4
-51.6
-54.8
-55.6
-50.2
-57.4
-51
-52.4
-55.8
-48
-53.2
-52.2
-52
-47.2
-49
-80
-50.6
-48.2
-54.8
-78
-48.4
-51.6
-54.8
-57.4
-55.4
-54
-49.4
-50
-50.8
-47.6
-53.2
-48
-49.6
-52.2
-53.6
-47.6
-50.6
-51.6
-50.4
-50.6
-55.6
-56.4
-52.6
-53.2
-53.6
-64.4
-75.2
-48
-56
-47.6
-57.6
-51.4
-55
-53.2
-53
-51.8
-71.2
-50
-51.4
-53.6
-49
-48.8
-50.8
-50.6
-50.2
-53.8
-48.6
-53.8
-57
-53.4
-50.4
-51.8
-55.4
-57.4
-51.8
-55.8
-52.2
-46.4
-48
-50.2
-49.8
-73.2
-45.6
-50.2
-52.4
-49.8
-75.4
-57.4
-100.4
-49.8
-51.2
-50.6
-53.8
-73.2
-55
-55.6
-51.4
-49.6
-74
-80.2
-47.6
-51.2
-50.6
-51.8
-53.6
-54.4
-58.4
-53.2
-56.8
-53.4
-49.4
-48.6
-50.4
-52.6
-48.6
-50.8
-70.6
-47.2
-58.2
-51.4
-52.2
-53
-47.4
-52.4
-52.4
-52.2
-48.6
-58.6
-58.6
-75.2
-73.4
-77.4
-55.4
-46.8
-54.8
-49
-52.8
-50
-59.2
-51
-54.8
-56.6
-52
-56.2
-51.4
-72.6
-54.4
-57.2
-53.2
-51
-48.4
-50.8
-48
-49.2
-48.4
-50.4
-48.4
-51.2
-49.8
-56
-53.2
-51.8
-49.4
-50.6
-53.2
-54.2
-47.4
-51
-48.2
-52
-51.4
-82.2
-70.6
-52
-50
-49.8
-52.8
-54.2
-50.2
-52.6
-49.4
-49.6
-51.6
-48.4
-49.4
-53.2
-52.6
-49.8
-58.4
-56
-50
-54.4
-53.2
-44
-48.2
-48.4
-52.6
-72.6
-47.4
-52.4
-48.8
-52.6
-50.8
-51.4
-51
-57
-56.4
-52.8
-54
-50
-54.4
-53.8
-52.4
-51
-50.2
-48.8
-49.8
-49
-51.6
-52.8
-49.6
-50.8
-71.8
-54
-53.2
-53.8
-49.8
-49
-50.6
-49.8
-51
-72.4
-61.8
-53
-49
-50.8
-77
-54.2
-49.8
-52.2
-49.6
-45.4
-48.4
-50.8
-51.4
-49.4
-57
-56.8
-53.6
-53.4
-49
-48.8
-53.2
-46
-47.8
-49
-47.4
-52
-54.6
-57.2
-47.6
-46.8
-57
-70.4
-49.6
-52.4
-48.6
-48.6
-51.6
-55.8
-60.6
-46.2
-49
-47
-50
-57.6
-75.6
-52
-70.8
-50.8
-59.8
-52.2
-52
-48.6
-49.6
-51.6
-74.2
-53.4
-52.4
-51
-49.8
-49.4
-54
-51
-50
-71
-52.8
-57.8
-52.2
-50
-53.4
-73.2
-49.4
-52.2
-48.6
-55.4
-49
-54.4
-54
-54.6
-50.6
-50.2
-52.6
-46.6
-53.4
-48.8
-54.2
-47.4
-55.8
-51.8
-56.2
-48.2
-53.4
-73.4
-51.8
-54.8
-50.4
-82.2
-46.6
-49.6
-50
-51.6
-55
-50.6
-54.4
-50.2
-52.6
-51
-50.4
-57.4
-51
-49.8
-50.4
-53.6
-70.6
-49.6
-52.4
-51.6
-60.2
-50.8
-45.6
-55.2
-50.6
-50.6
-52.6
-47.2
-52.8
-51.4
-47.4
-63
-52
-51.2
-50.8
-77.6
-47.2
-52.8
