agent: texplore
env: fuelworld
Environment is episodic.
set statesPerDim to 0 for all dim
feature 0 has range 20
feature 1 has range 30
feature 2 has range 61
reward range: 400
Parallel ETUCT tracking real state values
Planner using history size: 0
start parallel uct planning search thread
Start model learning thread
Created MultClass 0 with nModels: 5
Created C4.5 decision tree 0 with == and > splits
Created C4.5 decision tree 6 with == and > splits
Created C4.5 decision tree 12 with == and > splits
Created C4.5 decision tree 18 with == and > splits
Created C4.5 decision tree 24 with == and > splits
Created MultClass 3 with nModels: 5
Created C4.5 decision tree 3 with == and > splits
Created C4.5 decision tree 9 with == and > splits
Created C4.5 decision tree 15 with == and > splits
Created C4.5 decision tree 21 with == and > splits
Created C4.5 decision tree 27 with == and > splits
Created MultClass 4 with nModels: 5
Created C4.5 decision tree 4 with == and > splits
Created C4.5 decision tree 10 with == and > splits
Created C4.5 decision tree 16 with == and > splits
Created C4.5 decision tree 22 with == and > splits
Created C4.5 decision tree 28 with == and > splits
Created MultClass 1 with nModels: 5
Created C4.5 decision tree 1 with == and > splits
Created C4.5 decision tree 7 with == and > splits
Created C4.5 decision tree 13 with == and > splits
Created C4.5 decision tree 19 with == and > splits
Created C4.5 decision tree 25 with == and > splits
Created MultClass 2 with nModels: 5
Created C4.5 decision tree 2 with == and > splits
Created C4.5 decision tree 8 with == and > splits
Created C4.5 decision tree 14 with == and > splits
Created C4.5 decision tree 20 with == and > splits
Created C4.5 decision tree 26 with == and > splits
-417.8
-419
-418.2
-418.6
-419
-416
-917.8
-421.2
-419.8
-416.4
-512.4
-421.4
-418.4
-617.2
-554.2
-418.8
-421
-416.8
-419.2
-543.2
-658
-806.2
-499.6
-503.6
-464.6
-650.2
-465
-463.6
-599.2
-502.4
-2178.2
-2150.8
-2172.41
-783.001
-2217.2
-575.2
-525.8
-195.8
-152.4
-152.2
-137
-206.2
-113.2
-154.4
-83.8
-106.2
-87.6
-72.4
-70.6
-161.6
-79.2
-75.6
-177.6
-137
-138
-73.6
-74
-47.4
-182.8
-59.8
-52.8
-49
-55.4
-46.4
-57.6
-75
-49.8
-174.6
-48.6
-91
-419.4
-416
-419.8
-418.8
-419.6
-416.6
-417
-420.4
-419.4
-416.8
-419.8
-421.6
-421.6
-418
-419.4
-419.6
-416
-420.8
-419
-419.2
-417.8
-419.4
-417.4
-417.8
-417.4
-464.8
-420
-419.4
-138.2
-417.6
-420.2
-420.8
-466
-90.4
-421.4
-419.6
-122.4
-465.4
-55
-77.4
-73.8
-54
-48.6
-57.4
-70.6
-51.6
-54
-75.2
-57.6
-59.2
-54.8
-54
-51.2
-51
-50.4
-56
-53
-51.8
-82
-52.4
-51
-51
-50.8
-49.2
-59.6
-50
-51.8
-47.8
-47.4
-53
-53.4
-50.8
-51.4
-54.6
-70
-57.6
-67.8
-50.6
-50.4
-51
-53.2
-82.4
-53.8
-49.6
-55.6
-50.8
-78.2
-54.4
-57.6
-69
-51.2
-78
-48.4
-52.2
-48.4
-50.2
-52.4
-47.6
-51.6
-53.4
-55.6
-51.6
-52.4
-51.4
-86.2
-51.6
-55
-52.2
-49.2
-50
-53.6
-48.4
-52.4
-48
-50.6
-56.6
-51.2
-52.8
-54.2
-49
-49.8
-52.4
-47.6
-56.8
-53.2
-51.6
-69.4
-56.8
-54.6
-51.4
-51.8
-75.8
-51
-57.2
-54.6
-47.2
-52
-50.4
-50.6
-49.8
-52.2
-77
-49.2
-57.2
-48.6
-78.8
-51.2
-56.2
-54.6
-53.4
-55.4
-54.6
-45.8
-49.4
-49.6
-51.6
-48.8
-53.8
-57.4
-52.4
-49.6
-52.2
-47
-51
-52.4
-51.8
-53.6
-53.6
-55.4
-46.2
-50.8
-50.8
-51
-48.4
-51.2
-48
-49.4
-51.2
-48.4
-49.8
-56.4
-48.4
-56.4
-47.6
-51.4
-49.8
-45.2
-57.6
-51.2
-49.4
-50
-46.6
-51.2
-54.6
-53.6
-50.4
-55
-55.8
-54.8
-47.6
-54.2
-55.6
-51.8
-47
-46
-53.2
-54.2
-54.4
-59.2
-50.2
-72.2
-46.4
-51
-49.6
-55.6
-57.6
-59
-54.2
-55
-51.6
-62
-50
-56.4
-59
-48.6
-52.4
-69.6
-50.2
-71
-53.6
-51.6
-47.6
-49.6
-60.8
-52.6
-50.6
-51.2
-50.2
-47.8
-47.6
-51.4
-56.6
-54.4
-77.2
-50
-53.2
-47.4
-51.8
-52.6
-54.6
-53.4
-56
-51.4
-55.8
-53.2
-60.4
-62
-58
-61.8
-50
-78.6
-52
-49.4
-49.6
-62.2
-57
-57.4
-51.6
-55.4
-50
-55.4
-50.4
-52.2
-53.4
-50.6
-51.2
-56.8
-54.6
-53
-51.4
-52
-50.4
-53.8
-55
-55.8
-54.4
-53.6
-53.8
-55.8
-50.4
-52.6
-52
-48.6
-77
-53.8
-55
-49.8
-56.2
-51.6
-54
-53.8
-48.4
-55.8
-49.4
-52.2
-50.6
-49.2
-50
-52.4
-50.6
-59.6
-53.6
-50.8
-51.8
-49.4
-56.2
-55.8
-52.8
-53.8
-51
-75.2
-51
-50.8
-48.4
-51.8
-467.2
-52.8
-49.8
-52.4
-48.8
-57
-52.8
-45.6
-49.8
-53.4
-84.4
-51.6
-49.4
-52.4
-51.6
-52.2
-51.2
-54.2
-49.6
-48
-50.8
-93.2
-55.4
-51
-56.6
-50
-53
-57.2
-54.2
-51.8
-59
-45.8
-94.4
-53.4
-55.2
-53.8
-47
-50
-55.8
-55.8
-58
-90.4
-51.8
-54.2
-57.8
-50.8
-48.2
-51.4
-49
-52
-54.6
-58.4
-58.6
-71.6
-50.2
-57.2
-50.2
-49.8
-53.2
-47.8
-52.2
-52.4
-48.8
-51.4
-57.2
-52.2
-47.6
-48.6
-56.4
-51.4
-50
-48.6
-54.6
-52.8
-52.4
-51.8
-51.8
-55.2
-56.2
-53.4
-56.2
-56
-58
-69.8
-49.6
-78.8
-51
-51.8
-56
-50.6
-49.4
-50.4
-53.4
-463.2
-55
-54.6
-49
-51
-50.2
-57
-53.2
-49.8
-53.6
-61.6
-46.2
-56.4
-48.4
-51.6
-58.2
-53.4
-55.8
-48
-74.8
-464.8
-49.2
-53
-48.6
-74.8
-55.4
-53.4
-52.4
-47.8
-48.4
-48.2
-52.8
-55.6
-51.2
-49.6
-57
-52
-80.4
-48.2
-47.2
-73.4
-67.8
-55.6
-48.6
-49.8
-69.8
-57.2
-56.6
-49
-48.2
-54
-57.4
-51.6
-52.8
-52.8
-51.4
-49
-54.8
-55
-54
-50.4
-63.4
-49.6
-57.6
-70.4
-51.4
-53.4
-49
-50
-56.8
-59.4
-68
-50
-72.4
-47.4
-47.4
-54.8
-48
-52.6
-51.6
-51.6
-48.2
-57.8
-78.2
-55
-52.4
-58
-50.6
-46.8
-56.6
-52.8
-50.6
-54.2
-45.6
-48.8
-50
-52.8
-50.4
-48.4
-54.8
-54
-53
-52.6
-51.2
-47
-52
-55.4
-53.4
-52.8
-54
-52.4
-48.4
-70.8
-49.8
-48.4
-50.8
-58.2
-49
-55.8
-52.2
-58.8
-46.8
-46.6
-48
-48.2
-52.6
-52
-51
-51.8
-65.6
-54.8
-73.6
-57.2
-46
-48
-53.8
-54.8
-49.6
-77.6
-58.8
-47.6
-49.4
-56.4
-50.2
-50.8
-46.4
-51.4
-47.6
-58.6
-56
-54.4
-50.4
-51.6
-55.4
-68
-50
-48
-54
-57.6
-53.4
-48.2
-55
-47.6
-53
-52.6
-58.4
-54.6
-45
-52.2
-50
-51.8
-55.8
-56.6
-50
-54.8
-48.4
-49.4
-51.8
-54
-49.4
-45.8
-75.2
-53
-51.4
-57.6
-56
-51
-54.2
-49.6
-54.2
-55
-49.2
-52.6
-74
-51
-49.6
-56.6
-51.4
-68.2
-48.8
-50.2
-49.2
-48.8
-49.2
-53.2
-51.8
-53.2
-48.8
-50
-53.6
-54.6
-47.2
-55
-52
-48.8
-53.8
-57
-51.6
-51.8
-50.6
-52.8
-75.6
-51.2
-58.6
-49.2
-46.2
-52.6
-51
-53
-53.2
-56
-75.8
-55.2
-53
-67.8
-52.8
-52.4
-50.2
-50.4
-49.2
-59
-47.6
-51.6
-50.4
-52.2
-461.6
-45.6
-54
-48
-52.2
-80.2
-50.6
-57.4
-53.2
-48.8
-52.8
-49.8
-48.6
-71.2
-50.4
-47.8
-55.4
-48.8
-49.4
-51.4
-52.2
-48
-65.6
-50.6
-53.8
-59.8
-53.4
-55
-81.6
-54.4
-48.2
-55.2
-49.6
-50.4
-51.4
-53.8
-50
-56.8
-55.2
-53
-51.4
-66
-50.4
-50
-52.4
-50
-46.2
-56.2
-55.8
-46.8
-55
-53.4
-56.4
-53.2
-52.2
-53.2
-51.6
-49.6
-50.4
-49.2
-48
-52.8
-57.2
-47.2
-76.8
-55
-52
-53.2
-48.4
-56.6
-57.6
-47.2
-55.2
-58
-49.4
-61.2
-51.2
-46.6
-53.2
-47.6
-63.2
-54.2
-75
-46
-56.6
-49
-54
-56.8
-50.2
-49.6
-52.4
-52.2
-54
-47.4
-49.8
-49.6
-46.6
-53.8
-48.2
-58
-59
-66.6
-50
-69
-48.6
-50.4
-54.2
-70.4
-49.4
-48.4
-46.8
-53
-54.6
-57.2
-50
-50.8
-54.8
-45.6
-48
-71.4
-48.4
-54.4
-53.6
-54.6
-55.8
-52
-55.8
-78
-50.6
-52.8
-51.4
-50.2
-48.4
-50.2
-52.8
-49.2
-51.2
-53.8
-50
-48.6
-48.6
-55.8
-57.6
-50
-53.4
-56.6
-58
-52.4
-49.2
-48
-56.6
-52
-52.4
-46.2
-49
-48
-61
-48.6
-50.4
-50
-49
-48.6
-48.6
-53.6
-49.4
-51.6
-56.2
-48.4
-56.8
-50.2
-51
-51
-50.6
-52.4
-51.2
-54.2
-51.8
-53.2
-47.6
-46.2
-56.4
-48.4
-53.4
-49
-50.4
-70.2
-51.2
-59.4
-50
-51.2
-51.6
-51.8
-52.4
-52.4
-49.2
-52.6
-52.2
-50.6
-66.4
-53.8
-62.2
-82.4
-47.6
-50.4
-54.4
-50
-49.8
-54.4
-49
-50.4
-50.6
-55.4
-57.2
-52.6
-56
-49.2
-51
-48
-54.8
-53.6
-54
-48.6
-53.2
-52.2
-55.6
-55.8
-48.8
-58.8
-47.6
-50.2
-49.6
-48.6
-47.8
-49
-46.8
-53.6
-45.8
-50.8
-58.6
-55.6
-54
-48.6
-48.4
-51.6
-69.2
-51.8
-52.4
-55.4
-51.8
-49
-56
-54.2
-58.8
-53.8
-53.4
-52
-52.8
-44.6
-56.6
-49.6
-51.8
-56.8
-55.6
-50.2
-52
-54
-51.2
