agent: texplore
env: fuelworld
Environment is episodic.
set statesPerDim to 0 for all dim
feature 0 has range 20
feature 1 has range 30
feature 2 has range 61
reward range: 400
Parallel ETUCT tracking real state values
Planner using history size: 0
Start model learning thread
start parallel uct planning search thread
Created MultClass 0 with nModels: 5
Created C4.5 decision tree 0 with == and > splits
Created C4.5 decision tree 6 with == and > splits
Created C4.5 decision tree 12 with == and > splits
Created C4.5 decision tree 18 with == and > splits
Created C4.5 decision tree 24 with == and > splits
Created MultClass 3 with nModels: 5
Created C4.5 decision tree 3 with == and > splits
Created C4.5 decision tree 9 with == and > splits
Created C4.5 decision tree 15 with == and > splits
Created C4.5 decision tree 21 with == and > splits
Created C4.5 decision tree 27 with == and > splits
Created MultClass 4 with nModels: 5
Created C4.5 decision tree 4 with == and > splits
Created C4.5 decision tree 10 with == and > splits
Created C4.5 decision tree 16 with == and > splits
Created C4.5 decision tree 22 with == and > splits
Created C4.5 decision tree 28 with == and > splits
Created MultClass 1 with nModels: 5
Created C4.5 decision tree 1 with == and > splits
Created C4.5 decision tree 7 with == and > splits
Created C4.5 decision tree 13 with == and > splits
Created C4.5 decision tree 19 with == and > splits
Created C4.5 decision tree 25 with == and > splits
Created MultClass 2 with nModels: 5
Created C4.5 decision tree 2 with == and > splits
Created C4.5 decision tree 8 with == and > splits
Created C4.5 decision tree 14 with == and > splits
Created C4.5 decision tree 20 with == and > splits
Created C4.5 decision tree 26 with == and > splits
-418.2
-419.4
-417.8
-418.2
-416.6
-416.8
-420.2
-418.8
-419.8
-416.6
-504.8
-418.8
-510.6
-1156
-464.8
-464.2
-419.2
-418.8
-1586
-259.4
-420.4
-642.8
-1807.01
-303.4
-407.4
-677.2
-958
-635.4
-730
-193.4
-144.2
-233.4
-184.4
-464
-307.4
-135
-93
-225.8
-108
-97
-92
-178
-334
-172
-269.6
-142.8
-82.4
-57.8
-96.8
-59.2
-93.2
-140.2
-170.8
-139.6
-98.2
-151.4
-94.6
-128.2
-92
-90.6
-98.6
-129.8
-97.4
-134.6
-138.6
-176.4
-138.4
-110.8
-95.2
-82.4
-54.4
-55.4
-141.6
-100.4
-47.8
-99.6
-90.6
-87.6
-100.6
-51.8
-89.6
-109.8
-78
-104
-97.4
-94.6
-91.6
-89.2
-88
-61.6
-93
-52.6
-46.2
-52.2
-54
-97.8
-54
-99.2
-138.4
-86.4
-54
-58.8
-53.8
-52.4
-51.4
-96.2
-101.2
-50
-84.2
-63.2
-133.8
-53
-106.8
-86.4
-55.8
-53.8
-52.6
-50.4
-74.8
-78.8
-54.4
-47.4
-57.4
-55.2
-118.8
-79.4
-418.8
-416.8
-419.8
-418.4
-421.6
-417.4
-418.6
-421.6
-420.6
-416
-419.4
-421.2
-420.4
-418.8
-419.8
-418
-416.4
-419.6
-420.2
-418.8
-418.6
-420.2
-417.4
-417
-418.6
-417
-417.8
-416.8
-422.4
-415.2
-422.4
-421.6
-419.2
-419.4
-419.6
-416.2
-419
-419.8
-419.2
-421.6
-421.2
-416.4
-419.8
-421.6
-417
-419.2
-420.6
-420.8
-419
-420.6
-420.2
-414.8
-421.2
-418.8
-418.4
-419
-420.2
-420.8
-419.6
-417.6
-419.6
-416.8
-418
-417
-416
-421.6
-418
-417.4
-421.2
-416.4
-420.8
-418.6
-416.6
-56.2
-419.8
-421.6
-418.6
-416
-419.6
-420.8
-417.6
-419
-416
-416.4
-416.4
-418
-79.2
-421.2
-419.8
-417.8
-416.4
-416
-418.6
-419.8
-418.4
-416.6
-419.4
-420.6
-420.4
-417
-419.2
-418.4
-417
-418.8
-419.6
-419.2
-419.6
-418.8
-61.4
-417
-419.6
-419
-420.2
-420.8
-417.2
-419.6
-417.2
-419.8
-418.4
-418.4
-418.6
-415.6
-420.2
-416.6
-422
-50.8
-417.4
-417.2
-420.6
-417.6
-418
-420
-419.4
-420.8
-82.8
-458.2
-418.2
-416.8
-419.6
-56.8
-418.8
-417.8
-419.8
-415.6
-54.2
-416.8
-418.4
-420.4
-416
-54
-418.6
-418.4
-417.2
-420.8
-421.6
-416.8
-420.2
-417.8
-417.4
-419
-420.2
-462.4
-417.4
-418
-418.6
-419.6
-420
-419.4
-417
-420.2
-497
-416
-418.6
-418.4
-418.6
-418.8
-420.4
-418
-417.4
-420.8
-420.4
-421.2
-419.8
-56.4
-51.4
-60.2
-58.2
-48
-421
-55.4
-59.2
-61
-55.4
-53.4
-54.6
-59.2
-81
-55.4
-94.6
-53.6
-52.6
-61.6
-56
-53.4
-72.8
-53.8
-55.6
-99.8
-55.4
-57.8
-50.4
-63.2
-55.8
-52
-53.8
-51.4
-50.4
-52
-50.8
-50
-54.2
-53.4
-55.6
-59
-46.8
-56
-49.4
-55.6
-56.4
-53.4
-94.4
-62.4
-52.4
-77.8
-79.2
-49
-53.8
-48
-56
-52.4
-55.2
-62
-52.4
-60
-56.2
-56.2
-52.8
-87
-52
-56.6
-47.4
-51.8
-48.4
-55.4
-56.2
-58.8
-74
-50.6
-50.6
-83.8
-48.8
-82
-53.4
-60.6
-52.4
-57.2
-63
-58.2
-55.4
-49.8
-49
-57.4
-59.8
-56.6
-53.4
-55.4
-51
-50.8
-55.8
-48.4
-59.2
-53.8
-53.6
-53.4
-56.2
-73
-53.8
-49.2
-48.2
-58.8
-53.8
-51.4
-46.4
-59.8
-52.2
-52.2
-53.8
-57.4
-54.4
-57.6
-57
-57.2
-48
-54.2
-52.2
-60.4
-52.4
-53.8
-52.2
-52
-55.8
-50.4
-55.8
-54.2
-75.6
-49.6
-51.4
-51.4
-83.6
-48.6
-50.4
-55.2
-50
-55.6
-76.4
-75
-54
-50.8
-55.6
-53.2
-50.4
-50.6
-51.8
-50.2
-53.8
-57
-53.4
-54.6
-51
-54.8
-50.6
-49.4
-51.4
-50.8
-52.4
-59.6
-48
-52
-50.8
-70.4
-51
-53.4
-50.2
-50.4
-58
-53
-48.4
-57
-47.8
-56.8
-52.2
-53
-52.6
-50
-49.6
-52.2
-50.4
-49
-51.4
-59.4
-56.8
-74.2
-50
-51.8
-49.8
-53.4
-52
-52.2
-53.2
-49
-48.6
-48.2
-48.8
-53
-52.4
-50.4
-54.2
-54.4
-49
-52.2
-52
-51.2
-56.2
-53
-56.8
-54.6
-53
-55.2
-56.6
-49.6
-51.6
-58.6
-54.6
-57
-55.6
-49.6
-48.6
-52
-56.2
-50
-54.4
-54.6
-76.4
-51.6
-52.4
-49
-55.6
-55.2
-72.8
-55
-48
-46.6
-50.4
-50
-50.8
-49.4
-55.8
-48
-54.4
-52.2
-50
-57.2
-53
-51.8
-50
-48.4
-49.2
-49.6
-73.4
-57.4
-51.8
-54.2
-50.6
-61.6
-51.6
-57.6
-53.4
-58
-54.6
-47.2
-52.2
-56
-75
-53.6
-69
-51.4
-52
-57
-52
-57.4
-54
-67.2
-47.6
-52.6
-70.4
-53
-56.6
-51.8
-53.8
-81.2
-51.4
-57
-56.6
-51.6
-55.8
-54.4
-51.6
-53.4
-56.4
-55.2
-50.6
-53.8
-47.2
-46.8
-55.8
-55
-56.2
-51
-52.4
-50.8
-46.4
-54.2
-52.6
-52.2
-56
-50.4
-50.2
-52.8
-57.4
-50.4
-49.4
-52.4
-71.4
-55.8
-49
-56
-46.2
-51.6
-50
-57.8
-48
-48.4
-47.6
-54.2
-46.6
-54.8
-55.4
-54
-51.6
-61.6
-47.2
-57.6
-50.2
-52.2
-53
-54.8
-51
-59.4
-52.2
-47.4
-49.2
-51.6
-48.2
-54.2
-51.6
-54.8
-56.4
-50.2
-57.4
-51.6
-46.6
-51.4
-55.6
-48.4
-46.6
-55.4
-54.8
-49
-56.8
-49.8
-46.2
-51.4
-57
-55.6
-59.2
-53.6
-51.8
-50.4
-48
-54.4
-49.2
-47.6
-56.4
-70.8
-47.8
-52.6
-52.4
-53.4
-55.8
-53.8
-56.8
-55.6
-48.6
-55.8
-60
-55.4
-54.4
-55.6
-60.2
-48.8
-49
-45
-49.8
-52.4
-73
-61
-58.4
-55.4
-91
-48
-54.4
-61.2
-50
-69
-57
-54.8
-60
-57.2
-70.4
-56.4
-55.8
-70
-51.4
-69
-49.2
-49.4
-48.4
-51
-52
-93.8
-58.4
-47
-56.8
-52
-47.8
-52.2
-50.8
-51.4
-53.8
-49.4
-55.4
-54
-50.4
-47.2
-48.2
-65.6
-47.8
-57.2
-53.2
-53
-57.4
-57.4
-54.4
-62
-48.6
-55.8
-48
-58
-48.2
-52.8
-51
-56
-59.8
-48.8
-57.8
-46.6
-59.6
-57.8
-49.4
-53.4
-50.8
-59
-47.6
-59.8
-50.2
-50.4
-58.8
-59.6
-49.8
-54.4
-55.4
-50.6
-73.8
-53.8
-58
-47.8
-53
-66.8
-52.8
-52.8
-52
-51.8
-55.2
-55
-49.4
-69.8
-56.8
-49.6
-48.2
-56.6
-50.6
-56
-54.6
-54.6
-55.4
-53.2
-51.6
-50.8
-51.8
-48.6
-53.2
-53.8
-48.8
-51.6
-60.6
-50.8
-55.8
-53.4
-50
-50.6
-56.4
-57.6
-48.8
-55.4
-48.8
-56.8
-56.4
-52.4
-57.8
-50.6
-49.6
-83.2
-50.6
-52.4
-49.2
-55
-54.8
-56.4
-49.8
-54.8
-75
-49.2
-58.6
-49.6
-48.8
-45
-55.4
-57.6
-52.6
-57.4
-50.2
-68.8
-56.2
-53.4
-56.4
-49
-57
-52
-46.4
-66.6
-58
-61
-75.4
-51.4
-50.2
-50.6
-51.4
-53.6
-57.2
-60.4
-48.8
-50.8
-49.6
-48.6
-50.4
-44.6
-56.4
-52.6
-54.4
-54.8
-54.6
-56.4
-58.6
-73
-54
-50.6
-46.6
-51.2
-56.6
-48.4
-58.6
-46.2
-54.4
-50.4
-51.6
-55.8
-50.6
-54.6
-50
-49.4
-51.8
-48.6
-51
-49.6
-47.4
-53
-53
-53.2
-52.8
-52.8
-47.8
-48.6
-49.6
-54.8
-66
-48
-49.8
-47.6
-53.8
-76
-49
-50.4
-50
-49.6
-47.4
-57.4
-48.8
-48.4
-50.6
-54.2
-52.6
-48.6
-49.6
-52.6
-53
-51.2
-56
-46.4
-50.4
-51.2
-48.4
-57.4
-47.2
-49.6
-50
-49.2
-46.6
-47.8
-46
-78.4
-53.6
-52.4
-55.6
-50.4
-66.6
-50.8
-48.8
-46.4
-49
-52.2
-47.4
-50.2
-56
-46.8
-53.2
-52.4
-69.4
-55.8
-54.2
-70.8
-57.8
-47
-49.2
-49.6
-49.4
-52.8
-51
-53.8
-74
-54.2
-53.2
-57.6
-51.8
-49.4
-72.8
-51.8
-50
-53.6
-52.6
-48.4
-55
-55.4
-51.4
-52.2
