agent: texplore
env: fuelworld
Environment is episodic.
set statesPerDim to 0 for all dim
feature 0 has range 20
feature 1 has range 30
feature 2 has range 61
reward range: 400
Parallel ETUCT tracking real state values
Planner using history size: 0
Start model learning thread
start parallel uct planning search thread
Created MultClass 0 with nModels: 5
Created C4.5 decision tree 0 with == and > splits
Created C4.5 decision tree 6 with == and > splits
Created C4.5 decision tree 12 with == and > splits
Created C4.5 decision tree 18 with == and > splits
Created C4.5 decision tree 24 with == and > splits
Created MultClass 3 with nModels: 5
Created C4.5 decision tree 3 with == and > splits
Created C4.5 decision tree 9 with == and > splits
Created C4.5 decision tree 15 with == and > splits
Created C4.5 decision tree 21 with == and > splits
Created C4.5 decision tree 27 with == and > splits
Created MultClass 4 with nModels: 5
Created C4.5 decision tree 4 with == and > splits
Created C4.5 decision tree 10 with == and > splits
Created C4.5 decision tree 16 with == and > splits
Created C4.5 decision tree 22 with == and > splits
Created C4.5 decision tree 28 with == and > splits
Created MultClass 1 with nModels: 5
Created C4.5 decision tree 1 with == and > splits
Created C4.5 decision tree 7 with == and > splits
Created C4.5 decision tree 13 with == and > splits
Created C4.5 decision tree 19 with == and > splits
Created C4.5 decision tree 25 with == and > splits
Created MultClass 2 with nModels: 5
Created C4.5 decision tree 2 with == and > splits
Created C4.5 decision tree 8 with == and > splits
Created C4.5 decision tree 14 with == and > splits
Created C4.5 decision tree 20 with == and > splits
Created C4.5 decision tree 26 with == and > splits
-417.8
-417
-417
-416.6
-419
-417.2
-421
-419.2
-421
-505
-599.8
-420.2
-421.4
-463.8
-421.8
-417.6
-417.2
-579.4
-177.6
-766.2
-507.4
-299.8
-143
-283.8
-553.6
-312.2
-802.801
-135.8
-233.6
-314.4
-169.2
-503.8
-176.6
-142.2
-132
-419.4
-182
-417.4
-417
-239.2
-160.2
-96.6
-501
-87.8
-220.2
-134
-54.8
-86.8
-196.6
-135.6
-90
-103.8
-55.6
-225.6
-50.2
-90
-52.4
-96.4
-61.4
-58.2
-123.6
-56.4
-53.4
-90.2
-58.8
-55
-463.6
-102.6
-419.8
-58.4
-108
-52.2
-54.4
-63.2
-88
-55.8
-101.6
-54.6
-58.8
-91.4
-53.6
-244
-54.8
-57.4
-82.4
-49.2
-93.4
-55
-84.4
-97.2
-94.2
-61.2
-56.4
-55.8
-71.2
-54.8
-62.8
-59
-50.8
-57.2
-55.6
-54.6
-50.8
-58.4
-53.4
-54.8
-55.4
-52.6
-67.2
-72.4
-51.8
-56.8
-56.4
-49
-58.2
-58.2
-415.6
-56.4
-61
-416
-416.4
-419.2
-417.2
-52.6
-60
-57.8
-51
-55.4
-56.6
-50.4
-52.2
-51.2
-55.2
-51.2
-52.8
-49.6
-52.8
-49.2
-54.2
-68.4
-53.8
-49.8
-50.8
-55.6
-84.4
-52.2
-54
-50.4
-51
-59.8
-47.4
-59.8
-58.6
-55.8
-68.4
-49.6
-54.8
-95.2
-57.4
-53.4
-54.6
-54.4
-57.4
-55.8
-50
-50.4
-57.4
-53.2
-63.8
-86
-52
-49.4
-51
-55
-58.6
-52.6
-51
-49
-55.6
-55.6
-53.4
-53.8
-51.4
-46
-52.4
-51.6
-53.6
-55.4
-54.6
-58.6
-54.8
-55
-52.2
-51.2
-52.2
-48.8
-48.6
-52.8
-51.4
-56.8
-50.2
-50.4
-52
-47.4
-55.2
-57.8
-46.2
-65.4
-72.4
-56.8
-51.4
-464.4
-51.4
-57
-50.8
-51
-72.8
-59.6
-53
-55
-50.4
-48.2
-47.8
-66
-56.6
-57.4
-75.6
-55.4
-49.2
-55.6
-56.6
-50
-52
-51.4
-59.8
-51.2
-57.2
-54.4
-51.2
-51.8
-48.6
-49.4
-51.8
-53.4
-49
-58.4
-54
-69.6
-50
-52.2
-50.8
-52.2
-51.6
-55.4
-70.4
-50
-48
-57
-51.4
-55.6
-56.4
-55.6
-50.6
-57.6
-48.2
-50.8
-47.6
-52.8
-163
-52.4
-56
-53
-53
-49
-49
-55.8
-59.4
-51.2
-57.2
-53.4
-59
-54
-49
-51.6
-50.4
-52
-52.4
-58.6
-51
-53.6
-52
-49.8
-52.4
-51.8
-54.6
-52.2
-49
-48.2
-51.4
-48.8
-53.2
-47.6
-48.4
-50
-54.4
-55
-76.2
-84.4
-53
-49.8
-48
-56.4
-51.6
-50.4
-57.8
-54.2
-49.6
-54.8
-49.8
-49.8
-47
-51.8
-47.2
-49.6
-58
-48.6
-56.8
-49.4
-54.8
-88.2
-60.2
-58
-50.6
-51
-82.2
-51.6
-48
-52.8
-53
-81.2
-50.8
-53.6
-50.6
-49.6
-53.8
-52.6
-51.4
-53
-51.6
-48
-69.6
-54
-52.6
-48.8
-52.2
-50.6
-48.4
-51.4
-55.6
-52.2
-57.8
-51
-81.4
-51.8
-54.6
-57
-49.8
-52.6
-51.6
-58
-55.2
-57.8
-58
-54.8
-57.8
-51.8
-53
-54.6
-50.6
-53.4
-56.8
-51.4
-74
-52.4
-54
-55.8
-50
-55.2
-55.4
-55.8
-52.4
-57.2
-51.2
-48.2
-54.2
-54.8
-61
-59.6
-53.4
-54.6
-55.4
-53
-53.6
-53
-54.2
-53.4
-53.4
-48.4
-59.2
-59.8
-50.4
-101.8
-51.8
-48.2
-50
-48.8
-49.4
-53
-49.2
-61
-51.8
-51.6
-54.8
-51.6
-56.4
-54.8
-52.8
-49
-55.4
-55.2
-50.8
-53
-58.8
-49.2
-54.2
-52
-56.6
-54.8
-51.8
-53
-51.4
-58.8
-54.4
-56
-58.2
-49
-54.4
-50.6
-55.2
-71.8
-51.6
-52.6
-51
-51
-52.4
-91.2
-55
-50.6
-51.6
-55.2
-58.6
-51.8
-52
-54.8
-50.4
-53.8
-47.2
-47.8
-49.6
-50.2
-53
-70.4
-48.6
-51.6
-52.8
-78
-56.8
-53.2
-48
-50.2
-50.8
-58
-50.8
-49.8
-60.6
-52.4
-52.2
-51.4
-54.6
-83.4
-49.6
-47.6
-49.2
-92.2
-52.2
-55.4
-53.2
-60.4
-46.4
-53.2
-51.4
-49.8
-59.2
-54.8
-51.6
-52.6
-58.6
-53.4
-55.6
-53
-53.2
-51
-49.4
-49.8
-48.6
-50.6
-53
-48.6
-49.2
-48.8
-55.2
-50.4
-50.8
-51.4
-52.6
-50.4
-52.6
-51.4
-73.4
-53.2
-56.2
-69
-51.6
-48.2
-52.8
-56.6
-51.4
-55.4
-55
-48.8
-53.4
-49.2
-54.2
-57.2
-52.8
-48.4
-48
-74.8
-52
-48.6
-51.6
-52.2
-52
-52.4
-49
-50.8
-50.6
-49.6
-49.8
-54.2
-53.6
-48
-51
-47.4
-47.6
-49.2
-46
-48
-47.6
-52.4
-58.8
-54.6
-52.2
-49.8
-47.6
-56.4
-53.8
-49.4
-71
-50.4
-57.4
-50.4
-53.2
-76.4
-52.4
-49.6
-72.6
-51
-51.4
-462.2
-49.2
-46.4
-51.6
-48.4
-74
-55.4
-53.8
-57.6
-51
-54.2
-50.8
-50.4
-55.4
-51
-48.2
-53.6
-51.6
-54.2
-53.8
-50.4
-50.4
-55.4
-47
-53.6
-51.6
-50.2
-54.6
-76.2
-49.4
-58.2
-53.4
-49.4
-68.8
-52.2
-53.8
-81.6
-53.4
-50.2
-51.4
-80.2
-54.2
-54.4
-55.2
-57.4
-44.8
-58
-49
-52.2
-49
-54
-47.2
-55
-59
-53.2
-52
-52.6
-50.4
-49.4
-51.8
-53.8
-56
-48.8
-48.6
-53.4
-53.4
-47
-50.4
-51.4
-56
-48.4
-54.4
-72.8
-50.4
-53
-54.2
-55.4
-57.8
-50.4
-48.8
-47.8
-47.4
-54.4
-51.8
-55
-54.6
-48.8
-52.6
-53.4
-48.4
-48.4
-53.4
-50
-76.4
-53
-49.2
-48.6
-49.8
-49.6
-51.4
-47.8
-47.4
-51.4
-46
-56.4
-53.8
-48.6
-51.4
-46.8
-46.2
-51.8
-52.2
-46
-47
-53.8
-61
-47.8
-82.8
-49
-47.4
-45.6
-48.2
-56.8
-51.2
-51.6
-51.8
-47.2
-53.2
-50
-46
-49.6
-50.2
-55.2
-50.8
-52.8
-59
-81.2
-52.6
-54.2
-51.8
-58.6
-52.4
-78
-54.8
-54.2
-45.6
-52.2
-50.2
-48.6
-52
-53.4
-134.8
-53.8
-73.2
-53.6
-99.8
-54.8
-52
-52
-53
-51.4
-67.4
-53
-49.8
-51.8
-56.2
-53
-86
-94.2
-59.4
-56.4
-56.2
-56.2
-54.6
-53
-122.6
-93
-47.8
-51.4
-50.8
-47.2
-46.8
-51.2
-51.4
-48
-48.6
-52.2
-105.4
-46.8
-51.4
-100
-47.6
-79.4
-88.2
-48.2
-80.4
-54.2
-50.8
-82.2
-53.2
-50.8
-56.2
-54.8
-52.6
-47.6
-52.6
-50.2
-50.4
-55.8
-47.2
-83.4
-56
-47.4
-81
-49.8
-97.6
-53.4
-52.2
-48.2
-48.8
-50.2
-53.4
-77.4
-55.2
-52.2
-52.2
-84.6
-56.2
-51
-52.2
-50.2
-55.2
-49
-50.2
-59.2
-49.8
-56.4
-71.8
-55.2
-54
-52.8
-55
-53.8
-50
-54.4
-49.2
-49.6
-53.8
-50.6
-49.4
-53
-53.4
-55.2
-48.6
-52.8
-50.8
-47.6
-54.4
-57
-57.6
-57.4
-46.2
-49
-60.6
-50
-58.6
-52.6
-54.4
-51.2
-50
-50
-52
-52.8
-47.4
-48.4
-50.8
-50.2
-53.2
-55.8
-78.4
-79.8
-50.2
-55
-48.8
-56.4
-51.4
-50.4
-53.6
-54.6
-53.4
-46.8
-45.6
-54.8
-48.8
-54.2
-53.2
-48.6
-52.4
-51.8
-53.2
-52.8
-53.2
-55.8
-47.8
-58.4
-53.2
-50.2
-53.2
-55.8
-54.6
-52.2
-47.2
-53.8
-60
-48.8
-61.2
-53.8
-52
-54.6
-49.6
-53.8
-53.8
-52.2
-55.6
-58
-49.8
-47
-49.8
-48.4
-50.8
-49.8
-44.6
-51.8
-46.6
-55.6
-57.4
-47.8
-82.6
-53.6
-54.8
-47.6
-59.8
-52.2
-55.8
-48
-55.4
-52.2
-50.8
-57.8
-70.6
-49.2
-48.8
-45.6
-51.4
-52.8
-49.2
-49.6
-50
-52.4
-57
-51.2
-55.2
-51
-50.2
-61.2
-46.4
-61.8
-52.2
-48.6
-49.6
-55.2
-48
-51.8
-53
-49
-61
-53.6
-54.2
-64
-48.4
-52.6
-57.4
-53.4
-55
-55.4
-50
-52.6
-48
-48.4
-56.8
-61.8
-60
-53.8
-54.2
-57
-48.4
-50
-51.6
-50.2
-49.8
-52.6
-59.2
-51.4
-52
-49.4
-48.6
-55.6
-52
-50.4
-47.8
-48.4
