agent: texplore
env: asterix
Environment is episodic.
set statesPerDim to 0 for all dim
feature 0 has range 30
feature 1 has range 30
feature 2 has range 30
reward range: 1001
Parallel ETUCT tracking real state values
Planner using history size: 0
Start model learning thread
start parallel uct planning search thread
Created MultClass 0 with nModels: 5
Created C4.5 decision tree 0 with == and > splits
Created C4.5 decision tree 6 with == and > splits
Created C4.5 decision tree 12 with == and > splits
Created C4.5 decision tree 18 with == and > splits
Created C4.5 decision tree 24 with == and > splits
Created MultClass 3 with nModels: 5
Created C4.5 decision tree 3 with == and > splits
Created C4.5 decision tree 9 with == and > splits
Created C4.5 decision tree 15 with == and > splits
Created C4.5 decision tree 21 with == and > splits
Created C4.5 decision tree 27 with == and > splits
Created MultClass 4 with nModels: 5
Created C4.5 decision tree 4 with == and > splits
Created C4.5 decision tree 10 with == and > splits
Created C4.5 decision tree 16 with == and > splits
Created C4.5 decision tree 22 with == and > splits
Created C4.5 decision tree 28 with == and > splits
Created MultClass 1 with nModels: 5
Created C4.5 decision tree 1 with == and > splits
Created C4.5 decision tree 7 with == and > splits
Created C4.5 decision tree 13 with == and > splits
Created C4.5 decision tree 19 with == and > splits
Created C4.5 decision tree 25 with == and > splits
Created MultClass 2 with nModels: 5
Created C4.5 decision tree 2 with == and > splits
Created C4.5 decision tree 8 with == and > splits
Created C4.5 decision tree 14 with == and > splits
Created C4.5 decision tree 20 with == and > splits
-994
Created C4.5 decision tree 26 with == and > splits
-994
-995
-964
-996
-994
-993
-995
-994
-994
-994
-994
-994
-995
-996
-994
-995
-994
-995
-995
-995
-996
-995
-995
-994
-993
-995
-991
-995
-995
-972
-994
-996
-996
-994
-996
-995
-995
-996
-996
-996
-996
-996
-995
-993
-995
-995
-994
-994
-996
-995
-994
-994
-991
-996
-994
-995
-993
-996
-994
-995
-995
-995
-995
-994
-995
-995
-995
-996
-995
-996
-995
-995
-995
-994
-995
-995
-984
-987
-985
-987
-944
-986
-986
-986
-986
-986
-986
-985
-984
-986
-986
-986
-986
-986
-986
-862
-986
-967
-986
-986
201
-891
-972
-987
-986
-986
-819
-972
-986
-958
-986
-903
-926
-987
-959
-931
-945
-987
-987
-889
-995
-946
-973
-988
-988
-988
-988
-988
-988
-988
-994
-989
-988
-988
-988
-988
-988
-984
-960
-984
-988
-994
-988
-989
-989
-988
-988
-988
-961
-987
-987
-987
-987
-994
-987
201
-987
-987
-987
-987
201
-987
201
201
201
201
201
-915
-994
-847
-994
-885
201
-973
201
201
-833
-805
-987
-987
201
201
-995
-995
201
-995
-995
201
201
-995
-995
-995
-995
-995
201
201
201
201
201
-973
-995
-995
-995
-995
-995
-995
-995
-995
-995
-917
-973
201
201
201
201
201
201
201
201
201
-890
201
201
201
201
201
201
201
201
201
201
201
201
201
201
-994
-996
-996
201
201
201
201
201
201
-996
-996
201
201
201
-989
-989
-989
-989
-989
-989
-989
-989
-989
-989
-989
-989
-989
-989
-989
-989
-989
-989
-989
-989
-989
-989
-989
-989
-989
-989
-989
-989
-989
-989
-989
-989
-989
201
201
-988
-988
201
201
201
201
201
201
201
201
201
201
201
201
201
-989
201
201
201
-989
201
201
-847
201
-973
201
-945
201
201
201
201
201
201
-902
201
201
-945
201
201
-973
201
201
-945
201
201
-996
-931
201
201
-903
-847
-903
-959
-959
-959
-959
-959
-959
-959
-959
-959
-959
-959
-959
-959
-959
-959
201
201
-959
-959
-959
201
201
201
201
201
201
201
201
201
201
201
201
201
201
201
201
201
201
201
201
201
201
201
201
201
201
201
201
201
201
201
201
201
201
201
201
201
201
201
201
201
201
201
201
201
201
201
201
201
201
-987
-973
-973
-987
-987
-987
-987
-987
-987
-987
-987
-987
-987
-987
-987
-987
-987
-987
-987
-987
-987
-987
-987
-987
-987
-987
-987
-987
-987
-987
-987
-987
-987
-987
-987
-987
-987
-987
-987
-987
-987
-987
-987
-987
-987
-987
-987
-987
-987
-987
-987
-987
-987
-987
-987
-987
-987
-987
-987
-987
-987
-987
-987
-987
-987
-987
-987
-987
-987
-987
-987
-987
-987
-987
-987
-987
-987
-987
-987
-987
-987
-987
-987
-987
-987
201
201
-994
-987
201
201
201
201
201
201
201
201
201
201
201
201
201
201
-984
-996
-973
201
201
201
201
201
201
201
201
201
201
201
201
201
201
201
201
201
-984
-973
201
201
201
201
201
201
201
201
201
201
201
201
201
201
201
201
201
201
201
201
-974
201
201
201
201
201
201
201
201
201
201
201
201
201
201
201
201
201
201
201
201
201
201
201
201
201
201
201
201
201
201
201
201
-886
201
201
201
201
-988
201
-988
201
-942
201
-988
201
-988
201
-988
201
-988
201
-988
201
201
201
201
-988
201
-988
201
201
201
201
201
201
201
201
201
201
201
201
201
201
201
201
201
201
201
201
201
201
201
201
201
201
201
201
201
201
201
201
201
201
201
201
201
201
201
201
201
201
201
201
201
201
201
201
201
201
201
201
201
201
201
201
-817
201
201
201
201
201
201
201
201
201
201
201
201
201
201
201
201
201
201
201
201
201
201
201
201
201
201
201
201
201
201
201
201
201
201
201
201
201
201
201
201
201
-805
201
201
201
201
201
201
201
201
201
201
201
201
201
201
201
201
201
201
201
201
201
201
201
201
201
201
201
201
201
201
201
201
201
201
201
201
201
201
201
201
201
201
201
201
201
201
201
201
201
201
201
201
201
201
201
201
201
201
201
201
201
201
201
201
201
201
201
201
201
201
201
201
201
201
201
201
201
201
201
201
201
201
201
201
201
201
201
201
201
201
201
201
201
201
201
201
201
201
201
201
201
201
201
201
201
201
201
201
201
201
201
201
201
201
201
201
201
201
201
201
201
201
201
201
201
201
201
201
201
201
201
201
201
201
201
201
201
201
201
201
201
201
201
201
201
201
201
201
201
201
201
201
201
201
201
201
201
-801
201
201
201
201
201
201
201
201
201
201
201
201
201
201
201
201
201
201
201
201
201
201
201
201
201
201
201
201
201
201
201
201
201
201
201
201
201
201
201
201
201
201
201
201
201
201
201
201
201
201
201
201
201
201
201
201
201
201
201
201
201
201
201
201
201
201
201
201
201
201
201
201
201
201
201
201
201
201
201
201
201
201
201
201
201
201
201
201
201
201
201
201
201
201
201
201
201
201
201
201
201
201
201
201
201
201
201
201
201
201
201
201
201
201
201
201
201
201
201
201
201
201
201
201
201
201
201
201
201
201
201
