agent: texplore
env: fuelworld
Environment is episodic.
set statesPerDim to 0 for all dim
feature 0 has range 20
feature 1 has range 30
feature 2 has range 61
reward range: 400
Parallel ETUCT tracking real state values
Planner using history size: 0
Start model learning thread
Created MultClass 0 with nModels: 5
start parallel uct planning search thread
Created C4.5 decision tree 0 with == and > splits
Created C4.5 decision tree 6 with == and > splits
Created C4.5 decision tree 12 with == and > splits
Created C4.5 decision tree 18 with == and > splits
Created C4.5 decision tree 24 with == and > splits
Created MultClass 3 with nModels: 5
Created C4.5 decision tree 3 with == and > splits
Created C4.5 decision tree 9 with == and > splits
Created C4.5 decision tree 15 with == and > splits
Created C4.5 decision tree 21 with == and > splits
Created C4.5 decision tree 27 with == and > splits
Created MultClass 4 with nModels: 5
Created C4.5 decision tree 4 with == and > splits
Created C4.5 decision tree 10 with == and > splits
Created C4.5 decision tree 16 with == and > splits
Created C4.5 decision tree 22 with == and > splits
Created C4.5 decision tree 28 with == and > splits
Created MultClass 1 with nModels: 5
Created C4.5 decision tree 1 with == and > splits
Created C4.5 decision tree 7 with == and > splits
Created C4.5 decision tree 13 with == and > splits
Created C4.5 decision tree 19 with == and > splits
Created C4.5 decision tree 25 with == and > splits
Created MultClass 2 with nModels: 5
Created C4.5 decision tree 2 with == and > splits
Created C4.5 decision tree 8 with == and > splits
Created C4.5 decision tree 14 with == and > splits
Created C4.5 decision tree 20 with == and > splits
Created C4.5 decision tree 26 with == and > splits
-417
-418.2
-418.6
-417.4
-419
-414.4
-418.6
-644.6
-418
-4659
-583.4
-1101.2
-543.6
-80.4
-507.6
-242.8
-553
-463.8
-419.6
-462.6
-421.2
-419.2
-418.8
-503.2
-417.8
-419
-420.6
-416.4
-419.2
-108.6
-419.2
-420.8
-59.4
-544.4
-585
-273.2
-186
-93.8
-95.6
-502
-105.2
-500.4
-507.2
-232.8
-511
-53.2
-460.4
-509.8
-104.4
-99.8
-218
-126.4
-50.6
-136.6
-95.4
-59.4
-141.8
-597.6
-171.6
-136.2
-84
-58.8
-92.4
-508.8
-98.8
-56.4
-509.2
-192.4
-88.2
-48.4
-57.2
-49
-97.8
-85.6
-54.8
-79
-97.4
-108.6
-88.2
-100
-54
-90.2
-53.8
-75
-73.2
-187.6
-52.4
-57
-59.6
-54
-97
-420.4
-423.6
-422.4
-417.2
-420.6
-421
-417.6
-416.8
-420.4
-422.4
-417.2
-421.6
-423.2
-419
-422.8
-420.8
-417.6
-417.8
-416
-420
-419.2
-419
-420.6
-420.2
-416.4
-417.4
-418.2
-421.2
-417.4
-420.2
-417.8
-420.8
-419.4
-421.6
-144.8
-421
-51.6
-460.8
-552.2
-89.6
-419.4
-419.8
-418.4
-48
-419
-52.8
-417.2
-89.4
-418.2
-420.4
-420.4
-422.4
-52.6
-420
-85.2
-48
-50
-91.2
-420.6
-57.8
-54
-57.8
-52.8
-54.2
-55.2
-54.4
-71.8
-59.2
-50.6
-81.6
-81.4
-49.8
-59.2
-57.2
-51.6
-54.2
-91.2
-50.6
-54.6
-55.8
-55
-51.4
-64.8
-63.4
-48
-58.6
-55
-49
-62.6
-49.6
-80.2
-50
-54.8
-48.8
-52.2
-48.8
-47.4
-58.4
-46.6
-53.6
-52.6
-50.4
-52.6
-60.2
-52
-53.8
-53.2
-68.4
-51.4
-53.8
-52
-53.8
-54.8
-50
-52
-60.4
-53
-50
-50.4
-74
-55.2
-52.4
-48.6
-53.2
-52
-53.4
-59.6
-50.8
-53.4
-49.6
-55.4
-48.8
-50.2
-49.6
-50.6
-44.8
-50.6
-47.6
-46
-55
-57.4
-69.6
-51.8
-50.8
-58
-49.4
-60.6
-48.4
-53.6
-51.2
-93.8
-51.8
-48.4
-59.4
-72.8
-69.8
-70.6
-51.4
-49.6
-51
-48.6
-51.6
-77.4
-50.6
-54.8
-50.6
-49.6
-54.4
-60.6
-51
-56
-50.2
-59
-88.6
-54.2
-52.6
-55.4
-50.6
-52.6
-54.2
-67.2
-46
-63
-50
-86.2
-54.2
-55.4
-46.8
-54.6
-46.4
-79
-54.8
-50
-48.4
-56.8
-55
-50.8
-55
-58
-50.4
-71.8
-55.4
-61.2
-51.8
-49.4
-57.8
-49
-54.4
-54.4
-59.8
-70.4
-54.2
-54.8
-75.4
-50.6
-56.6
-56.4
-51
-56
-56.2
-49.6
-58.8
-48
-50.8
-45.6
-54.6
-59.6
-60.2
-55.2
-53.2
-51.4
-53.2
-52
-73.2
-56.8
-53.6
-75.6
-49
-52.4
-96.2
-50
-49.4
-55.6
-73.4
-51
-56.8
-52.8
-55.4
-107.6
-57.8
-58.4
-51.8
-54.4
-51.6
-49.6
-58.6
-53.8
-81.6
-51.6
-56
-54.2
-53
-50.8
-53.8
-56
-50
-55.2
-47.6
-52.8
-52
-55.4
-53.6
-56
-47.4
-58.4
-51.2
-54
-49
-48.6
-54
-56.8
-53
-50.8
-51.2
-54.4
-66.2
-51.4
-48
-53.4
-55.6
-50
-52.4
-54
-51
-54.4
-47.8
-49.8
-53.4
-51.8
-56.6
-48.6
-58.4
-52.6
-52.2
-57.2
-56
-47.2
-55
-73.2
-54.2
-55.2
-55
-53
-53
-52.4
-55.6
-48
-51
-75.4
-50.6
-55.8
-75.2
-79
-50.8
-54
-50.6
-73.2
-51.4
-52.2
-51.4
-52.4
-53.2
-48.4
-56
-49.4
-79.4
-50.4
-51
-46.8
-48
-56.6
-52.4
-49.8
-57.2
-50.4
-51.6
-50.4
-55.6
-52.6
-68.4
-52.8
-56
-54.4
-55
-50
-54.2
-53.2
-50.6
-53.4
-54.8
-60.4
-52
-51.2
-71.6
-56.2
-52.6
-49.4
-49.8
-57.4
-57.8
-50
-49
-52.6
-52.4
-58.8
-51.2
-59.8
-51.6
-52.2
-60.8
-97.8
-52
-54.4
-50.2
-48.4
-50.4
-51.4
-56
-55
-50
-51.8
-48.6
-72.8
-46.8
-53.8
-46.6
-50.6
-59.2
-55.6
-46.4
-53
-50.2
-54.6
-52
-52.6
-51.6
-48.6
-55
-49.4
-49
-63.8
-46.8
-58.8
-53.4
-47.6
-53.2
-54.2
-57
-58
-53.4
-87.4
-52.2
-53.2
-60
-56.2
-46.8
-52.6
-49.2
-55.2
-51
-51.4
-55.6
-52.8
-53.8
-54.8
-48.8
-50.4
-53.6
-54.8
-53.4
-49.6
-53.6
-51.4
-50.6
-50.4
-57
-51
-50
-50.6
-51.4
-63.2
-46
-56.8
-55.6
-58.2
-51.6
-49.4
-55.8
-53.6
-56
-51
-68.2
-68.4
-49
-53
-54.4
-50
-49.2
-53.4
-54
-50
-49.6
-57.4
-56.4
-49.8
-52.2
-49.4
-56.6
-75.8
-56.2
-48
-50
-48.4
-54.6
-53
-56.8
-61.2
-49.6
-49.8
-50.4
-49.8
-51.8
-50.8
-74.8
-56.4
-50
-50.8
-52.6
-79.6
-54.2
-52.4
-55
-59.8
-47
-47.8
-55.4
-54.6
-52.8
-52.2
-54.8
-55.4
-77
-55.2
-57
-58.2
-54.6
-51.6
-48
-50.8
-47.6
-51
-52
-95.2
-52.8
-52.8
-53.4
-57.6
-52.8
-55
-56.6
-53.2
-76.4
-54.4
-53.4
-51
-56
-50.2
-81.4
-46.6
-60
-56.8
-52
-50.8
-53.8
-45.2
-50.4
-54
-53.6
-61.4
-49.2
-49.2
-56.6
-56.6
-50.8
-45.2
-54
-51.8
-52.6
-56
-63.2
-53.4
-54.8
-54.2
-53.8
-54.8
-56.2
-55.6
-48.4
-58.6
-49
-52.8
-48.6
-54.2
-53
-49.8
-55.4
-50.6
-69.8
-50.6
-50.6
-56.8
-56.2
-47.2
-51.4
-73.8
-46.8
-54.8
-52
-53.6
-50.6
-48.8
-77.4
-53
-54.4
-55.2
-47.4
-55
-50.8
-47
-52.4
-54.4
-56.6
-49.2
-72
-55.8
-51.6
-51.2
-76.6
-52.2
-48.8
-67.4
-49
-52.8
-50.6
-51.8
-57.6
-55.8
-52.6
-57.6
-58.2
-50.2
-52.4
-78.8
-50
-55
-52
-49
-58.2
-53
-54
-49.8
-48.8
-78.4
-49.6
-50.2
-54.6
-55.6
-50.2
-54.8
-57.6
-49.2
-48
-72.6
-55.4
-54.2
-56.6
-49.4
-58
-50.8
-50.2
-53.2
-50.4
-51.8
-50.4
-49
-54.8
-56.6
-48.2
-56.4
-48
-48.4
-57
-52.6
-47
-53
-60.2
-55.6
-53.4
-55.4
-53.8
-47.8
-54
-53.2
-50.4
-44.6
-46.8
-50.4
-53.4
-48.6
-52.8
-50.4
-49.8
-57
-49.2
-48.4
-54.8
-52
-47.8
-51
-47.2
-56.8
-47.6
-52.6
-50.2
-55
-48.6
-48.2
-59.2
-52.4
-48
-51
-51.8
-45.6
-57.4
-49.4
-52.8
-53.8
-57.8
-48.2
-50.2
-48.6
-54
-45.6
-46.6
-47
-52
-52.4
-57.8
-52.2
-48.6
-51.2
-63.8
-52.4
-50
-51.8
-47
-48
-52.2
-54.8
-53
-50.8
-49
-56.4
-59
-53.6
-52.4
-56.4
-51.6
-53.8
-45.4
-80
-48
-53.4
-54.8
-49.4
-58.6
-56
-51.2
-54.8
-52.8
-50.6
-48.2
-51.6
-71.2
-416.8
-59.4
-51.4
-50
-51
-55.2
-47.8
-53
-52
-50.6
-57.4
-48.4
-59.2
-54
-51.4
-52.2
-54
-49.4
-51
-49.8
-58.8
-53.6
-57.8
-78.4
-55.4
-61.8
-58.2
-52.8
-50
-57.6
-78.6
-55.8
-52.6
-53.2
-51
-48.6
-52
-52
-51.2
-48.6
-47.4
-56.6
-52.2
-54.8
-51.4
-52
-52
-48.8
-53.8
-59.8
-52
-55
-55
-56.4
-49.6
-57.4
-58.2
-69.6
-68.4
-46.8
-53
-54.4
-50.4
-54.8
-61.8
-55.4
-60.8
-52
-54.6
-48.6
-53.8
-49.6
-53
-53.8
-50.4
-52.6
-52
-47.8
-55.2
-48.8
-47.4
-55.8
-58
-54.4
-52.8
-54.6
-54.6
-49.6
-55.4
-51
-56.2
-54.2
-47.8
-46.6
-58
-47.6
-47.2
-53.4
-50.2
-48.4
-54.8
-57.8
-55
-50.4
-57.6
-48
-76
-49.6
-57.2
-53.8
-50.2
-48.4
-51
-51.6
-56
-55.6
-56
-51.8
-53.4
-51.6
-55
-54.6
-46.6
-58.2
-51.6
-53
-53.8
-51.8
-50.8
-55.4
-53.8
-47.2
-51.6
-56.6
-49.4
-53.4
-50.4
-57.6
-57.2
-48
-54
-52.8
-56
-52
-55
-58
-55.4
-54.4
-56.6
-53.6
-79.4
-59
-53.4
-47.8
-51.6
