agent: texplore
env: fuelworld
Environment is episodic.
set statesPerDim to 0 for all dim
feature 0 has range 20
feature 1 has range 30
feature 2 has range 61
reward range: 400
Parallel ETUCT tracking real state values
Planner using history size: 0
Start model learning thread
start parallel uct planning search thread
Created MultClass 0 with nModels: 5
Created C4.5 decision tree 0 with == and > splits
Created C4.5 decision tree 6 with == and > splits
Created C4.5 decision tree 12 with == and > splits
Created C4.5 decision tree 18 with == and > splits
Created C4.5 decision tree 24 with == and > splits
Created MultClass 3 with nModels: 5
Created C4.5 decision tree 3 with == and > splits
Created C4.5 decision tree 9 with == and > splits
Created C4.5 decision tree 15 with == and > splits
Created C4.5 decision tree 21 with == and > splits
Created C4.5 decision tree 27 with == and > splits
Created MultClass 4 with nModels: 5
Created C4.5 decision tree 4 with == and > splits
Created C4.5 decision tree 10 with == and > splits
Created C4.5 decision tree 16 with == and > splits
Created C4.5 decision tree 22 with == and > splits
Created C4.5 decision tree 28 with == and > splits
Created MultClass 1 with nModels: 5
Created C4.5 decision tree 1 with == and > splits
Created C4.5 decision tree 7 with == and > splits
Created C4.5 decision tree 13 with == and > splits
Created C4.5 decision tree 19 with == and > splits
Created C4.5 decision tree 25 with == and > splits
Created MultClass 2 with nModels: 5
Created C4.5 decision tree 2 with == and > splits
Created C4.5 decision tree 8 with == and > splits
Created C4.5 decision tree 14 with == and > splits
Created C4.5 decision tree 20 with == and > splits
Created C4.5 decision tree 26 with == and > splits
-418.6
-417.4
-419
-417
-418.6
-416.4
-421
-419.6
-420.2
-418.6
-419
-417.6
-419.6
-419.2
-421.2
-420.4
-418.6
-420.2
-734.2
-417.6
-419.6
-418
-419.2
-421.2
-420.4
-418
-418
-420.8
-419.6
-417.2
-512
-470.8
-418.8
-418.6
-510.6
-417.2
-399.8
-467.6
-419.8
-421.4
-717.001
-272.6
-96.6
-592
-508.6
-143.8
-142.6
-670
-139.4
-144.4
-550.8
-184.8
-95.6
-98.2
-80.4
-143
-499.8
-498
-463
-460.6
-96.8
-464.2
-66.2
-501.4
-460.6
-501.4
-556.8
-103.6
-65.8
-142.6
-64.6
-54.6
-88.8
-258.6
-66
-90.2
-63.2
-98.8
-86
-100.8
-56
-104.6
-92.8
-141.2
-463.6
-60.4
-55.4
-464
-416.4
-97.4
-97.4
-50.4
-61.6
-80.6
-127.8
-53.4
-93.6
-82.2
-58.2
-59
-63
-55.6
-83.8
-63.2
-53.6
-93.8
-58.2
-63.6
-85.4
-54.2
-61.6
-89.2
-55.4
-52
-58.6
-59.8
-55.8
-58.4
-52.8
-58.8
-51.6
-98.2
-60.4
-68.4
-55.2
-89.6
-55.4
-56.6
-181
-56
-64.6
-53.6
-57.6
-58.8
-55.8
-56
-50.4
-52.8
-54.2
-52.6
-57
-59.2
-50.6
-54.2
-52.6
-50.6
-54.4
-53.4
-54.4
-51.2
-53.4
-55.6
-53.2
-56.2
-58.4
-49.2
-51.6
-59.6
-55.2
-52
-54.6
-53.8
-50
-50.4
-49
-94.6
-83.2
-54.6
-52
-50.8
-56.2
-58
-52.2
-50
-71.8
-57.2
-54.6
-56.4
-54
-54.2
-48.2
-57.2
-55.6
-53.6
-55.6
-59.6
-52.8
-47.4
-53
-50.2
-55.2
-58.4
-54.6
-47.4
-60.6
-87
-51.8
-58.2
-48.4
-58.6
-51.6
-56
-53.2
-53
-55.2
-461
-55.4
-50.2
-51.2
-50
-462.8
-100.2
-56.8
-51.4
-55.2
-75
-57.2
-53.8
-66.6
-54.4
-458.8
-76.2
-48.4
-83.6
-70.6
-49.6
-55.8
-74.4
-51.8
-47
-50
-52
-53
-53
-72.2
-49
-48.2
-70.4
-90.2
-62
-70.8
-54
-94.2
-76.6
-62.4
-54.2
-52.2
-50
-49
-50.8
-52.4
-66.2
-54
-52.8
-53
-49.8
-58.2
-50.8
-52.6
-47.8
-60.8
-47.8
-54.8
-58.6
-53.6
-51.8
-46.8
-60.6
-462.4
-56
-52.4
-55
-50
-49.8
-54.4
-50.8
-50.8
-58
-48
-56.2
-52.6
-52.4
-54.6
-50
-52.8
-52.2
-54.2
-59.2
-55.2
-55
-69.8
-50.2
-51.8
-56.2
-72.2
-53.2
-56.6
-55
-49.8
-50.4
-58.6
-57.2
-52
-61
-55.6
-56.2
-57
-53.4
-51.4
-74
-54.8
-53.8
-51
-53.2
-51.4
-49.2
-50.8
-59.6
-52.8
-56.4
-48.6
-88.4
-49.6
-47.2
-51
-51.8
-55
-71
-53
-49
-54.6
-48
-50.4
-53.4
-49.6
-46.4
-49.8
-53.8
-71.6
-49.2
-49.2
-51.4
-45.2
-53.6
-52.8
-53
-55
-51.4
-54.4
-54.2
-53.4
-52.4
-47.8
-51.6
-52.4
-54.6
-56.4
-50.4
-52.4
-55
-52.6
-54.2
-49.6
-54.8
-50
-55
-52
-48.8
-47.8
-49.4
-54
-58.8
-57
-49
-48.6
-49.4
-49.2
-49.8
-56.4
-96.6
-57.8
-46.2
-59
-56.8
-53
-51.8
-52.4
-47.4
-49.4
-84.6
-47
-50.4
-56
-58
-48.4
-54.6
-53
-51
-65
-73.8
-49.4
-51.4
-49.4
-47.8
-46.6
-80.8
-47.6
-53
-55.2
-45.8
-53
-45.8
-49.2
-44.8
-94.8
-55
-55.2
-56.4
-54.8
-53.4
-50.6
-55.4
-52.8
-53.6
-46
-50.2
-54.8
-57.2
-45.6
-56.8
-54.8
-47.6
-52
-78
-52.4
-57
-49
-52
-54.2
-55.4
-48
-55.2
-47.6
-52
-50.8
-47.4
-54
-54.2
-73.8
-56.4
-46.6
-76.2
-47.8
-47.6
-57.2
-54.4
-52
-53.2
-51.8
-52
-59.4
-53.4
-50
-75.4
-52.8
-46.6
-49.4
-54
-53.8
-50.2
-48.2
-51.4
-53.2
-53.2
-51.8
-51.4
-49
-56.2
-70
-54.4
-61
-53
-56.4
-47.2
-53.4
-50.2
-52.6
-48.4
-76
-52
-55.4
-49.8
-53.8
-54.2
-53
-48.4
-54
-50
-52.2
-68.4
-54.8
-46.8
-54.8
-48
-50
-50.8
-48.8
-51.4
-49.8
-48.6
-51.2
-48.8
-52.4
-50
-48.6
-54.8
-54.8
-54
-52.8
-55.6
-57.6
-49.8
-56.6
-50.2
-60.4
-50.8
-60
-52.4
-70.6
-45.4
-50
-51
-56.6
-58.6
-54
-59
-47.2
-49.6
-50.4
-52.2
-48
-59.6
-57.2
-54.4
-53
-53.2
-53.8
-50.4
-52.4
-58.2
-47.6
-48
-55
-52.6
-56.8
-58
-50.4
-48
-54.4
-77.4
-52.4
-57.2
-53.6
-47.8
-68.6
-51.8
-60.4
-50.4
-47.6
-55
-52.4
-50.8
-47.6
-59.4
-52.4
-55
-48
-49.2
-45
-53.4
-47.8
-49.4
-51.6
-56.6
-50.2
-50.8
-67.8
-55.4
-49.2
-50.8
-49.8
-54.2
-48.4
-51.4
-51.6
-47.4
-50.2
-72.2
-57.8
-49.8
-59.4
-47.4
-59.4
-46.2
-50.2
-83.4
-45.6
-56
-56.4
-54
-54.6
-55.2
-56
-55.6
-51
-75.6
-81
-45.6
-57.8
-53
-47
-54.4
-50.6
-80.6
-63.4
-55.8
-58.8
-46.6
-54.8
-52.8
-50.4
-50
-61.8
-54.6
-53.2
-62.4
-52
-50.2
-53
-48.4
-49.6
-45
-52.4
-54.4
-56
-49.2
-48.6
-50
-54.2
-52.4
-53.2
-52.2
-48
-52.2
-55.4
-54.6
-50
-51
-52.6
-48.2
-47.4
-53.8
-59.2
-52.6
-49.6
-57.2
-55
-48.4
-49.4
-52.4
-52.8
-58.4
-51.8
-46.4
-52.2
-59
-50
-53
-70
-60.4
-50
-53.2
-52.8
-50.4
-53.8
-48.6
-48.6
-51.2
-52.8
-47.8
-51.2
-52.4
-61.2
-47.8
-51.8
-52.8
-53.2
-49.2
-48
-52.8
-56.8
-55.8
-50.2
-52
-47.8
-48.2
-56.8
-54.4
-48
-45.6
-49
-57
-47
-55.2
-51.2
-49.2
-52.8
-47.2
-55.2
-49.2
-48.2
-45.8
-52.6
-51.2
-50.8
-54.4
-49.6
-47.2
-53.8
-58.4
-51.4
-50.8
-51.8
-50.4
-56.2
-52.4
-53.6
-50.2
-48.4
-52
-50.2
-56
-60.4
-55.4
-47.2
-46.2
-52.2
-48.8
-53.8
-50
-50.4
-55.2
-53.4
-51.8
-52
-54.8
-54.6
-51.8
-80.6
-54.4
-54.2
-52.4
-53.8
-56.4
-54.8
-55.2
-53.2
-49.4
-55.6
-52.4
-87.4
-48
-55.4
-54
-53
-54.8
-48.2
-53.8
-56.8
-50.2
-49.6
-55
-52.6
-55.8
-51
-52
-54.8
-50.8
-75
-55.8
-50.6
-47
-52.6
-54.4
-45.2
-69
-52.8
-51
-53.2
-55.8
-57
-53
-47.4
-53
-47.4
-51.2
-50.6
-45
-50.6
-53.6
-53
-51
-58.2
-96.2
-55.8
-51
-62.4
-57.2
-55.4
-59.8
-61.2
-61
-55.2
-50.4
-48.8
-56.6
-64
-49
-49.6
-58
-52
-49.8
-54.4
-57.6
-52.4
-67.2
-55.4
-53.4
-60.2
-48
-57.4
-91.8
-53.6
-62.6
-51
-53.8
-50
-49
-46.6
-55
-48.2
-46
-54.6
-68.6
-53.8
-50.8
-51.4
-57
-56.2
-46.8
-50.4
-49.2
-50.8
-58.8
-49.2
-54.2
-48.4
-52.6
-49.2
-51.4
-49.2
-49.2
-54.8
-54.2
-47.2
-56
-62.6
-56.8
-47.4
-47.4
-55.4
-51.6
-52.6
-70.6
-59.8
-51.2
-60.8
-53.2
-79.6
-53.6
-55.8
-52.6
-49.6
-49.2
-58.8
-48
-50.2
-55.4
-49.4
-54.2
-63.6
-45.8
-56.2
-53.4
-50.4
-53
-51.4
-50.6
-49.8
-50.2
-75
-53.8
-52.6
-49.8
-53.6
-59.4
-57
-53
-52
-55
-48.2
-48.4
-55
-57.6
-97.2
-54.2
-51.2
-50.8
-54.2
-58
-54.8
-56.8
-54.8
-47.2
-57.2
-53.2
-56.8
-48.6
-51.2
-49
-52.8
-76
-54.8
-50.4
-46
-49.6
-58.2
-55.6
-56.6
-55.8
-51
-56.4
-52
-54.4
-65.2
-50.2
-68.4
-60
-51.2
-55.4
-51.4
-59.2
-49.6
-73.6
-54.2
-59.2
-46.2
-46
-55.2
-55.2
-53.8
-47.4
-72.8
-52.2
-56.4
-55.6
-81.2
-50.4
-80
-45.6
-55.6
-49.2
-55.6
-56.4
-55.2
-50.6
-51.4
-50.4
-48.8
-49.6
-56
-49.2
-48
-54.6
-53
-50
-51.2
-57
-56.2
-53
