agent: texplore
env: fuelworld
Environment is episodic.
set statesPerDim to 0 for all dim
feature 0 has range 20
feature 1 has range 30
feature 2 has range 61
reward range: 400
Parallel ETUCT tracking real state values
Planner using history size: 0
start parallel uct planning search thread
Start model learning thread
Created MultClass 0 with nModels: 5
Created C4.5 decision tree 0 with == and > splits
Created C4.5 decision tree 6 with == and > splits
Created C4.5 decision tree 12 with == and > splits
Created C4.5 decision tree 18 with == and > splits
Created C4.5 decision tree 24 with == and > splits
Created MultClass 3 with nModels: 5
Created C4.5 decision tree 3 with == and > splits
Created C4.5 decision tree 9 with == and > splits
Created C4.5 decision tree 15 with == and > splits
Created C4.5 decision tree 21 with == and > splits
Created C4.5 decision tree 27 with == and > splits
Created MultClass 4 with nModels: 5
Created C4.5 decision tree 4 with == and > splits
Created C4.5 decision tree 10 with == and > splits
Created C4.5 decision tree 16 with == and > splits
Created C4.5 decision tree 22 with == and > splits
Created C4.5 decision tree 28 with == and > splits
Created MultClass 1 with nModels: 5
Created C4.5 decision tree 1 with == and > splits
Created C4.5 decision tree 7 with == and > splits
Created C4.5 decision tree 13 with == and > splits
Created C4.5 decision tree 19 with == and > splits
Created C4.5 decision tree 25 with == and > splits
Created MultClass 2 with nModels: 5
Created C4.5 decision tree 2 with == and > splits
Created C4.5 decision tree 8 with == and > splits
Created C4.5 decision tree 14 with == and > splits
Created C4.5 decision tree 20 with == and > splits
Created C4.5 decision tree 26 with == and > splits
-417.4
-419.4
-418.2
-419
-417.4
-417.2
-419.4
-418.8
-419
-419.8
-417.8
-417.6
-420.8
-420
-423.6
-418
-418.2
-420.2
-507.2
-421.6
-418.4
-418.2
-421.2
-419.6
-417.2
-418.2
-416.8
-417
-416
-831.8
-845.4
-1094.2
-1161.2
-646.8
-227
-152.2
-188.2
-501.4
-715.4
-511.2
-82
-389.4
-481.2
-466.4
-605.6
-96.4
-219.8
-91.8
-91.4
-164.6
-85.6
-84.6
-129
-171.2
-605.4
-183.2
-96.6
-93.2
-503
-273
-178.4
-110.2
-135.6
-216
-246.8
-100
-92.8
-100.2
-139
-149.8
-233
-100.8
-418.8
-419.6
-416.4
-415.2
-418.2
-416.8
-421.2
-419.6
-418.4
-416.8
-416
-419.4
-416.2
-417.6
-417.4
-417.2
-418.6
-460.4
-421
-422
-57.4
-75.2
-141.2
-95.8
-96.2
-57.8
-80.6
-121
-50.6
-57.8
-93.4
-52
-98.4
-56
-52.6
-55.8
-58.2
-87.4
-49.2
-59.4
-53.6
-146
-101.6
-61.2
-61.6
-54.4
-49.6
-54.8
-59
-49.4
-48
-63
-51.4
-60.8
-49.4
-57.2
-84.4
-56.2
-53.8
-60.8
-55.4
-49.2
-48.6
-54.4
-90.4
-55.6
-52.6
-80.8
-60.4
-49.2
-47.4
-49
-140.4
-46.6
-49.4
-49.8
-52.2
-52.4
-52.4
-46.8
-49.2
-73.2
-48.6
-50.8
-49.4
-53.4
-50.8
-47
-49.2
-49.8
-77.4
-48.2
-52.6
-54.4
-52.2
-49
-56.2
-61.6
-56.2
-60.8
-52.6
-55
-53.6
-52.4
-51.8
-54.2
-53.8
-69
-54
-48.8
-45.6
-52
-58
-50.8
-50.8
-62.6
-64
-81.8
-55.6
-56.8
-57.2
-48.2
-72.8
-54.8
-57
-56.4
-55
-68.4
-51.2
-48.4
-55.4
-54.2
-49.8
-56
-52.4
-57.4
-51.6
-50.4
-55
-50.8
-51.4
-57
-55.4
-54.8
-48.8
-52.6
-56.2
-55.8
-51.8
-58.8
-52.8
-45.4
-48.8
-52.2
-82.4
-52.2
-54.2
-47
-53.2
-54.4
-59.4
-55.4
-69.2
-50.4
-56.4
-52.4
-48.2
-57
-55
-51
-78.4
-48.4
-52.6
-60.2
-97
-49
-56.8
-54.4
-52.2
-53.4
-55.8
-56.6
-47.6
-54
-51.6
-50.6
-53.6
-50.6
-51.4
-52.8
-50.2
-50.4
-57.8
-54.2
-85.8
-53.6
-86
-49.4
-51.2
-49
-52.6
-50.8
-53
-418.6
-47.6
-50.8
-48.4
-49.4
-81.2
-74.8
-50.6
-84.4
-50.4
-46.6
-56.2
-86.2
-54.4
-51.4
-85.2
-52
-77.2
-53
-57.8
-61.2
-51.6
-61
-55
-52.6
-95.4
-91.4
-58.4
-48.8
-56.6
-52.6
-50
-53.2
-68.2
-73
-52.8
-50.4
-56
-52
-53
-51.6
-57
-78.8
-74.4
-48.6
-55.4
-54.2
-51
-55.8
-52.6
-47
-52.2
-54.2
-50
-47.4
-46.6
-55.4
-51
-50.4
-52.6
-55
-52.6
-51.2
-51.6
-55
-52.2
-52.4
-51
-54
-48.4
-81.2
-54.2
-53.4
-49.6
-54.2
-50
-52.8
-51.8
-57.2
-56.4
-48
-55
-52.2
-53
-51.8
-52.6
-57.6
-53.4
-48.2
-60.6
-54.6
-48.2
-53
-50
-48.2
-52.6
-51.2
-54.4
-129
-52
-48.4
-51.8
-52
-56.6
-54.6
-53
-51.8
-51.4
-48.6
-53
-50
-52.4
-53.6
-52.8
-463
-51
-55.8
-45.8
-53
-49.6
-53.4
-51
-48.8
-52.8
-54.8
-56.6
-57.2
-48.6
-46.4
-52.2
-55
-53.8
-464.8
-47.8
-49.6
-50
-57.2
-60
-56
-55
-51.8
-51.8
-52
-56
-52.6
-49.6
-115.4
-51
-55.2
-54.4
-70.8
-55.8
-60.4
-50.6
-48.2
-54
-54.4
-55.4
-53.2
-58.8
-78.2
-51
-50.4
-50.4
-49.8
-52.2
-50
-49
-51.4
-49.2
-72.8
-56.6
-46.4
-56.6
-61.2
-59.8
-48.6
-52
-49
-60
-49.8
-51.6
-51.4
-51.2
-71.6
-59.2
-54.6
-47.6
-52
-52.4
-55.8
-68.4
-56.6
-55.8
-51.8
-55.2
-51
-52.8
-58.2
-47.8
-54
-49
-53.8
-52
-50.2
-53.2
-56
-51.8
-48.8
-49.2
-60
-56.2
-51.4
-53.6
-51.6
-51.4
-54.2
-51.2
-48
-49.8
-47.8
-51.6
-47.2
-55.4
-53.4
-53
-53.2
-51.8
-55.6
-54.4
-52
-52.2
-49.6
-50.4
-73.6
-51.4
-54.6
-49.6
-53.2
-48.2
-53.6
-57.2
-53.2
-52
-54
-48
-53.6
-53.2
-47.6
-51.8
-50
-52.8
-49.2
-50.8
-53.6
-71.8
-53
-53.4
-47
-53.6
-49.6
-48.8
-47.8
-53.8
-48
-49.2
-49
-49
-48
-48.6
-48
-46.6
-52.6
-55
-49
-51.6
-49.2
-48.4
-50.2
-45.6
-57
-55.8
-49.8
-49.4
-52
-58.6
-46.8
-52
-50.8
-67.8
-49.8
-51
-52.2
-49.2
-51.4
-55.6
-57
-54.8
-52
-56.4
-48
-52.4
-48
-47.4
-47.4
-47.2
-74.6
-49.2
-48.4
-57.4
-51.6
-58.4
-55.6
-50
-50.2
-54.8
-52.8
-72.8
-51
-52.4
-56.6
-52.8
-51.8
-57
-54.8
-48
-56.6
-55.2
-49
-51.2
-48.8
-58.4
-54.8
-48.2
-56.6
-49.6
-52.4
-48.4
-58.6
-50.2
-53.6
-52.2
-46.8
-51.2
-53.8
-73.6
-51
-53.8
-52.2
-52.4
-51.4
-54
-59.8
-54.2
-53
-53.2
-59.8
-51.4
-44.4
-53.2
-46
-52.2
-47
-69.6
-54.4
-49.6
-53.2
-54.8
-55.6
-50.2
-52.6
-52
-47.4
-58.2
-51.8
-52.2
-46.6
-52.2
-52.8
-55.4
-53.4
-46.6
-59.2
-52.2
-48.2
-52.8
-54.4
-54.8
-51.8
-50.4
-54
-53.8
-52.8
-52
-57
-54.4
-52.2
-55
-53.6
-76.6
-49.8
-53.8
-48
-52.2
-51.8
-53.8
-54.4
-51
-57.8
-52.8
-62.6
-54.8
-53.6
-47.6
-51.4
-47.4
-52.8
-52.8
-50.4
-57.2
-53.2
-55.6
-56.8
-52
-50.8
-49.4
-50.8
-55.4
-55.4
-50.4
-50
-49.6
-88.6
-53.8
-49.8
-56.8
-56.4
-59.6
-48.4
-79.6
-56
-52
-54.2
-53.2
-47
-51.4
-45.4
-55
-72.8
-48.8
-53.6
-49
-54
-50.6
-52.8
-49.6
-51
-57.6
-56.4
-50.6
-51.8
-55
-51.6
-51.6
-50.4
-56.4
-54.4
-49.8
-50.8
-50
-49.6
-50.6
-48.4
-62.2
-51.4
-51.8
-53.4
-50
-55.8
-47.4
-57.8
-50
-51.4
-48.4
-52.6
-48
-51.8
-58.6
-73.2
-56.2
-51.6
-77.6
-74.2
-53.8
-52.2
-47.6
-53
-52.2
-53.6
-49
-79
-51.6
-51.8
-52.2
-51.8
-71.8
-47
-50.2
-75
-75.4
-55.8
-50.4
-58.6
-50.8
-51.6
-52.8
-51.4
-49.8
-53.2
-49.4
-49.4
-51.8
-418.4
-48.6
-48.2
-49.6
-51
-48
-55.2
-53.2
-54.2
-53.6
-53.4
-52.4
-52.8
-51.4
-56.2
-54.8
-49.6
-53
-52.6
-52.2
-49
-61.6
-92
-50.8
-52.2
-50.8
-49.4
-58.2
-55.2
-56.2
-56.2
-69.4
-50
-52.2
-49.8
-49.8
-51.2
-50.6
-44.6
-50.8
-49.6
-52.8
-49
-48.8
-54.2
-50.4
-63
-55.6
-46.6
-52.4
-70.8
-54.2
-57.8
-50
-75.8
-50.4
-46.6
-50.4
-77.8
-52
-54.2
-50.8
-54.4
-50.6
-46.4
-51.2
-49.2
-53.4
-56.6
-47
-47.6
-48.4
-51.4
-50.8
-48.8
-62.6
-48.4
-48.6
-51.4
-55
-56
-59.2
-55.4
-53
-53.4
-52.6
-54.4
-49.8
-56
-54.6
-50.8
-53.2
-55.4
-54
-49.8
-59.8
-59.4
-54.8
-56.8
-60.2
-53.4
-47
-49
-56
-50.4
-46.6
-45.8
-55.8
-46.4
-51.2
-47.2
-47.8
-45.2
-54.2
-48.2
-53
-56.8
-49
-58.8
-54.6
-53.4
-52.8
-55.4
-66
-47.8
-51
-53.2
-55.4
-50.2
-51.8
-52
-49.6
-80.8
-51.8
-47.6
-48.4
-51.4
-51.8
-52.4
-50.8
-58.2
-52
-56
-50.6
-51.2
-55.8
-47
-53.4
-51.2
-56.8
-52.4
-75
-70.4
-52
-59
-48.8
-53.2
-47.6
-50.2
-53.6
-59.6
-65.4
-51.6
-49.2
-50
-54.6
-49
-49.8
-48.2
-50.8
-53.2
-48
-54.2
-58
-46.2
-55.4
-89.8
-70.8
-49.2
-51
-45.2
-49
-49.6
-56.2
-53
-51.4
-52.2
-55
-68.6
-52.8
-55.4
-53.2
-48.4
-49.2
-54.8
-53.8
-51.4
-48.4
-49.8
-48
-79.6
-52.4
-55
