agent: texplore
env: fuelworld
Environment is episodic.
set statesPerDim to 0 for all dim
feature 0 has range 20
feature 1 has range 30
feature 2 has range 61
reward range: 400
Parallel ETUCT tracking real state values
Planner using history size: 0
Start model learning thread
Created MultClass 0 with nModels: 5
start parallel uct planning search thread
Created C4.5 decision tree 0 with == and > splits
Created C4.5 decision tree 6 with == and > splits
Created C4.5 decision tree 12 with == and > splits
Created C4.5 decision tree 18 with == and > splits
Created C4.5 decision tree 24 with == and > splits
Created MultClass 3 with nModels: 5
Created C4.5 decision tree 3 with == and > splits
Created C4.5 decision tree 9 with == and > splits
Created C4.5 decision tree 15 with == and > splits
Created C4.5 decision tree 21 with == and > splits
Created C4.5 decision tree 27 with == and > splits
Created MultClass 4 with nModels: 5
Created C4.5 decision tree 4 with == and > splits
Created C4.5 decision tree 10 with == and > splits
Created C4.5 decision tree 16 with == and > splits
Created C4.5 decision tree 22 with == and > splits
Created C4.5 decision tree 28 with == and > splits
Created MultClass 1 with nModels: 5
Created C4.5 decision tree 1 with == and > splits
Created C4.5 decision tree 7 with == and > splits
Created C4.5 decision tree 13 with == and > splits
Created C4.5 decision tree 19 with == and > splits
Created C4.5 decision tree 25 with == and > splits
Created MultClass 2 with nModels: 5
Created C4.5 decision tree 2 with == and > splits
Created C4.5 decision tree 8 with == and > splits
Created C4.5 decision tree 14 with == and > splits
Created C4.5 decision tree 20 with == and > splits
Created C4.5 decision tree 26 with == and > splits
-417.4
-420.2
-418.2
-417.4
-419
-418
-419
-1022
-417.4
-418
-416.4
-422
-418
-416
-1695
-419.4
-419.8
-418.8
-685.4
-421.2
-420.8
-462.2
-422.8
-418.8
-542
-506.8
-552.8
-705.8
-418.6
-149.8
-466.8
-466.2
-418.8
-460.2
-108.6
-585.4
-461.6
-459.4
-418
-500.4
-588.2
-457.8
-547.4
-551.6
-934.2
-148.2
-590.4
-505.6
-188
-623.8
-547.4
-1511.4
-347.6
-353
-89.4
-183.6
-59.2
-104.6
-59.4
-62.8
-172.8
-55.4
-54.6
-58.2
-53
-89.6
-137.8
-123.4
-48
-77.2
-50.4
-57.2
-545
-89.8
-171.4
-78
-127.2
-98.4
-58
-84
-53.8
-56.2
-96.6
-85.4
-55.6
-54.4
-93.6
-56.8
-57.2
-98
-56.8
-96.6
-77
-51.2
-54.8
-419.8
-416
-418.6
-55.4
-419
-61.8
-53.8
-54.4
-50.8
-78.8
-54.4
-62
-91.8
-459.2
-62.6
-54.8
-74
-87.4
-466
-56.6
-420.8
-416.4
-50
-48.2
-52
-45.6
-52.6
-54.2
-86.4
-51
-51
-49.6
-52.2
-419.8
-54.6
-85.4
-115.4
-51.6
-60.4
-61
-94.4
-81.4
-51.8
-50
-53.2
-57.6
-80.4
-50.4
-55.6
-77.4
-55.6
-56.6
-67
-50.4
-70
-87
-52.4
-52.4
-48.6
-49.8
-49.2
-51.6
-49.4
-54.8
-48
-53.8
-50
-55.6
-53.4
-54
-57.6
-51.8
-63.4
-51.2
-53
-55
-51.2
-52.4
-51.8
-67.2
-49.6
-53.8
-51
-54.6
-53.2
-50.4
-56.2
-57.4
-53.2
-51.8
-58.2
-75.4
-56.6
-50.2
-51.2
-48
-56.6
-52.2
-54
-49.8
-45.2
-51.4
-49.8
-47.6
-49.8
-68
-47.6
-49.8
-52.8
-50.6
-76.6
-78.6
-54
-52.8
-54.4
-77.8
-58.4
-54
-52
-52
-57.2
-57
-55.6
-53.8
-51.4
-50.6
-51.6
-49.6
-66.8
-56.6
-52.4
-51.4
-56
-52.4
-48
-59.2
-53.6
-56.6
-52
-67
-55.8
-54
-52.8
-46.6
-48.8
-460.4
-50
-54.6
-75.4
-54.2
-54
-57.2
-47.6
-56.4
-48.2
-77.8
-49.4
-54
-56.2
-53.6
-48
-51.2
-51.6
-53.6
-54
-50.2
-50
-55.6
-50.6
-52.4
-55.8
-56.4
-54.6
-56.6
-51.6
-51.6
-57.8
-52
-49.6
-58.4
-48
-51
-48
-56.4
-51
-50.4
-51.6
-53
-52.2
-51
-54.6
-53
-51.4
-53.8
-46.6
-57
-51.2
-60.6
-48.4
-56.6
-50
-50.8
-50.8
-57
-53
-80.2
-79.6
-51.6
-48.6
-52.8
-52.4
-55.6
-53
-91.4
-59.2
-52.2
-54.2
-56.8
-47.6
-51.6
-49.2
-49.4
-49.4
-58.6
-50.6
-47
-49.8
-81.4
-50.4
-54.6
-56.6
-51
-48.6
-49
-47
-49.6
-53.2
-50.8
-53.6
-47.8
-71.4
-53.4
-52
-46
-57.4
-51.4
-54.4
-49.8
-49.6
-55
-69.6
-48.2
-49.4
-58
-51
-45
-50.6
-49
-52.8
-54.6
-53.4
-53.4
-56
-52.4
-55.4
-51.8
-52.4
-56.4
-70.2
-126.2
-51
-51.4
-49.8
-50.4
-52.8
-55.6
-57
-49.6
-52
-50.8
-53.8
-82.6
-51.6
-49.6
-56.6
-55.2
-53.2
-50.6
-53.6
-50.4
-53.2
-50
-55.4
-55
-56.8
-56.6
-106.4
-50.6
-49.8
-58.2
-55.6
-48.2
-48
-50
-48.6
-56
-50.8
-48.4
-71.2
-49.8
-51.2
-46.6
-53.4
-54.4
-53.4
-51.8
-51.2
-47.4
-59.6
-52.2
-53
-57.4
-50
-52.2
-50
-53.2
-53.6
-48
-51
-52.8
-48.8
-51.2
-45.6
-50
-49
-53.8
-54.8
-55.6
-54.6
-73
-48.6
-51.4
-49
-76.2
-55.2
-51.2
-48.8
-51.2
-50.8
-51.8
-70.2
-53.4
-51.6
-53
-51.6
-51.4
-52.8
-51.8
-52.8
-51.6
-52.2
-52.8
-49.2
-56.2
-49.4
-49.4
-47.2
-52.8
-49.6
-51.2
-53.2
-53.2
-46
-68
-58.6
-53.4
-47
-47.4
-59.8
-46
-48.8
-52.6
-47
-54.2
-49.6
-51
-48.6
-50.8
-49.6
-54.8
-50.4
-50.2
-49
-50.4
-81.4
-47.2
-46.4
-55.8
-74
-57.2
-54.4
-53.8
-55.8
-50.6
-54
-56
-49.4
-50.6
-49.4
-53.6
-45.8
-46.6
-51.2
-51.8
-55.2
-56
-51.8
-79.2
-52.2
-52.4
-55.8
-49.2
-47.8
-52
-52.8
-58
-73.6
-50.4
-49.4
-51.6
-49
-52.8
-48.6
-59.2
-53.6
-51.6
-52.4
-49.4
-49
-54
-49.4
-53.4
-56
-53.4
-53.2
-50.2
-49.6
-49.8
-51
-49.6
-50
-53.6
-54
-49.4
-48.2
-45.4
-55.8
-51
-75.8
-53.4
-52.4
-53
-53.2
-47.2
-47.8
-52
-56.4
-55.6
-82
-58.2
-46.8
-53.8
-50.8
-83.2
-55.4
-51.4
-53.4
-59.4
-51.2
-48.4
-51.8
-52.8
-75
-53.8
-48.6
-49.8
-48.4
-59.2
-79.4
-55.2
-54.4
-48.8
-50.6
-51.6
-54.4
-51.6
-54.4
-52.4
-47.8
-52.2
-52.4
-52.6
-49.8
-49.4
-50
-51.4
-47.2
-50.2
-58
-50
-48.8
-50.6
-50.6
-51.2
-49.8
-53.2
-50.4
-50.8
-54.4
-53
-52.4
-54.2
-55
-53
-48
-50.8
-50.6
-53.4
-49.4
-52.4
-53.2
-50.4
-49.2
-51.4
-48.8
-49.4
-51.4
-54.2
-53.4
-49.4
-56.2
-50.4
-47.8
-50
-50.4
-49.2
-46.6
-56.2
-53.6
-51.4
-53.2
-79.4
-48.8
-75.8
-74.6
-68.4
-55.8
-54.4
-54
-54
-51
-52.2
-52
-83
-49.4
-54
-49
-50.2
-54.4
-50
-48.6
-50.6
-51
-52.4
-50
-54.4
-51.4
-48.4
-53
-56.2
-51.6
-50.4
-71.6
-53.6
-50.8
-48
-51.8
-53
-55.8
-50.8
-47
-52.6
-51.2
-50.8
-51.4
-51.4
-53
-57.8
-49.4
-52
-50
-48.4
-46
-49
-52.2
-59.4
-51.6
-55
-52.4
-52.4
-53.6
-47.6
-51.8
-50.4
-52
-52.6
-50
-53.2
-51.4
-54
-57.6
-52.2
-48
-46
-54
-51
-49
-54.8
-49.6
-73.8
-54.6
-51.6
-53.8
-74
-50
-52.8
-56.6
-54
-54
-79.4
-54
-49.4
-59.6
-53.2
-52
-50.8
-54
-49.4
-51.6
-49.4
-56
-46.6
-53
-54.8
-49
-46.6
-47
-68.8
-47
-51.8
-53.8
-54.6
-53.4
-53.4
-49.6
-50.6
-51.4
-53.2
-52
-59.6
-54.6
-73
-72.4
-57.8
-55.4
-53.2
-48
-48.6
-55
-56.6
-58.4
-74
-56
-54
-48
-77.6
-48.2
-50.8
-55.8
-54.2
-50
-47
-57
-50.2
-53.6
-49.2
-48.4
-49.8
-47.6
-54.6
-48.6
-51.6
-56.4
-58.6
-57.2
-55.4
-49.8
-46.6
-52.8
-51.6
-50.6
-48.8
-46.6
-51.6
-50
-59.4
-55.2
-49.8
-52.2
-53.8
-48
-50.4
-71
-52.8
-53.2
-48.4
-50.8
-46.8
-51.4
-52.8
-49.6
-52.6
-53.2
-48.2
-54
-55.6
-53.2
-71.2
-66.4
-49.8
-55.6
-49.8
-52.2
-70.6
-55
-50.8
-47.2
-53.8
-52
-51
-52
-51.6
-72.4
-53.6
-50.6
-52.2
-50.4
-52
-50
-56.2
-50.2
-67.4
-51.8
-52
-51.4
-52.4
-46.4
-47.6
-53.6
-56
-52.4
-49.2
-52
-53.2
-50.4
-50.2
-53
-51.6
-52.2
-47.2
-49.4
-47.4
-49
-52
-48.8
-51.4
-49.6
-53.2
-54.6
-80.6
-72.8
-54.4
-53.6
-53.4
-53.2
-50.2
-55
-53.8
-53.4
-48.6
-46
-57.2
-54.6
-74.8
-52.6
-51
-50.4
-56.6
-48.6
-57.4
-55
-49.6
-53.2
-53.8
-50
-50
-66.4
-48.6
-52
-57
-54.4
-51.4
-51.6
-53.4
-50
-54.2
-54.2
-78.6
-58.4
-51.6
-60.2
-82.4
-48.4
-56.2
-51
-55.4
-48.4
-49.6
-57.8
-51
-50.2
-53.2
-49.2
-58.8
-47.6
-53.2
-48.4
-69.8
-51.4
-48.8
-54
-52.6
-54.8
-48.4
-50.2
-51.4
-57.4
-90.4
-54.8
-50.4
-54
-50.2
-54.8
-81.6
-51
-49.4
-50.8
-50
-50
-53
-47
-47
-50.4
-50.6
-50.4
-48.8
-49.8
-53.4
-53.8
-54.4
-51.4
-53.2
-50.2
-57.6
-48.4
-74.6
-52.4
-56.8
-49
-50.8
-49
-50.4
-52.4
-59.2
-54
-48.2
-46.2
-57.2
-50.2
-51.2
-53.8
-49.2
-54
-49.4
-74.4
