agent: texplore
env: asterix
Environment is episodic.
set statesPerDim to 0 for all dim
feature 0 has range 30
feature 1 has range 30
feature 2 has range 30
reward range: 1001
Parallel ETUCT tracking real state values
Planner using history size: 0
Start model learning thread
start parallel uct planning search thread
Created MultClass 0 with nModels: 5
Created C4.5 decision tree 0 with == and > splits
Created C4.5 decision tree 6 with == and > splits
Created C4.5 decision tree 12 with == and > splits
Created C4.5 decision tree 18 with == and > splits
Created C4.5 decision tree 24 with == and > splits
Created MultClass 3 with nModels: 5
Created C4.5 decision tree 3 with == and > splits
Created C4.5 decision tree 9 with == and > splits
Created C4.5 decision tree 15 with == and > splits
Created C4.5 decision tree 21 with == and > splits
Created C4.5 decision tree 27 with == and > splits
Created MultClass 4 with nModels: 5
Created C4.5 decision tree 4 with == and > splits
Created C4.5 decision tree 10 with == and > splits
Created C4.5 decision tree 16 with == and > splits
Created C4.5 decision tree 22 with == and > splits
Created C4.5 decision tree 28 with == and > splits
Created MultClass 1 with nModels: 5
Created C4.5 decision tree 1 with == and > splits
Created C4.5 decision tree 7 with == and > splits
Created C4.5 decision tree 13 with == and > splits
Created C4.5 decision tree 19 with == and > splits
Created C4.5 decision tree 25 with == and > splits
Created MultClass 2 with nModels: 5
-996
Created C4.5 decision tree 2 with == and > splits
Created C4.5 decision tree 8 with == and > splits
Created C4.5 decision tree 14 with == and > splits
Created C4.5 decision tree 20 with == and > splits
Created C4.5 decision tree 26 with == and > splits
-995
-981
-996
-994
-991
-994
-995
-994
-993
-995
-994
-994
-995
-996
-995
-991
-995
-995
-995
-992
-996
-996
-995
-987
-991
-995
-995
-996
-995
-995
-996
-995
-994
-996
-995
-995
-995
-994
-997
-992
-991
-995
-990
-988
-994
-988
-995
-991
-988
-988
-996
-996
-990
-996
-997
-965
-994
-988
-992
-995
-994
-959
-994
-959
-931
-987
-959
-987
-987
-987
-973
-997
-959
-959
-987
-987
-987
-987
-987
-991
-987
-973
-928
-973
-944
-973
-986
-986
-986
-986
-970
-973
-975
-987
-886
-974
-984
-987
-973
-887
-891
-987
-987
-973
-987
201
-958
-986
-973
-986
-833
-986
-986
-995
-986
-994
-986
-994
-986
-994
-986
-983
-986
-995
-964
-986
-995
-986
-995
-986
-995
-986
-995
-986
-995
-986
-995
-986
-994
-945
-980
-995
-953
-958
-980
-986
-972
-986
-986
-986
-986
-986
-986
-986
-986
-986
-986
-986
-986
-986
-986
-986
-986
-986
-986
-986
-986
-986
-986
-986
-986
-986
-986
-986
-986
-986
-986
-986
-986
-986
-986
-986
-986
-938
-952
-980
-971
-994
-994
-994
-994
-994
-975
-984
-917
-994
-994
-943
-994
-943
-994
-968
-971
-982
-943
-994
-870
-982
-968
-828
-968
201
-817
-939
201
201
201
-866
201
201
201
201
201
-931
-980
201
201
201
201
201
201
-946
201
-946
201
-974
201
201
-969
-989
-989
-989
-989
-983
-989
-989
-989
-958
-989
-968
-990
-989
-990
-968
-968
-972
-990
-972
-982
-982
-972
-972
-982
-972
-968
-968
-972
-972
-968
-982
-968
-989
-989
-989
-989
-968
-989
-968
-968
-968
-972
-968
-972
-972
-968
-995
-995
-995
-918
-972
201
-819
201
201
201
201
201
201
-951
-979
-979
-982
-979
-996
-996
-996
-996
-996
-979
-979
-979
-951
-903
201
-979
-979
-979
-979
-979
-979
-979
-979
-979
-979
-979
201
-861
-968
-981
-954
-982
-954
-953
-982
-981
-981
-981
-980
-980
-981
-981
-981
-981
-981
-980
-980
-980
-980
-981
-981
-981
-981
-981
-981
-981
-981
-981
-981
-981
-981
-981
-981
-980
-980
-980
-980
-980
-980
-980
-980
-981
-981
-980
-980
-980
-980
-980
-981
-981
-981
-981
-981
-981
-981
-981
-980
-981
-981
-981
-981
-981
-981
-980
-980
-981
-981
-981
-981
-954
-982
-980
-899
-927
-955
-899
-927
-983
-983
-983
-983
201
201
201
201
201
-885
-955
-969
-983
-983
-983
-983
-969
-983
-983
-983
-941
-983
-983
-983
-983
-955
-927
-955
-983
-983
-983
-983
-983
-983
-983
-983
-983
-983
-983
-983
-983
-983
-983
-983
-983
-983
-983
-983
-983
-983
-983
-983
-983
-983
-983
-983
-983
-983
-983
-983
-983
-983
-983
-983
-983
-983
-983
-983
-983
-983
-983
-983
-983
-983
-984
-984
-970
-984
-984
-943
-830
201
201
201
201
201
201
-803
-943
-973
-975
-957
201
201
201
201
201
201
201
201
201
201
201
-890
-946
-882
-946
201
201
201
201
-946
201
201
201
201
201
201
201
201
201
201
201
201
201
-919
-910
-989
-989
-989
-989
-989
-989
-899
-989
-989
-989
-989
-989
-989
-989
-989
-989
-989
-989
-989
-989
-989
-989
-989
-989
-989
-989
-989
-989
-989
-989
-989
-989
-989
-989
-989
-989
-989
-989
-989
-989
-989
-989
-989
-989
-989
-989
-989
-989
-989
-989
-989
-989
-989
-989
-989
-989
-989
-989
-989
-989
-989
-989
-989
-989
-989
-989
-989
-989
-989
-989
-989
-989
-989
-989
-989
-989
-989
-989
-989
-989
-989
-989
-989
-989
-989
-989
-989
-989
-989
-989
-989
-989
-989
-989
-989
-989
-989
-989
-989
-989
-989
-989
-989
-989
-989
-989
-989
-989
-989
-989
-989
-989
-989
-989
-989
-989
-989
-989
-989
-989
-989
-989
-989
-989
-989
-989
-989
-989
-989
-989
-989
-989
-989
-989
-989
-989
-989
-989
-989
-989
-989
-989
-989
-989
-989
-989
-989
-989
-989
-989
-989
-989
-989
-989
-989
-989
-989
-989
-989
-989
-989
-989
-989
-989
-989
-989
-989
-989
-989
-989
-989
-989
-989
-989
-989
-989
-989
-989
-989
-989
-989
-989
-989
-989
-989
-989
-989
-989
-989
-989
-989
-989
-989
-989
-989
-989
-989
-989
-989
-989
-989
-989
-989
-989
-989
-989
-989
-989
-989
-989
-989
-989
-989
-989
-989
-989
-989
-989
-989
-931
-946
-890
201
201
201
201
201
201
201
201
201
201
201
201
201
201
201
201
201
201
201
201
201
201
201
201
201
-946
-975
-820
-961
-961
-973
-989
-889
-989
-973
-975
-945
-989
-975
-975
-975
-975
-975
-989
-975
-989
-989
-989
-989
-835
-807
-876
-989
-975
-975
-975
-975
-975
-975
-975
-989
-989
-904
-947
-917
-989
-989
-989
-989
-989
-975
-975
-989
-989
-989
-989
-975
-989
-989
-975
-989
-989
-989
-989
-975
-989
-947
-989
-989
-989
-989
-989
-989
-989
-975
-989
-975
-989
-989
-989
-975
-989
-989
-975
-989
-975
-989
-989
201
201
201
201
201
201
201
201
201
201
201
201
201
201
201
201
201
201
201
201
201
201
201
201
201
201
201
201
201
201
201
201
201
201
201
201
201
201
-820
-876
-904
-932
201
-904
-932
-932
-932
-932
-932
-876
-932
-932
-932
-932
-932
-932
-932
-932
-932
-932
-932
-932
-932
-932
-932
-932
-932
-932
-932
-932
-932
-932
-932
-932
-932
-932
-932
-876
201
-932
201
-806
201
201
201
-834
201
201
201
-890
-862
-862
-918
201
201
201
201
-988
201
201
201
201
201
201
201
201
201
201
201
201
201
201
201
201
201
201
201
201
201
201
201
201
201
201
201
201
201
201
201
201
201
201
201
201
201
201
