agent: texplore
env: fuelworld
Environment is episodic.
set statesPerDim to 0 for all dim
feature 0 has range 20
feature 1 has range 30
feature 2 has range 61
reward range: 400
Parallel ETUCT tracking real state values
Planner using history size: 0
Start model learning thread
start parallel uct planning search thread
Created MultClass 0 with nModels: 5
Created C4.5 decision tree 0 with == and > splits
Created C4.5 decision tree 6 with == and > splits
Created C4.5 decision tree 12 with == and > splits
Created C4.5 decision tree 18 with == and > splits
Created C4.5 decision tree 24 with == and > splits
Created MultClass 3 with nModels: 5
Created C4.5 decision tree 3 with == and > splits
Created C4.5 decision tree 9 with == and > splits
Created C4.5 decision tree 15 with == and > splits
Created C4.5 decision tree 21 with == and > splits
Created C4.5 decision tree 27 with == and > splits
Created MultClass 4 with nModels: 5
Created C4.5 decision tree 4 with == and > splits
Created C4.5 decision tree 10 with == and > splits
Created C4.5 decision tree 16 with == and > splits
Created C4.5 decision tree 22 with == and > splits
Created C4.5 decision tree 28 with == and > splits
Created MultClass 1 with nModels: 5
Created C4.5 decision tree 1 with == and > splits
Created C4.5 decision tree 7 with == and > splits
Created C4.5 decision tree 13 with == and > splits
Created C4.5 decision tree 19 with == and > splits
Created C4.5 decision tree 25 with == and > splits
Created MultClass 2 with nModels: 5
Created C4.5 decision tree 2 with == and > splits
Created C4.5 decision tree 8 with == and > splits
Created C4.5 decision tree 14 with == and > splits
Created C4.5 decision tree 20 with == and > splits
Created C4.5 decision tree 26 with == and > splits
-417.4
-417.8
-417.4
-417.8
-417.8
-416
-419.8
-419.6
-420.2
-418.6
-418.2
-416.8
-420
-420.8
-420
-419.2
-1489.4
-459.8
-420
-418.2
-638.4
-543.8
-417.8
-421.6
-458.8
-421
-547.4
-419.8
-418.6
-463.2
-546.4
-418.4
-421
-470
-463
-562.8
-513
-421.2
-108
-463.4
-459.8
-235.4
-740
-157
-144.6
-173.2
-82.8
-339
-112
-901.8
-595.8
-225.8
-97.4
-667.2
-134.6
-91
-93.6
-538.4
-417.2
-461.8
-419.4
-419.6
-419.2
-92.8
-93.4
-92.6
-508.8
-94.8
-87.8
-106.4
-96.6
-173.8
-52.6
-465
-59.8
-52.6
-53.4
-104.2
-55.4
-92.4
-97
-59.4
-59
-60
-52
-54
-56
-60.6
-50.6
-53.6
-51.6
-50.8
-51.2
-88.6
-73.2
-56.8
-94
-55.8
-52.8
-52.6
-63.2
-61
-57.2
-57.2
-52.6
-57.4
-56.6
-140.6
-60.4
-61
-83.2
-55.6
-61
-54.2
-61
-62
-55.8
-461
-58.6
-64
-460.2
-460
-61.4
-57.8
-51.8
-53.4
-57.2
-85
-55.6
-48.8
-48.6
-57.6
-46.8
-58
-54.2
-58.6
-65.4
-54.2
-56.2
-51.4
-48
-60.8
-56
-78.4
-57
-52.6
-54.2
-48.2
-50.2
-55
-48.8
-50
-66.4
-56.4
-50.4
-51
-57.6
-52
-51
-52.6
-52
-48.2
-49.6
-55.2
-54
-54.6
-57.6
-47.2
-54.6
-55
-58.8
-61.2
-52
-71
-51.8
-65.4
-54
-51.2
-52.4
-53.8
-51.6
-103.4
-55.4
-53.8
-54.8
-48.4
-58.6
-51.6
-49.6
-67.8
-53.4
-57.6
-55.6
-51.8
-70
-57.2
-54.6
-51.2
-54.2
-48.6
-50.2
-50
-55.8
-48.6
-57.8
-49
-56.2
-50.8
-50.4
-49.2
-52.6
-48
-55.4
-50
-73.6
-59.8
-57.4
-64.8
-57.2
-45
-59.2
-47.2
-77.8
-56.6
-51.4
-49
-51.8
-49.4
-57.4
-49
-50.6
-48.6
-66.8
-48.4
-49.2
-50.8
-64.8
-70.2
-49.4
-46.8
-51
-49.8
-54.4
-51.6
-51.8
-59.8
-52
-50.2
-53
-54.2
-50.6
-58
-120.4
-56.2
-50.2
-47.4
-56
-56
-47.4
-53.4
-49.8
-54.4
-55.8
-51
-55.4
-52.8
-49.4
-74.6
-51
-53.8
-48.6
-50
-51.2
-50
-49
-76
-54
-53.4
-53.6
-59.2
-50
-50.2
-52.6
-55.4
-56.6
-52.2
-55.4
-52.6
-77.4
-49
-48.4
-54.2
-57.8
-53
-52.6
-52.6
-52.4
-55.2
-53.6
-67.2
-52.4
-52.8
-52.6
-52.8
-49.6
-79.6
-50.2
-53.8
-53
-57.4
-49.6
-48
-82.8
-55.8
-81.4
-48.6
-57.8
-51.2
-52
-49.6
-53.6
-53.8
-48.8
-54.8
-57.6
-50.4
-47.2
-55.8
-78.6
-51
-53
-52
-50
-55
-48.2
-53.2
-51.4
-52.4
-51
-51.8
-71.6
-51.8
-50.8
-52.8
-52
-55.2
-55
-53
-67.4
-57.8
-47.4
-50.8
-83.2
-50.2
-61.2
-49
-89.6
-56.8
-49.6
-51.6
-55.2
-49.4
-49.4
-60
-53.4
-49
-63.4
-48.4
-50.8
-56.4
-55
-59
-48.6
-48.8
-55.4
-51.4
-52.8
-49
-54.4
-56
-60.2
-48.6
-49.6
-53.2
-53.8
-90.6
-57.8
-57.4
-47.8
-49.2
-60.8
-49.6
-54.8
-49.2
-56.8
-54
-52.6
-56.6
-60
-57.8
-56.8
-49.4
-49.6
-57.2
-50.6
-50.8
-51.4
-47.8
-51
-49.8
-46.6
-46
-57.8
-51
-51.6
-55.6
-53.4
-56
-56
-61.2
-49.8
-51.8
-53.2
-56.4
-53
-48.8
-57.8
-52.2
-51.8
-52.2
-51.2
-68.6
-57.8
-57
-46.8
-52.4
-55.2
-48.2
-50.6
-50.6
-57.6
-50.2
-50
-48.8
-54.4
-50.6
-51.2
-53.4
-51.6
-51
-55.4
-51
-51.2
-48.2
-57.6
-47.8
-53.2
-57.8
-52.8
-53.6
-51.2
-50.6
-54.8
-54.8
-51
-74
-47.6
-53.6
-50.4
-51.6
-55
-54.6
-48.6
-49.4
-77.4
-54
-57
-68
-53.8
-57.4
-51.2
-49.2
-47.6
-57.4
-55.2
-49
-56.4
-48.8
-47.6
-50
-50.8
-51.8
-90
-73
-49.4
-52
-49
-51.4
-49.8
-53
-51.4
-54.4
-51.2
-51.8
-49
-67.8
-52.4
-52.6
-50.4
-53
-49.4
-51
-47.6
-57
-47.6
-53
-48.6
-70.2
-53.6
-53.8
-58.8
-50.4
-53
-55.6
-50.6
-52.6
-51.4
-50.4
-53.2
-66.6
-49
-53.6
-53.6
-47.4
-57.4
-49.6
-56.4
-55
-48
-78.2
-51.4
-49
-47.4
-52.6
-50.4
-49.8
-56.4
-49.2
-55.2
-51.6
-49.2
-53.4
-56.6
-54.8
-50.4
-49.6
-49.2
-55.2
-48.2
-417.8
-48
-49.6
-49
-55.4
-54
-48
-99.6
-49.6
-58.8
-48
-59.6
-52.8
-59.4
-57.8
-92.4
-64
-56.8
-54.6
-54.8
-50.4
-55.6
-56
-60.2
-56.2
-48.4
-48.4
-56.4
-91.4
-53
-74.2
-56
-53.6
-55.8
-92
-58.4
-51.4
-48.8
-67.8
-50.8
-56.4
-53.2
-50.8
-57.8
-52.4
-51.6
-52.4
-67.6
-57.8
-45.4
-62
-75.2
-55
-50.2
-49
-55
-51.4
-52.4
-53.4
-49.6
-54.6
-49.6
-55.4
-55.6
-49
-50.8
-53.6
-47.8
-53.2
-61.8
-49
-46.6
-51.8
-46.2
-46.6
-53
-47.4
-56
-57.8
-48.8
-49.2
-50.4
-59.2
-49.4
-54.6
-51.8
-61.8
-50.8
-52.6
-52.8
-48
-57.8
-47.8
-53.4
-52.8
-52.8
-49.4
-46.6
-50.2
-55
-51
-49.2
-50.8
-73.2
-50.6
-54.8
-51.2
-53.8
-46.2
-50
-51
-50.8
-50.4
-57.8
-57
-48.4
-57
-74.2
-52.8
-55.2
-47
-53.2
-69.8
-70
-56.8
-51
-52.2
-54
-459.4
-47.4
-52.2
-50.6
-48
-52.2
-53
-56.2
-56.2
-53
-50.4
-52.6
-52.4
-51.2
-53.2
-52.6
-49
-48.8
-51.6
-49.6
-51
-53
-51.8
-56.2
-50.2
-49.4
-55.4
-59.4
-48.8
-77
-50.8
-52.8
-65.2
-54.4
-51
-52.4
-50.4
-53
-49.8
-46.6
-52.6
-52
-73.8
-58
-52
-53.2
-53.8
-57.4
-59.6
-51.8
-49.4
-85.6
-55.6
-47.4
-55
-53
-82.4
-72.6
-49
-55.2
-54.8
-50.6
-48
-49.6
-54
-53.2
-49.4
-57
-52.8
-46.6
-50
-47
-51.4
-50.8
-82.8
-53.2
-55.8
-53.4
-50.8
-51.6
-53
-50.4
-55.4
-51
-52.4
-54.6
-49.2
-48
-58.4
-53.8
-47.8
-51
-49.8
-55.2
-49.2
-47.6
-50.8
-46.8
-56
-52.8
-56.4
-49.4
-49.8
-51.6
-53.8
-51.6
-51
-50.4
-54.4
-51
-53.6
-57
-52.2
-53.8
-55.8
-52.8
-46.8
-56
-47.6
-52.6
-53.6
-77
-55.6
-63
-48.2
-52.4
-118.6
-47.2
-52.8
-79.4
-48.8
-47.8
-48.4
-54
-52.2
-58
-50
-51
-71.8
-54
-50.4
-50.2
-52
-50.8
-50.2
-52.2
-57
-51.6
-51.6
-54.8
-53
-53.8
-51.6
-77.8
-51.4
-79.4
-54.4
-76
-48.4
-53
-56.6
-51.8
-69.6
-74.8
-49
-55.4
-52.2
-53.4
-49
-50.6
-53.8
-52.6
-53.8
-52.2
-52.4
-49.4
-51.8
-51.6
-53.8
-57.4
-82
-53.2
-50.4
-51.8
-50
-47.8
-56.6
-56
-56.6
-58
-57.4
-67.8
-50
-47.4
-58.2
-54.8
-51.4
-54.8
-55.4
-50.8
-54
-50.2
-48.2
-51.8
-55
-54.2
-52.4
-49.8
-50.6
-47.6
-49.4
-60.2
-52.4
-57.8
-53.8
-47.8
-51.4
-50.2
-56.6
-49
-51.4
-52.2
-50.4
-48.4
-56
-51
-50.6
-51.6
-57.4
-54.2
-51
-52
-48.6
-75.6
-46
-47
-55
-71.8
-58
-50.2
-48.2
-55.6
-55
-52.2
-78
-56.6
-59
-51.4
-464
-50.8
-50
-53
-68.8
-54.6
-50.6
-83.8
-49.2
-50.4
-49
-49.6
-52.2
-55.2
-53.2
-52.6
-69.8
-53.2
-59.2
-46.6
-52
-51
-51.4
-57.4
-52.2
-58.4
-50.2
-48.6
-55
-50.4
-58.6
-53.4
-46.6
-52.6
-53
-47.2
-52.8
-57.8
-54
-420.4
-53
-44
-53
-54.6
-51.4
-54
-55.4
-52.6
-60
-49.2
-60
-50.8
-51.2
-47.8
-53.4
-47.2
-50.2
-50.4
-50.6
-70.6
-51.4
-61
-53
-47.6
-54.4
