agent: texplore
env: asterix
Environment is episodic.
set statesPerDim to 0 for all dim
feature 0 has range 30
feature 1 has range 30
feature 2 has range 30
reward range: 1001
Parallel ETUCT tracking real state values
Planner using history size: 0
start parallel uct planning search thread
Start model learning thread
Created MultClass 0 with nModels: 5
Created C4.5 decision tree 0 with == and > splits
Created C4.5 decision tree 6 with == and > splits
Created C4.5 decision tree 12 with == and > splits
Created C4.5 decision tree 18 with == and > splits
Created C4.5 decision tree 24 with == and > splits
Created MultClass 3 with nModels: 5
Created C4.5 decision tree 3 with == and > splits
Created C4.5 decision tree 9 with == and > splits
Created C4.5 decision tree 15 with == and > splits
Created C4.5 decision tree 21 with == and > splits
Created C4.5 decision tree 27 with == and > splits
Created MultClass 4 with nModels: 5
Created C4.5 decision tree 4 with == and > splits
Created C4.5 decision tree 10 with == and > splits
Created C4.5 decision tree 16 with == and > splits
Created C4.5 decision tree 22 with == and > splits
Created C4.5 decision tree 28 with == and > splits
Created MultClass 1 with nModels: 5
Created C4.5 decision tree 1 with == and > splits
Created C4.5 decision tree 7 with == and > splits
Created C4.5 decision tree 13 with == and > splits
Created C4.5 decision tree 19 with == and > splits
Created C4.5 decision tree 25 with == and > splits
Created MultClass 2 with nModels: 5
Created C4.5 decision tree 2 with == and > splits
Created C4.5 decision tree 8 with == and > splits
Created C4.5 decision tree 14 with == and > splits
Created C4.5 decision tree 20 with == and > splits
Created C4.5 decision tree 26 with == and > splits
-991
-995
-994
-996
-995
-990
-994
-995
-994
-995
-994
-996
-997
-994
-984
-995
-980
-993
-996
-990
-987
-994
-995
-996
-987
-996
-996
-994
-994
-994
-994
-996
-996
-996
-996
-996
-997
-987
-995
-995
-995
-996
-996
-996
-996
-996
-996
-996
-997
-996
-987
-995
-987
-994
-996
-996
-994
-997
-996
-996
-996
-997
-996
-996
-996
-997
-997
-996
-997
-996
-996
-996
-996
-996
-996
-988
-952
-947
-990
-971
-959
-987
-995
-995
-959
-955
-988
-953
-995
-927
-967
-976
-976
-995
-996
-996
-996
-996
-996
-996
-996
-996
-996
-976
-995
-996
-996
-996
-996
-996
-996
-996
-996
-996
-996
-996
-996
-996
-996
-996
-996
-996
-996
-996
-996
-996
-996
-996
-996
-996
-996
-996
-996
-996
-996
-996
-996
-996
-972
-972
-995
-995
-958
-972
-972
-972
-986
-958
-996
-986
-992
-903
-950
-815
-959
-917
-986
-973
-973
-960
-961
-973
-961
-955
-994
-945
-985
-958
-959
-993
-973
-994
-988
-987
-875
-903
-931
-931
-900
-984
-958
-847
-903
-820
-956
201
201
-987
-954
-982
-987
-875
201
-815
-995
-981
201
201
201
-903
-973
-973
-987
-983
-987
-987
-987
-973
-968
-987
-973
-973
-973
-973
-973
-973
-973
-973
-973
-973
-973
-973
-987
-993
-997
-987
-987
201
201
201
-854
201
201
-924
-805
201
201
201
-945
-915
-859
201
201
201
-925
-925
-925
-925
-953
-868
-953
-953
-953
-953
-953
-889
-889
-889
201
201
-994
201
201
201
-945
-973
-973
-973
-973
-973
-973
-973
-973
-973
-973
-973
-973
-973
-973
-973
-973
-973
-973
-973
-973
-973
-959
-973
-984
-973
-997
201
-984
-984
-996
-984
-984
-984
-984
-984
-984
-984
-984
-984
-984
-984
-996
-983
-984
-984
-984
-984
-984
-984
-984
-984
201
-969
-969
-969
-969
-969
-941
-913
-941
-913
-969
-969
-969
201
201
-973
201
201
201
201
-987
201
201
201
201
201
-819
-987
-875
-987
-987
-903
-987
-987
-987
-973
-987
-987
-987
-973
-987
-945
-987
-987
-987
-987
-987
-987
-987
-987
-987
-987
-987
-973
-987
-987
-987
-987
-987
-987
-987
-987
-987
-987
-987
-987
-987
-903
-987
-903
201
201
-987
-931
201
-832
-989
201
-916
-972
201
201
201
201
201
201
201
201
201
-903
201
201
201
201
-959
201
201
201
201
201
201
201
201
201
201
201
201
201
201
201
201
201
201
201
201
201
201
201
201
201
201
201
201
201
201
201
201
201
-989
201
201
201
201
201
201
201
201
201
201
-941
-940
201
-913
-940
-857
-941
-941
-941
-941
-941
-941
-941
-941
-941
-941
-941
-941
-941
-941
-941
-941
-941
-941
-941
201
201
-848
201
201
201
201
201
201
201
201
201
201
201
201
201
201
201
201
201
201
201
201
201
201
201
201
201
201
201
201
201
201
201
201
201
201
201
201
201
201
201
201
201
201
201
201
201
201
201
-884
201
201
-912
-946
201
201
201
201
201
201
201
201
201
201
201
201
201
201
201
201
201
201
201
201
201
201
201
201
201
201
201
201
201
201
201
201
201
201
201
201
201
201
201
201
201
201
201
201
201
201
201
201
201
201
201
201
201
201
201
201
201
201
201
201
201
201
201
201
201
201
201
201
201
201
201
201
201
201
201
201
201
201
201
201
201
201
201
201
201
201
201
201
201
201
201
201
201
201
201
201
201
201
201
201
201
201
201
201
201
201
201
201
201
201
201
201
201
201
201
201
201
201
201
201
201
201
201
201
201
201
201
201
201
201
201
201
201
201
201
201
201
201
201
201
201
201
201
201
201
201
201
201
201
201
201
201
201
201
201
201
201
201
201
201
201
201
201
201
-846
201
201
201
201
201
201
201
201
201
201
201
201
201
201
201
201
201
201
201
201
201
201
201
201
201
201
201
201
201
201
201
201
201
201
201
201
201
201
201
201
201
201
201
201
201
201
201
201
201
201
201
201
201
201
201
201
201
201
201
201
201
201
201
201
201
201
201
201
201
201
201
201
201
201
201
201
201
201
201
201
201
201
201
201
201
201
201
201
201
201
201
201
201
201
201
201
201
201
201
201
201
201
201
201
201
201
201
201
201
201
201
201
201
201
201
201
201
201
201
201
201
201
201
201
201
201
201
201
201
201
201
201
201
201
201
201
201
201
201
201
201
201
201
201
201
201
201
201
201
201
201
201
201
201
201
201
201
201
201
201
201
201
201
201
201
201
201
201
201
201
201
201
201
201
201
201
201
201
201
201
201
201
201
201
201
201
201
201
201
201
201
201
201
201
201
201
201
201
201
201
201
201
201
201
201
201
201
201
201
201
201
201
201
201
201
201
201
201
201
201
201
201
201
201
201
201
201
201
201
201
201
201
201
201
201
201
201
201
201
201
201
201
201
201
201
201
201
201
201
201
201
201
201
201
201
201
201
201
201
201
201
201
201
201
201
201
201
201
201
201
201
201
201
201
201
201
201
201
201
201
201
201
201
201
201
201
201
201
201
201
201
201
201
201
201
201
201
201
201
201
