agent: texplore
env: fuelworld
Environment is episodic.
set statesPerDim to 0 for all dim
feature 0 has range 20
feature 1 has range 30
feature 2 has range 61
reward range: 400
Parallel ETUCT tracking real state values
Planner using history size: 0
Start model learning thread
Created MultClass 0 with nModels: 5
start parallel uct planning search thread
Created C4.5 decision tree 0 with == and > splits
Created C4.5 decision tree 6 with == and > splits
Created C4.5 decision tree 12 with == and > splits
Created C4.5 decision tree 18 with == and > splits
Created C4.5 decision tree 24 with == and > splits
Created MultClass 3 with nModels: 5
Created C4.5 decision tree 3 with == and > splits
Created C4.5 decision tree 9 with == and > splits
Created C4.5 decision tree 15 with == and > splits
Created C4.5 decision tree 21 with == and > splits
Created C4.5 decision tree 27 with == and > splits
Created MultClass 4 with nModels: 5
Created C4.5 decision tree 4 with == and > splits
Created C4.5 decision tree 10 with == and > splits
Created C4.5 decision tree 16 with == and > splits
Created C4.5 decision tree 22 with == and > splits
Created C4.5 decision tree 28 with == and > splits
Created MultClass 1 with nModels: 5
Created C4.5 decision tree 1 with == and > splits
Created C4.5 decision tree 7 with == and > splits
Created C4.5 decision tree 13 with == and > splits
Created C4.5 decision tree 19 with == and > splits
Created C4.5 decision tree 25 with == and > splits
Created MultClass 2 with nModels: 5
Created C4.5 decision tree 2 with == and > splits
Created C4.5 decision tree 8 with == and > splits
Created C4.5 decision tree 14 with == and > splits
Created C4.5 decision tree 20 with == and > splits
Created C4.5 decision tree 26 with == and > splits
-417
-580.6
-418.4
-422.4
-420.2
-420.4
-416.4
-418.4
-416.4
-554.6
-506.8
-419.2
-419.8
-551.8
-464.2
-560.8
-421.2
-508.4
-468.6
-463.6
-850.4
-628.6
-587
-186.2
-55.4
-546.6
-555
-602.2
-156.2
-468.8
-106.4
-601.6
-275.2
-148.4
-218
-148.6
-137
-546
-143.2
-546.2
-544
-156.6
-600.4
-500.6
-98.8
-173.8
-57.6
-557
-504.4
-508.6
-464.8
-57.4
-88.2
-56.8
-175.8
-133.6
-65.6
-54.2
-93.6
-191.6
-98.6
-231.8
-57
-55
-60.2
-62
-59.2
-56.6
-51.8
-49.6
-57.8
-97
-58.8
-138.4
-55.8
-93.8
-100
-55.4
-98.6
-57.8
-90.6
-102.6
-61.8
-60.6
-58.6
-53.4
-65.6
-57.2
-56.2
-88
-150
-52.8
-58
-98
-48.2
-47
-95.8
-51.2
-109.8
-55.6
-54.4
-53.2
-53.2
-55.8
-52.6
-55
-55.8
-58
-79.4
-85.2
-57.4
-59.2
-47.2
-57
-61
-80.8
-50
-55
-76.2
-53.8
-87.4
-54.6
-58.2
-54
-50.2
-53.2
-47.6
-48.8
-102.4
-49.8
-50.2
-83.6
-57.8
-58
-139
-60.4
-54.6
-51
-58.2
-55.2
-50
-50.6
-49
-51.6
-49
-53.4
-55.4
-49.4
-49.8
-49.4
-46.6
-51
-52
-99.2
-59
-59.4
-53
-49.4
-50.4
-48
-48.6
-52
-52.6
-47.6
-59.2
-53
-58.2
-50.4
-53
-57
-50.4
-65.8
-55
-55.4
-64.8
-49.2
-49.4
-55
-59.8
-50
-52.8
-47.6
-50
-55.6
-51.8
-49.4
-58.4
-53
-57.6
-51.2
-50
-49.2
-51.6
-51
-51.8
-50.6
-49.2
-53.4
-49
-54
-75.2
-57.2
-54
-52.4
-57
-53.6
-57
-53.2
-49.8
-59.4
-50.4
-55.4
-53
-52.2
-50.4
-50
-52.8
-50
-48.6
-49.8
-420
-79
-60.8
-53
-95
-56.6
-48.4
-53.4
-56.2
-53.4
-55.2
-52.2
-56
-52.6
-134.2
-56.8
-94
-55.4
-47.6
-99.6
-56.6
-417.4
-54.6
-48.6
-55.6
-58.2
-50.6
-48.8
-48.2
-52.6
-80.6
-50.6
-58.8
-51
-47.2
-77.2
-54.2
-49
-48.6
-460.6
-60.2
-54.8
-55.8
-50
-47.2
-83.6
-49.8
-50.8
-52.4
-71
-52.4
-50.4
-48
-48.8
-61
-79
-57.8
-53
-51.4
-50.8
-46.4
-53.8
-52.2
-53.6
-63
-55.2
-49.6
-51.6
-47
-60.8
-51
-53
-52.6
-61.4
-48
-461.2
-54.4
-50.8
-61.2
-46.2
-53
-51
-52.4
-57
-56.4
-56
-76.2
-48.6
-57.6
-55
-53.6
-58.4
-47.6
-56
-54
-47.8
-53.4
-417.4
-53.8
-54
-54.8
-51.6
-50
-83
-52
-55.4
-460.4
-52.8
-52.4
-50.4
-49.2
-86
-59.4
-49.4
-96.4
-57.2
-56.2
-52.8
-71.4
-67.4
-47.6
-48.2
-50.4
-50.6
-66.4
-50.2
-58.2
-72.2
-52.4
-52.8
-47.4
-60.2
-50.2
-54.4
-50.8
-46.6
-49
-49
-51.8
-50
-92
-54.8
-51.8
-50
-54.6
-56
-50.2
-59.8
-49.2
-54.2
-51.6
-53.4
-50.8
-117.4
-51
-49.8
-50.6
-53.6
-50.4
-52.6
-54
-60
-66.4
-59.4
-48.6
-81.4
-47.6
-49
-48.4
-72
-53.8
-53.6
-49
-59.6
-48
-49.6
-57
-55.4
-51
-53
-61.4
-55.6
-55.8
-54
-50.2
-48.6
-55.8
-50.2
-52.2
-52.8
-74.4
-83.4
-44.6
-60.4
-64.2
-53
-58.2
-56.8
-56.6
-54
-52.8
-58.4
-51.6
-54.2
-48.2
-69
-98.2
-65.4
-49.6
-53.6
-68.6
-51.4
-56.4
-55.4
-55.4
-46.4
-55.4
-49.8
-46.6
-50.8
-61
-52.6
-47.4
-53
-49.4
-49.4
-55.4
-56.2
-46.4
-48
-51.6
-51.8
-45.2
-50.4
-98.6
-58.4
-49
-52.6
-51.8
-63
-50.6
-52.4
-54.6
-91
-60.2
-66
-50
-52.4
-49.2
-53.2
-53.6
-47.8
-50.8
-55
-49.8
-50.2
-48.4
-51.6
-74.6
-61.6
-48.4
-51.4
-54
-66.4
-56.4
-53.4
-49.2
-51.6
-60.2
-49.2
-46.8
-51.6
-59.4
-52.2
-49.4
-47.6
-49.2
-48.4
-52.6
-49.8
-46.8
-48.6
-51.6
-54.2
-56.2
-49.2
-79.4
-50.6
-62.4
-51.6
-54.8
-49.8
-50.2
-53.8
-50.8
-52.8
-78
-54.8
-59.4
-54.4
-50.2
-58.2
-47.2
-49.4
-60.2
-51.8
-50.4
-46.4
-55.2
-60.6
-59
-47.4
-53.8
-52.6
-52
-47.2
-54
-96.8
-58.6
-56.6
-55.2
-54.6
-54.8
-50.4
-60.2
-49.2
-56
-46
-55.4
-49.4
-53
-58.4
-96.8
-53.2
-53.8
-47.8
-49.8
-50.6
-51.4
-58
-51
-49.4
-50.8
-70.4
-57
-46.6
-48.8
-46.2
-48.8
-53.8
-47
-53
-58.4
-51
-49
-51
-51.8
-53
-48.2
-56
-71.2
-51.2
-50.6
-62.2
-70.4
-55.8
-51.6
-55.2
-50.2
-48
-80.8
-52
-59.2
-57
-72.8
-54
-66.4
-48.4
-54.6
-111.2
-59.8
-52.2
-47
-54.6
-56.4
-53.6
-48.2
-49.4
-55
-51.4
-51.4
-52.4
-54
-53.6
-63.2
-48.6
-53
-47.8
-47.8
-46.8
-53.4
-54.8
-56.4
-50
-57
-50.8
-52.4
-51.8
-49
-49.4
-52
-80.8
-53.4
-48.6
-58.4
-55.2
-62.4
-48.6
-50.2
-48
-55.6
-51
-48.6
-48.2
-58.6
-50
-54.8
-71.4
-50.6
-50.4
-54.6
-59.4
-67.2
-54
-58.4
-60
-49.4
-50
-52.2
-57.6
-51
-51.8
-78
-53.8
-51
-56.2
-51.4
-73
-53.6
-45.6
-47.4
-51
-58.2
-51.4
-47.2
-50.4
-57.2
-53
-52.8
-49.6
-46.6
-50.4
-48.4
-50.8
-52.2
-52.4
-58.8
-49.8
-51.6
-49
-52
-75
-50
-55
-54.8
-57.4
-54.6
-50.6
-54.6
-53.2
-51.2
-49.6
-48.6
-50.4
-52.2
-49.2
-58
-53
-51.8
-45
-48.6
-50.8
-51.4
-49.6
-48.6
-55.8
-53.4
-59.6
-48.4
-87
-49.8
-75
-74
-48.2
-56.8
-53.8
-54.8
-49
-51.4
-48.4
-57.4
-49.8
-53.4
-55
-56.8
-49.2
-46.4
-55
-48
-52.2
-58.8
-54.6
-51.8
-50.8
-50.8
-55.4
-52
-49.8
-50
-57.4
-49.6
-55
-51.4
-52.6
-49.6
-53.8
-53
-55.4
-51.6
-50.6
-49.6
-49.8
-50.2
-78
-58
-50
-52
-52.2
-51.8
-69.6
-47.6
-93.6
-52.2
-56
-50.8
-49.6
-56.8
-54.6
-52.6
-52.2
-52.6
-48.2
-59.6
-53.8
-52.4
-53.8
-52.6
-73.4
-61.8
-56.4
-53.4
-49.4
-52.2
-48.4
-52.4
-56
-52.2
-57.4
-54
-62
-50.8
-49
-51.8
-52.2
-45.2
-56.8
-53.8
-49.6
-57.4
-56
-56
-52.6
-48
-55
-52.2
-50.8
-53
-45.4
-53.8
-51
-54.2
-61.8
-52.4
-52.4
-48.4
-59.4
-49
-52.2
-49
-51.4
-46
-51.2
-52.8
-56.6
-50.6
-68.8
-51.8
-57.6
-54.6
-54.4
-56.2
-53.4
-56.8
-49.6
-48.4
-51.2
-56.6
-57.8
-48.6
-56.2
-55.8
-55
-53
-52.8
-50.4
-53.4
-54.6
-53.6
-51.2
-52.2
-52.2
-50.6
-50.8
-45.6
-51.2
-49.2
-55.8
-53.2
-54.2
-47.6
-51
-50.4
-51
-47.4
-47.6
-68
-55.2
-58.2
-57
-71.2
-70
-48.2
-47
-49.4
-85.2
-49.2
-50.2
-55.6
-56.2
-49.2
-52.8
-55.8
-57.2
-52.4
-52
-50.2
-53.2
-50.2
-56.2
-57.8
-71.6
-60
-49.2
-54.6
-64.6
-48.4
-51.8
-57.8
-52.4
-50
-54.4
-54.4
-50
-50
-56.4
-49.6
-127.8
-50.6
-51.8
-53.2
-70.4
-48.8
-49.8
-52.6
-52
-58.4
-48
-51.8
-55.4
-51.8
-47.6
-71.2
-79.2
-46.2
-57.6
-48.2
-52.8
-53.4
-48.4
-55
-62.8
-53.4
-93
-57
-48.2
-62.8
-51.4
-52
-50.4
-52.8
-48.4
-49.4
-52
-51
-47.6
-56
-57.6
-50
-51.8
-80.6
-59
-59.4
-50.6
-55.2
-54.6
-51.4
-56.8
-52.2
-53.2
-49.4
-52.2
-48.8
-62.8
-55.8
-48.4
-48.8
-49.8
-52
-48.6
-51
-57.4
-45.8
-52.4
-69.8
-57.6
-52
-47.6
-54.4
-52
-48.6
-49.4
-52.4
-54.4
-50
-48.4
-76.8
-58
-49.8
-55.2
-46.6
