agent: texplore
env: fuelworld
Environment is episodic.
set statesPerDim to 0 for all dim
feature 0 has range 20
feature 1 has range 30
feature 2 has range 61
reward range: 400
Parallel ETUCT tracking real state values
Planner using history size: 0
start parallel uct planning search thread
Start model learning thread
Created MultClass 0 with nModels: 5
Created C4.5 decision tree 0 with == and > splits
Created C4.5 decision tree 6 with == and > splits
Created C4.5 decision tree 12 with == and > splits
Created C4.5 decision tree 18 with == and > splits
Created C4.5 decision tree 24 with == and > splits
Created MultClass 3 with nModels: 5
Created C4.5 decision tree 3 with == and > splits
Created C4.5 decision tree 9 with == and > splits
Created C4.5 decision tree 15 with == and > splits
Created C4.5 decision tree 21 with == and > splits
Created C4.5 decision tree 27 with == and > splits
Created MultClass 4 with nModels: 5
Created C4.5 decision tree 4 with == and > splits
Created C4.5 decision tree 10 with == and > splits
Created C4.5 decision tree 16 with == and > splits
Created C4.5 decision tree 22 with == and > splits
Created C4.5 decision tree 28 with == and > splits
Created MultClass 1 with nModels: 5
Created C4.5 decision tree 1 with == and > splits
Created C4.5 decision tree 7 with == and > splits
Created C4.5 decision tree 13 with == and > splits
Created C4.5 decision tree 19 with == and > splits
Created C4.5 decision tree 25 with == and > splits
Created MultClass 2 with nModels: 5
Created C4.5 decision tree 2 with == and > splits
Created C4.5 decision tree 8 with == and > splits
Created C4.5 decision tree 14 with == and > splits
Created C4.5 decision tree 20 with == and > splits
Created C4.5 decision tree 26 with == and > splits
-419
-417.4
-417.8
-753.2
-420.4
-419.8
-416
-418.4
-418.2
-422
-417.6
-418.6
-420.4
-586.8
-421.8
-554
-419.8
-420.2
-416.8
-419.6
-416.8
-418.8
-419.6
-508.8
-594.8
-421
-418.2
-1118.4
-816.2
-416.8
-418.4
-419.8
-212.2
-511.8
-152.4
-550.2
-1824.2
-542.8
-288.4
-635.8
-203.6
-542.2
-696.8
-309.4
-198.2
-293.8
-196.4
-149.6
-193.4
-510.2
-503
-557
-100.8
-138.8
-56.4
-502.6
-508.4
-555.4
-168
-507.4
-421.4
-418
-89.8
-174.4
-597.2
-87.8
-140.4
-247.2
-503
-501.6
-637.2
-500.2
-506.2
-63.8
-101
-173.6
-97.2
-108.4
-57.4
-53.8
-96.2
-96.6
-62.2
-420.6
-418.2
-418
-418.2
-94
-418.2
-416.8
-64.6
-462.6
-417
-421.4
-59
-418.6
-421.8
-415.2
-416.4
-95.6
-415.6
-421.6
-419
-422.4
-416.4
-417.4
-416.8
-417
-419
-421.2
-421
-418.6
-57.4
-90.2
-419.6
-47.8
-421.2
-546.8
-83.6
-102
-499.2
-52.4
-58.6
-56.4
-60.8
-500.4
-56
-463.8
-92.2
-465.8
-50
-61.6
-418.6
-52.6
-64.4
-53.2
-55.8
-51.8
-58.6
-51.4
-50.4
-54.2
-55.4
-52
-50
-80
-50.4
-53.8
-53
-54.6
-55.2
-55
-55
-59.8
-47
-52.6
-50.4
-49.6
-48
-55.8
-57.4
-52.6
-49.2
-58.8
-49.4
-82
-53
-48.2
-49.6
-52
-53.2
-56.2
-53.6
-50.8
-50.6
-62.8
-51.8
-52.8
-48.8
-47.4
-50
-50.6
-59.4
-52.8
-56.2
-55.8
-58.2
-87.8
-60.6
-74.6
-56.8
-74
-49.6
-50.6
-48.2
-53.6
-56.8
-49.6
-47.2
-55
-47.4
-48.8
-85.4
-74
-51
-53.8
-79.4
-83.2
-52.6
-69.2
-50.8
-60.4
-48
-51.2
-50.2
-54
-55
-52.6
-56.8
-58.8
-51.4
-50
-51.6
-54.6
-79
-52
-53
-83.4
-49
-51.4
-62.6
-48.2
-50.6
-50.4
-56.6
-49.4
-61.2
-52.2
-51.6
-49.4
-54.2
-94.4
-51.6
-51
-48.6
-51.6
-52.2
-51.6
-52.8
-55
-50.6
-50.2
-67.6
-54.2
-50.4
-48.2
-49.4
-56.2
-54.2
-52.2
-53.4
-77
-53.4
-55.2
-56
-48.2
-58.2
-53.6
-51
-53.2
-55.8
-58.6
-52.2
-51
-55.4
-56.6
-59.4
-55.8
-51.6
-53
-63.8
-50
-51.2
-57.4
-53
-54.2
-62.8
-48.8
-50.6
-80.8
-56.6
-49.4
-53.6
-49.6
-83.2
-49
-49.4
-52.2
-51.4
-52
-50.4
-49.8
-50.2
-50.4
-55.6
-51.4
-49.6
-69
-50.6
-55.6
-54.4
-53.2
-53.6
-49.4
-55.8
-57.6
-53.8
-56.6
-57.2
-58.8
-59
-50.4
-60.6
-77.4
-49.8
-80
-79.2
-53
-92.2
-50.8
-54.2
-84.4
-55.4
-49
-49.2
-57.8
-52.2
-50.6
-49.4
-81
-52.6
-48
-69.6
-57.4
-46.8
-46
-53.6
-70.8
-53
-81.4
-52
-49
-53.6
-53.2
-48.8
-57.6
-53.8
-50.8
-51
-54
-53.8
-56
-46.6
-51.8
-53.2
-48.6
-53
-54
-60.4
-48
-48
-51.2
-56.4
-72.8
-55.6
-54.2
-51.2
-49.4
-54.8
-55.6
-48.8
-59.6
-47.2
-60.8
-58.2
-56
-82
-57
-52.2
-51
-59.8
-95.8
-50.6
-48.4
-57
-49.8
-54
-48.6
-56.2
-49
-54.6
-50.4
-51.4
-57.4
-57.4
-55
-51.8
-55.4
-457.8
-56.8
-55.2
-56.8
-56
-55.2
-51.2
-49.2
-48.2
-55
-48.2
-50.8
-50
-54.2
-53
-50.8
-48.4
-51.2
-49
-53.6
-54.6
-55.4
-52.8
-57.4
-49
-47.2
-50.8
-50.2
-54
-51.2
-49.4
-57.4
-55.8
-52.2
-53.4
-52.8
-51.8
-49
-54.8
-53.6
-49
-50.6
-51.4
-54.8
-58.4
-75.6
-73.4
-73.6
-59.4
-48.8
-48.8
-49
-66.6
-53
-49.2
-55.6
-50.2
-56.6
-51
-54
-52.6
-49.2
-55.4
-60.4
-54.6
-54
-54.4
-53.4
-58.8
-58.8
-52.6
-49.6
-50.2
-52.8
-51.8
-52.8
-50.4
-51.4
-57.2
-50.6
-50.4
-53.2
-50.4
-50.6
-52.6
-53
-56.6
-78
-52.6
-51
-56.2
-51.4
-55.8
-59.2
-50.8
-54.4
-49
-52.2
-58.6
-57.6
-54.8
-59.4
-49.4
-53.8
-49.4
-52
-50
-47
-51.4
-45.4
-55.2
-54.6
-51.6
-51.8
-59.4
-55.2
-54
-54.6
-52
-53.6
-67.8
-49.2
-49.8
-47
-52
-59
-53.6
-61.2
-51.2
-48.4
-84.6
-59.6
-55
-49
-76.6
-55.8
-54.2
-55.2
-46.6
-49
-57.4
-55
-56.8
-54
-57.4
-47.4
-50
-61.8
-51.4
-54.8
-49.8
-50.4
-51
-52.8
-52.8
-57.8
-51.8
-54.2
-56.4
-54.6
-56.2
-51.2
-48.6
-50.6
-61.2
-54.4
-51
-50.8
-63.8
-47.6
-50
-51.4
-49.6
-89.2
-54.2
-48.8
-59
-50
-54.4
-52
-56.2
-49
-51.2
-53
-48.6
-49
-83.8
-53.2
-54.4
-55.2
-48.8
-51.8
-50.2
-52.4
-47.4
-50.8
-55.8
-45.6
-57.8
-50.2
-78.4
-52.2
-56.6
-53.4
-55
-55.6
-51.4
-58.2
-52.6
-54
-58.6
-52
-51.8
-51.2
-52.8
-54.8
-55
-47
-55.2
-51
-49.4
-71.4
-52.8
-56
-49.8
-48.2
-50.6
-48
-71.4
-52.6
-53.6
-54.4
-49.8
-48
-53.2
-50
-49.4
-58.8
-60.2
-57.2
-58
-54.6
-58.4
-52.8
-51.6
-46.6
-53
-58.2
-49
-52.2
-48
-56.4
-54
-49.4
-50.6
-48.6
-60.2
-71.2
-51.4
-52.6
-50.2
-52
-54
-48.8
-55.6
-50
-55
-49.4
-49.6
-49
-56
-45.6
-50.6
-50.4
-55.4
-53
-51.2
-50
-55.8
-54.8
-48.4
-54.2
-72.6
-51.6
-48.4
-50.4
-57.2
-49.8
-76.4
-58
-54.8
-47
-58.6
-66
-50.2
-47.6
-53.6
-52.4
-53
-50.8
-56
-46.6
-54.2
-54.4
-56.6
-56.2
-51
-53.4
-47.8
-51
-51.4
-53
-48.8
-55.6
-48.8
-50.8
-82.6
-46.6
-43.8
-52
-52.2
-54.6
-50.2
-66.2
-53.8
-53.4
-50.6
-55
-55.4
-56.6
-49
-50.8
-52
-50.8
-70.6
-48.4
-53.2
-53.8
-53.8
-53.2
-59.8
-56
-56.8
-52.8
-52.8
-50
-48.4
-48.4
-51.8
-54.6
-51.6
-50.6
-57
-50.2
-52.6
-56.4
-55.2
-56.4
-54
-50.4
-53.8
-48.6
-58.6
-53
-47
-49.4
-54
-61.4
-49.6
-57.2
-51.6
-50
-52
-53.4
-55.8
-54.8
-55.4
-51.2
-50.4
-59
-51.4
-51.8
-54.6
-71.2
-49.4
-54.4
-76.2
-52.6
-50
-59.8
-49.4
-51.8
-61
-58.4
-57.4
-49.8
-49.6
-81.8
-56.6
-417
-47.2
-56
-61
-55.2
-73.8
-50.2
-49.8
-55.4
-51.2
-72
-69.4
-49.4
-48
-45.8
-55.4
-56.4
-53.4
-48.6
-51
-48.4
-50
-56.8
-47.8
-46.6
-50.2
-49.4
-55
-78
-72.6
-49.4
-53.2
-49.2
-48.4
-55.4
-55.2
-49
-51.4
-51.8
-58.8
-50.8
-49.8
-45.6
-51
-54
-66.4
-47.2
-48.6
-48
-53.6
-49.8
-54.6
-66.2
-72.8
-49.8
-68.8
-48
-77
-48.4
-50.4
-52.6
-57
-49.6
-51.4
-48.4
-58.4
-55.8
-53
-51
-52.8
-46.4
-46.6
-46.8
-62.4
-50.8
-49.8
-74
-56.4
-50.8
-53.2
-49.4
-55
-48.4
-58.6
-50
-57.4
-57.6
-56.6
-55
-50.6
-56.2
-51.2
-49
-45.2
-53.8
-48
-70.8
-52.8
-58.8
-48.2
-82.4
-52
-57.2
-58
-54.8
-47.6
-47.6
-50.4
-56.4
-59
-54
-51.6
-48.2
-50
-50.6
-48.4
-50.2
-59.8
-54.8
-50
-56
-56.4
-62.6
-52
-57
-49.2
-61.6
-58.6
-49.8
-54
-48.2
-55.2
-49.4
-55.6
-50.6
-46.8
-51.8
-61.2
-50.8
-49
-49
-53.8
-58.6
-57.4
-49.4
-53.4
-80.2
-51.4
-52
-48
-52.2
-54.8
-51.6
-57.4
-53.4
-52.4
-50.8
-55.2
-52.6
-50.2
-50
-60.8
-58
-55.6
-59.4
-47
-55.8
-53
-50.4
-51
-50.8
-50
-105.6
-51
-49.4
-48.4
-53.4
-49.4
-56.4
-53.6
-51.2
-54.6
-52.4
-56.4
-54.2
-46.8
-49.6
-51
-51.8
-53.8
-73.6
-59
-53.4
