agent: texplore
env: fuelworld
Environment is episodic.
set statesPerDim to 0 for all dim
feature 0 has range 20
feature 1 has range 30
feature 2 has range 61
reward range: 400
Parallel ETUCT tracking real state values
Planner using history size: 0
Start model learning thread
Created MultClass 0 with nModels: 5
start parallel uct planning search thread
Created C4.5 decision tree 0 with == and > splits
Created C4.5 decision tree 6 with == and > splits
Created C4.5 decision tree 12 with == and > splits
Created C4.5 decision tree 18 with == and > splits
Created C4.5 decision tree 24 with == and > splits
Created MultClass 3 with nModels: 5
Created C4.5 decision tree 3 with == and > splits
Created C4.5 decision tree 9 with == and > splits
Created C4.5 decision tree 15 with == and > splits
Created C4.5 decision tree 21 with == and > splits
Created C4.5 decision tree 27 with == and > splits
Created MultClass 4 with nModels: 5
Created C4.5 decision tree 4 with == and > splits
Created C4.5 decision tree 10 with == and > splits
Created C4.5 decision tree 16 with == and > splits
Created C4.5 decision tree 22 with == and > splits
Created C4.5 decision tree 28 with == and > splits
Created MultClass 1 with nModels: 5
Created C4.5 decision tree 1 with == and > splits
Created C4.5 decision tree 7 with == and > splits
Created C4.5 decision tree 13 with == and > splits
Created C4.5 decision tree 19 with == and > splits
Created C4.5 decision tree 25 with == and > splits
Created MultClass 2 with nModels: 5
Created C4.5 decision tree 2 with == and > splits
Created C4.5 decision tree 8 with == and > splits
Created C4.5 decision tree 14 with == and > splits
Created C4.5 decision tree 20 with == and > splits
Created C4.5 decision tree 26 with == and > splits
-419.8
-417.8
-417
-417.4
-417.4
-417.2
-421.4
-420.4
-419.8
-419.8
-418.6
-417.2
-419.6
-420
-423.2
-1094.8
-416.8
-421.6
-415.6
-510.2
-1002.6
-419.2
-421.8
-936.2
-1038.8
-1034.6
-697.8
-513.6
-929.001
-755.001
-2170.6
-411.2
-285.2
-200.2
-488.2
-196.6
-707.4
-190
-549.6
-197.2
-75.2
-470.6
-591.2
-507.4
-84.2
-82.8
-99.6
-136.6
-77.4
-48
-416.2
-420.8
-416.4
-420.6
-416.8
-226.4
-417.4
-420.4
-416.4
-76.8
-416.4
-76
-76.8
-417.8
-224.4
-420.8
-417.4
-421
-420.8
-420.8
-422
-416
-420.4
-418.8
-417
-420.8
-417.4
-421.4
-419.2
-416.6
-416.8
-418
-503.2
-417.6
-89.4
-420.2
-68
-418.4
-418.6
-90.4
-97
-78.6
-86.2
-114.2
-49.2
-66.8
-92.4
-79.4
-50.2
-51.8
-56.8
-75.8
-51.2
-52.4
-77.8
-51.8
-83.4
-79.6
-56.2
-87.2
-85.6
-60.8
-81.6
-60.2
-138.6
-50.4
-57.6
-55.4
-50.8
-76.2
-54.6
-63.4
-100
-58.2
-56.2
-51
-54.4
-48.2
-47.2
-48.2
-48.8
-54.2
-57.2
-55.4
-49.2
-52.8
-55.4
-66
-74.6
-51
-53.6
-54.6
-70.2
-48.8
-53
-76.4
-46.6
-68.4
-49.6
-46
-52.6
-52
-46.6
-47
-55.2
-70.2
-57
-52
-51.2
-51.6
-53.8
-68.8
-56.6
-52
-53
-62.4
-52.8
-58.4
-52.4
-51.2
-104.4
-48.4
-53.8
-44.6
-52.4
-52.6
-58.4
-50.8
-54
-56.6
-58
-66.2
-60.4
-51.2
-415.6
-52.4
-66.4
-50
-49.4
-47.8
-61.2
-50
-46.6
-58.2
-55.4
-67.8
-48.4
-50
-48.4
-56
-49.4
-55.6
-67
-54.2
-51.4
-46.8
-63.8
-50
-80.4
-53.6
-48.2
-57.4
-53
-47.6
-50.6
-49.4
-54
-49.4
-49.2
-55.4
-418.2
-53.6
-58.8
-53.4
-98.8
-51.6
-58.2
-73
-52.8
-53.8
-46.4
-53.4
-56
-51.8
-51.2
-49
-54.2
-54.4
-463.2
-47.2
-47.6
-60.2
-47
-65.8
-48
-49.2
-54
-55.8
-48.4
-45.4
-53.2
-50.8
-57.4
-49.2
-48.4
-51.4
-54.4
-55.2
-52.6
-49
-54.2
-53.8
-54.4
-53.8
-70.6
-48.4
-52
-52.8
-60.8
-56.4
-49
-56.2
-58.6
-50.8
-49.2
-50.4
-53
-51.2
-54.2
-48.4
-82.8
-56.2
-60.6
-57.6
-66.6
-58.2
-58.8
-49.6
-46.4
-50
-57.2
-58.8
-45.6
-54
-50.6
-47
-46.4
-45.2
-77.2
-45.8
-54.8
-52
-50.2
-52.4
-61
-53.6
-52.2
-59.6
-67.6
-49.8
-48.4
-64
-55.2
-54.2
-57
-52
-56.8
-49
-47
-56.4
-45.2
-95.8
-54.4
-50.4
-51.2
-49
-82
-50
-53.6
-57.2
-50.2
-58
-60.4
-50
-53.2
-52.2
-71.4
-62.6
-54.4
-56
-58.4
-51.4
-61.6
-48
-48
-55.6
-55.2
-54.4
-48.2
-48
-68.4
-52.6
-56.8
-49
-54.4
-46.4
-50.4
-54.2
-52.4
-48.4
-54
-52.6
-55.2
-59.4
-49.6
-57.6
-44.6
-59.4
-56
-48.2
-48.6
-53.4
-51
-49
-52.8
-57.8
-58.4
-56.8
-48.2
-48.2
-56.2
-50.8
-47.8
-46
-58.2
-48.8
-47.6
-49
-59.4
-52.8
-53.6
-48.8
-55
-53
-50
-53
-58.4
-47.2
-53.6
-46.6
-49.6
-53.2
-50.4
-50
-47.4
-47
-51
-54.8
-50.2
-54.8
-55
-56.8
-48
-50.6
-50.2
-52
-51
-47
-49.6
-58
-53.2
-51.8
-57.4
-48.6
-52.2
-48
-49
-57.4
-52
-54
-46.4
-53.8
-48.4
-50
-49.2
-51.8
-50.8
-50.6
-46.8
-54
-52.8
-70.4
-48
-51.6
-74.8
-46
-59.4
-53
-49
-53.2
-47.4
-48.8
-55
-54.8
-62
-55.4
-54.4
-52.6
-69
-56.4
-59.8
-69.6
-50.2
-51
-72
-55.2
-52.6
-53
-48.4
-55.6
-57.8
-47.8
-79.6
-54.6
-56.2
-55
-49.6
-51.8
-55.4
-52.2
-52.4
-88.2
-50.2
-70.8
-59
-60.4
-53.2
-55.6
-58
-52.4
-54.2
-47.8
-51
-68
-56.2
-56
-80.8
-48.8
-53.4
-54.2
-48.4
-49
-50.4
-61.6
-50.4
-46.6
-82
-48.2
-70
-44.6
-51.8
-51.4
-49
-52.6
-53.8
-52.6
-54.6
-54.2
-50.4
-50.2
-49
-58
-52.6
-56
-50.4
-48.6
-49.2
-57.2
-67.6
-55.4
-48
-68
-46.6
-54.8
-51
-77.4
-69.6
-49.4
-56.6
-93.8
-46.2
-52.4
-58.8
-51.8
-55.6
-54.4
-52
-82.2
-53.8
-53.2
-51.2
-51.6
-83.8
-52
-49.6
-58.8
-57
-52.8
-59.8
-55.8
-52.2
-53
-51
-51.2
-47.2
-47.6
-49.2
-50.4
-61
-59.8
-50.8
-72.6
-48
-54.8
-55.4
-56.8
-53.4
-54.2
-51.6
-50.8
-50.8
-54.6
-53.4
-58
-47.4
-51.4
-51.8
-52.2
-49.8
-45.4
-46.8
-66.8
-77.4
-51.8
-57.6
-54.6
-53.8
-55.4
-54.2
-52.4
-53.8
-52.4
-50.2
-51.2
-48
-49.8
-58.8
-51.2
-52.8
-49
-53.4
-48
-70.8
-53.4
-58.4
-54.6
-51.2
-53.4
-49.8
-53.4
-49.2
-52.2
-49
-48.8
-53.6
-47.8
-48.6
-53.2
-47
-52.4
-55.2
-64.6
-52.4
-48
-458
-57.4
-47.6
-45.4
-49.2
-52.2
-51.6
-71.2
-54.8
-54.6
-56.8
-67.2
-80
-56
-53.8
-59.2
-54
-48
-51.8
-56.2
-54
-51.8
-52.6
-56.2
-53.2
-54.2
-49.2
-50.8
-50.4
-50.4
-59.6
-50.6
-52.8
-70
-56.4
-57.8
-46
-46
-51.6
-50.4
-57.6
-55.6
-51.6
-54
-52
-46.6
-48.6
-56.4
-55.8
-55.2
-49
-58.6
-57.8
-55.8
-55.8
-58.6
-50.8
-49.8
-58.4
-55.4
-50.8
-50
-52
-53.6
-54.8
-52
-73
-54.8
-48
-57.4
-49.2
-46.6
-51.2
-54.4
-58
-51.8
-54.4
-55.2
-53.6
-49
-50.2
-69.4
-47.2
-53.4
-52.4
-50.8
-49.8
-52.2
-48.4
-75.6
-46.2
-460.6
-56.4
-49.4
-52.2
-50.6
-63
-53
-54.4
-53.8
-57.6
-55.2
-47.6
-53.2
-51.2
-73
-57.6
-55.2
-56.8
-51.4
-53.6
-54.2
-55.2
-58.2
-60.4
-52.4
-49.4
-58.4
-48.2
-50.4
-49.8
-52.6
-82.8
-55
-51.4
-56
-67.2
-47.4
-45.6
-55.4
-56.6
-53.4
-55
-53.4
-45.8
-55
-51.8
-55
-69
-55.2
-62.6
-47.6
-49.8
-56.2
-52.2
-56.6
-83
-47.2
-57
-55.8
-53.8
-53.8
-58
-52.6
-53
-48.8
-50.4
-47
-50.6
-56.2
-49.6
-50.6
-50.2
-54.4
-53.6
-54.4
-49.2
-50.4
-52.6
-46.8
-48.6
-46.4
-66.8
-54.4
-51.4
-52.2
-48
-49.8
-52.4
-48.8
-55.8
-53.2
-72.2
-50.2
-45.4
-53
-50
-56
-64.8
-52.8
-58.6
-55.8
-80.8
-52
-50.2
-48.8
-50.4
-54
-51.8
-49.8
-47.4
-49
-53.4
-51.6
-53.8
-50.8
-48
-54
-81.8
-59.8
-50.2
-52.8
-58.8
-49.4
-50.8
-52.8
-48
-53
-66
-46.6
-58.6
-50
-52.2
-51.8
-48.4
-54
-53.8
-50.4
-59.6
-54
-54.2
-50.6
-52.2
-57.6
-49
-51.6
-52
-54
-47.2
-47
-49
-68
-52
-54.8
-49.8
-49
-46.4
-48.8
-49
-49.2
-54.2
-50
-58
-71.4
-52.2
-55
-55.2
-57
-54
-50.8
-55.4
-51.8
-54.4
-53.8
-46.4
-45.8
-53
-54.2
-54
-55.8
-54.4
-53
-46.4
-50.8
-47.2
-55.6
-50.6
-50.8
-56.2
-54.4
-53.6
-49.6
-53.4
-48.6
-55.2
-57.2
-58
-55.6
-55
-51.8
-70.2
-51
-50.2
-54
-49.8
-49.8
-58.2
-51.8
-49.6
-72.2
-76.2
-52.6
-55
-53
-59.2
-52.4
-50.6
-57.2
-54.8
-49.6
-49.8
-47.2
-55.4
-53.6
-54.2
-52.6
-54.2
-51.6
-53.2
-50.8
-51.2
-52.2
-54.2
-55.8
-57.8
-55.2
-56
-50.6
-49
-50.4
-52.8
-48
-51.6
-49.4
-51.6
-58.8
-53.8
-55.2
-51.2
-53.2
-48.2
-51.8
-51.4
-48
-49.6
-55.2
-66.8
-57
-55.8
-54.8
-73.6
-57.4
-49.6
-47.4
-57
-56.2
-52.2
-45.8
-52.8
-52.4
-48.6
-52.4
-79.6
-50.2
-48.4
-48.4
