agent: texplore
env: asterix
Environment is episodic.
set statesPerDim to 0 for all dim
feature 0 has range 30
feature 1 has range 30
feature 2 has range 30
reward range: 1001
Parallel ETUCT tracking real state values
Planner using history size: 0
Start model learning thread
start parallel uct planning search thread
Created MultClass 0 with nModels: 5
Created C4.5 decision tree 0 with == and > splits
Created C4.5 decision tree 6 with == and > splits
Created C4.5 decision tree 12 with == and > splits
Created C4.5 decision tree 18 with == and > splits
Created C4.5 decision tree 24 with == and > splits
Created MultClass 3 with nModels: 5
Created C4.5 decision tree 3 with == and > splits
Created C4.5 decision tree 9 with == and > splits
Created C4.5 decision tree 15 with == and > splits
Created C4.5 decision tree 21 with == and > splits
Created C4.5 decision tree 27 with == and > splits
Created MultClass 4 with nModels: 5
Created C4.5 decision tree 4 with == and > splits
Created C4.5 decision tree 10 with == and > splits
Created C4.5 decision tree 16 with == and > splits
Created C4.5 decision tree 22 with == and > splits
Created C4.5 decision tree 28 with == and > splits
Created MultClass 1 with nModels: 5
Created C4.5 decision tree 1 with == and > splits
Created C4.5 decision tree 7 with == and > splits
Created C4.5 decision tree 13 with == and > splits
Created C4.5 decision tree 19 with == and > splits
Created C4.5 decision tree 25 with == and > splits
Created MultClass 2 with nModels: 5
Created C4.5 decision tree 2 with == and > splits
Created C4.5 decision tree 8 with == and > splits
Created C4.5 decision tree 14 with == and > splits
Created C4.5 decision tree 20 with == and > splits
Created C4.5 decision tree 26 with == and > splits
-978
-992
-992
-995
-991
-994
-993
-994
-995
-994
-995
-995
-994
-996
-996
-994
-991
-996
-995
-996
-996
-994
-996
-996
-994
-996
-996
-996
-996
-995
-996
-995
-996
-981
-969
-996
-996
-994
-994
-983
-994
-994
-996
-995
-996
-995
-991
-983
-996
-995
-995
-995
-995
-995
-996
-995
-996
-995
-995
-995
-995
-994
-995
-983
-997
-990
-995
-995
-995
-996
-995
-996
-991
-995
-995
-996
-992
-991
-996
-995
-996
-995
-996
-996
-996
-996
-996
-996
-996
-996
-996
-996
-997
-997
-996
-996
-997
-997
-997
-997
-997
-997
-997
-997
-997
-997
-997
-997
-997
-997
-997
-996
-997
-997
-997
-997
-997
-997
-997
-997
-997
-997
-997
-997
-997
-997
-997
-997
-997
-997
-997
-997
-990
-929
-987
-987
-987
-987
-987
-987
-987
-974
-963
-931
-944
-986
-986
-986
-986
-986
-986
-995
-986
-995
-972
-994
-995
-986
-994
-994
-994
-994
-995
-986
-994
-994
-995
-953
-952
-969
-818
-870
-917
-981
-939
-903
201
-938
-973
-994
-945
-917
-986
-994
-980
-986
-994
-966
-980
-966
-858
-980
-996
-986
-986
201
-911
-956
-967
-994
201
201
201
201
201
201
-900
201
-917
-925
-989
-957
-985
-985
-985
-985
-985
-985
-985
-985
-985
-985
-985
-985
-985
-985
-985
-985
-957
-985
-985
-985
-985
-985
-985
-985
-985
-985
-985
201
201
201
201
201
-959
-987
-987
-987
-987
-987
-987
-987
-987
-987
-987
-987
-987
-974
201
-996
-996
-996
-996
-996
-996
-847
-974
201
-988
201
-988
-847
-996
-988
201
-988
-982
-988
-982
-988
201
-988
-988
201
-874
-946
-959
-972
-930
-972
201
201
201
201
201
-861
201
-917
-917
201
201
201
-859
201
201
-904
-988
-988
-988
-988
-988
-988
-988
-988
-988
-988
-988
-988
-988
-988
-988
-988
-988
-988
-988
-988
-988
-988
-988
-988
-988
-988
-988
-988
-988
-988
-988
-988
-988
-988
-988
-988
-988
-988
-988
-988
-988
-988
-988
-988
-988
-988
-988
-988
-988
-988
-988
-988
-988
-988
-988
-988
-988
-988
-988
-988
-988
-988
-987
201
-987
-973
-973
-945
-973
-973
-973
-945
-973
201
-987
-973
-959
-987
-987
-973
-987
-987
-973
201
201
201
201
201
201
201
-988
201
201
201
201
201
-995
-982
-961
-904
-918
-918
-890
-995
-918
-834
201
-947
-995
-975
-891
201
201
-900
-995
-995
-893
-900
201
-989
201
201
-980
201
201
201
-915
201
-979
-958
201
201
201
201
201
201
201
201
201
201
201
201
201
201
201
201
201
201
201
201
201
201
201
201
201
201
-840
201
-994
-835
201
201
201
201
201
201
201
201
201
201
201
201
201
201
201
201
201
201
201
201
201
201
201
201
201
201
201
201
201
201
201
201
201
-947
201
201
-835
201
201
201
201
201
201
201
201
201
201
201
201
201
201
201
201
201
201
-947
201
201
201
201
201
201
201
201
201
201
201
201
201
-986
201
201
201
201
201
201
201
201
201
201
201
-841
201
201
201
201
201
201
201
201
201
201
201
201
201
201
201
201
201
201
201
201
201
201
201
201
201
201
201
201
201
201
201
201
201
201
201
201
201
201
201
201
201
201
201
201
201
201
201
201
201
201
201
201
201
201
201
201
201
201
201
201
201
201
201
201
201
201
201
201
201
201
201
201
201
201
201
201
201
201
201
201
201
201
201
201
201
201
201
201
201
201
201
201
201
201
201
201
201
201
201
201
201
201
201
201
201
201
201
201
201
201
201
201
201
201
201
201
201
201
201
201
201
201
201
201
201
201
201
201
201
201
201
201
201
201
201
201
201
-970
201
-830
-970
-970
-970
-942
-914
-943
201
201
201
201
201
201
201
201
201
201
201
201
201
201
201
201
201
-914
201
201
-942
-942
-914
-886
201
201
201
201
201
201
201
201
201
201
201
201
201
201
201
201
201
201
201
201
201
201
201
201
201
201
201
-996
-984
-983
-989
-996
-996
-996
-988
-984
-983
-983
-984
-984
-984
-996
-988
-984
-956
-984
201
-996
-984
-984
-984
-984
-984
-984
-984
-872
-984
-984
-959
201
201
201
-996
-984
-984
-983
201
-996
-983
-983
-983
201
-996
-984
-984
-984
-983
-983
-984
-984
-984
-983
-984
-983
-983
-983
-983
-983
-983
-983
-983
-983
-983
-983
-983
-983
-983
-983
-984
-984
-983
-983
-983
-983
-983
-984
-984
-984
-984
-984
-984
-984
-984
-984
-984
-984
-984
-984
-984
-984
-984
-984
-987
-996
-984
-984
-984
-984
-984
-984
-984
-984
-984
-984
-984
-984
-984
-984
-984
-984
-984
-984
-984
-984
-984
-984
-984
-984
-984
-984
-984
-984
-984
-984
-984
-984
-984
-984
-984
-983
-983
-983
-983
-983
-983
-983
-983
-983
-983
-983
-983
-983
-983
-983
-983
-983
-983
-984
-983
-984
-983
-984
-984
-984
-984
-984
-984
-984
-984
-984
-984
-984
-984
-984
-984
-984
-984
-984
-984
-984
-984
-984
-984
-984
-984
-984
-984
-984
-984
-984
-984
-984
-984
-984
-984
-984
-984
-983
-983
-983
-983
-983
-983
-983
-983
-983
-984
-983
-984
-984
-984
-984
-983
-983
-983
-983
-983
-983
-983
-983
-983
-983
-983
-983
-983
-983
-983
-983
-983
-983
-983
-983
-983
-983
-983
-983
-983
-983
-983
-983
-983
-983
-983
-983
-983
-983
-983
-983
-983
-983
-983
-983
-983
-983
-983
-983
-983
-983
-983
-983
-983
-983
