agent: texplore
env: fuelworld
Environment is episodic.
set statesPerDim to 0 for all dim
feature 0 has range 20
feature 1 has range 30
feature 2 has range 61
reward range: 400
Parallel ETUCT tracking real state values
Planner using history size: 0
Start model learning thread
start parallel uct planning search thread
Created MultClass 0 with nModels: 5
Created C4.5 decision tree 0 with == and > splits
Created C4.5 decision tree 6 with == and > splits
Created C4.5 decision tree 12 with == and > splits
Created C4.5 decision tree 18 with == and > splits
Created C4.5 decision tree 24 with == and > splits
Created MultClass 3 with nModels: 5
Created C4.5 decision tree 3 with == and > splits
Created C4.5 decision tree 9 with == and > splits
Created C4.5 decision tree 15 with == and > splits
Created C4.5 decision tree 21 with == and > splits
Created C4.5 decision tree 27 with == and > splits
Created MultClass 4 with nModels: 5
Created C4.5 decision tree 4 with == and > splits
Created C4.5 decision tree 10 with == and > splits
Created C4.5 decision tree 16 with == and > splits
Created C4.5 decision tree 22 with == and > splits
Created C4.5 decision tree 28 with == and > splits
Created MultClass 1 with nModels: 5
Created C4.5 decision tree 1 with == and > splits
Created C4.5 decision tree 7 with == and > splits
Created C4.5 decision tree 13 with == and > splits
Created C4.5 decision tree 19 with == and > splits
Created C4.5 decision tree 25 with == and > splits
Created MultClass 2 with nModels: 5
Created C4.5 decision tree 2 with == and > splits
Created C4.5 decision tree 8 with == and > splits
Created C4.5 decision tree 14 with == and > splits
Created C4.5 decision tree 20 with == and > splits
Created C4.5 decision tree 26 with == and > splits
-418.6
-418.6
-418.6
-418.2
-418.2
-416.4
-421.4
-420
-421
-417.4
-417
-460.8
-418
-469.2
-420.4
-675.8
-421.2
-421.2
-508.6
-416.8
-420
-418.4
-421.6
-978.8
-419
-467.2
-421.2
-420.6
-664
-415.8
-6716.57
-831.2
-625.2
-511
-651
-844.001
-287
-576.6
-1032.8
-719.4
-553.6
-177.4
-91.6
-84.2
-211.8
-47.6
-54
-50.2
-60
-49.8
-106.6
-108.8
-50.2
-144.8
-461.4
-80.2
-593.6
-99.6
-464.2
-61.8
-110.2
-61.8
-100
-55.8
-49.8
-419.4
-49.8
-419.4
-52
-416.8
-50.6
-418.6
-416.6
-50.6
-416.8
-417.2
-461.6
-51
-46.4
-417.8
-57
-52
-54.4
-52.8
-57.6
-52.8
-53.2
-51.2
-66.2
-86.4
-53.4
-52.2
-62.4
-49.8
-46.6
-45.4
-51
-50.2
-46.8
-52.6
-55.4
-60.2
-49.2
-49.2
-58.4
-73.8
-53.4
-48
-56.4
-49.6
-56
-76.4
-66.4
-58.2
-58.4
-46.2
-53
-52.8
-53.6
-48
-46.6
-51.2
-51.8
-49.4
-70.8
-54.6
-51.4
-56
-49.2
-54
-56.4
-56.2
-71.8
-68.6
-49.2
-49.8
-54.6
-53.4
-45.4
-82.2
-48.8
-57.2
-53.8
-52.6
-49.2
-47.4
-47
-57.6
-52.4
-50.8
-51
-57
-56.8
-48.2
-57.6
-51.8
-50
-58
-52.4
-52
-52.4
-54
-50
-73.8
-45.6
-48
-55
-46
-54
-74
-48.8
-71.2
-51.6
-65
-68.4
-464
-53
-71.8
-50.4
-56.8
-49.2
-50.4
-47.6
-56.6
-53.4
-46
-67.2
-53.4
-50.8
-122.4
-50.6
-48
-58.4
-78.4
-51.8
-50.4
-49.4
-55.6
-52.4
-51.8
-53.2
-53
-52.2
-53.4
-49.2
-47.2
-51.2
-44
-60.8
-85.6
-57
-76.4
-54.4
-49.6
-57.4
-59.4
-76
-54.6
-55.8
-50.4
-49.6
-55
-46.8
-50.6
-74.2
-53.2
-54.6
-50.2
-53.6
-52.4
-52
-49.4
-77.2
-49.8
-56.2
-76.2
-53.8
-51.8
-48.4
-71.8
-50.8
-59.4
-48.6
-48
-75.2
-54.8
-51.4
-73
-76.4
-46.8
-49.4
-51.4
-51.6
-54
-46.6
-63.8
-47.6
-50
-47.2
-55
-50
-61.6
-48.2
-49.6
-54
-54.2
-50.6
-47.8
-48.8
-45
-50.4
-52.8
-52.4
-54.2
-46.4
-76
-48
-54.2
-51
-61.4
-52
-71.6
-77
-53.4
-53.6
-51.4
-56.8
-52.2
-50
-50.8
-56.4
-55.8
-51.8
-55
-52
-54.6
-50
-53.6
-77.6
-47.4
-53.4
-53.4
-52.4
-53.4
-50.4
-52
-49.2
-51.4
-54.4
-80.4
-53.4
-50.4
-49.6
-50.2
-51.4
-64.8
-54.8
-57.2
-55.8
-55.4
-52
-55.2
-48.6
-53.8
-47
-49.8
-47.6
-47.2
-52.2
-54.4
-51.6
-48.8
-51.8
-53.2
-51.8
-49.8
-53.4
-47.2
-57.8
-53.4
-55.2
-62.2
-51
-54
-77
-57.6
-53.8
-55.4
-53.4
-47.2
-49.8
-48.6
-52.4
-56.8
-47.6
-59
-45.6
-52.8
-50
-46.6
-54.4
-53.4
-51.8
-58.2
-59.6
-48.2
-52
-53.2
-55.6
-57.6
-53.8
-51.6
-48
-51.4
-53.6
-49.8
-54.8
-72
-56.2
-47.4
-45.4
-53.8
-53
-50
-59.8
-48
-52.2
-49.8
-49.2
-49.8
-49
-47.6
-50.4
-49.8
-52.8
-55
-48.6
-50.4
-54
-53.2
-47.6
-58.8
-59.8
-53
-53.2
-54.8
-51.4
-50.2
-53.4
-57.8
-54.2
-50
-46.8
-52
-53.8
-53.4
-66.8
-48.6
-52.4
-45.6
-51
-48.8
-53.8
-50.6
-50
-52.2
-47
-49
-57.4
-48.2
-57.6
-51.4
-48.4
-48.8
-47.6
-78.2
-47.8
-56.6
-58.2
-55.2
-53
-57.8
-53
-55.6
-55.8
-48.6
-51.6
-48
-95
-47.4
-49
-53.2
-49
-53
-64.2
-58.4
-121
-50.8
-53.8
-48.8
-55.8
-50
-45.6
-49.8
-48.8
-49.4
-50.6
-49.8
-55.2
-49.6
-53.2
-51.8
-50.4
-52.4
-48.6
-55
-74
-49.6
-53
-48.6
-49.6
-54.4
-53.6
-53.6
-52
-52.8
-54.4
-54.2
-46.4
-51.8
-50.2
-47.2
-55
-50
-45.6
-47
-53.2
-61.8
-47.8
-50
-54
-56
-54.4
-53.6
-56
-52.6
-45
-49.2
-51.2
-49.6
-56
-50.2
-53
-46.4
-47.4
-69.6
-52.8
-51.6
-53.4
-53
-58.2
-49.4
-49.4
-51.2
-51.4
-52.6
-48.6
-53
-45.2
-51.8
-49
-51.6
-53.8
-50.2
-48.6
-55.4
-53.6
-55
-86.6
-47
-48
-53.4
-52.2
-55.6
-51.4
-47
-55.8
-50.4
-53.4
-51
-49.6
-52.2
-49.8
-51.2
-48
-49
-51.8
-52.2
-48.8
-50.4
-45.8
-47.8
-49.6
-53.6
-53
-49.4
-48
-46
-55.2
-51.6
-75
-56.4
-53.6
-49.8
-53.2
-50
-49.6
-54.4
-56.4
-51.6
-57.6
-47.4
-54
-50.8
-53.2
-49
-46.6
-51.8
-52.8
-50
-51.8
-52.8
-50.4
-55.4
-55
-52
-80
-51.6
-52.2
-54.2
-55.8
-51.2
-56.2
-51
-53.6
-47
-52.2
-52.8
-53.2
-53.2
-47
-71.6
-54.4
-50
-51.4
-50.4
-54.2
-50.4
-51.4
-48.4
-52.6
-58.6
-55.8
-54.8
-57.6
-49.8
-46.4
-54.6
-52.8
-59
-49.4
-48.6
-47.6
-51.6
-52.8
-50
-51.8
-54.2
-50
-49.4
-55
-45.4
-72.6
-48
-55.8
-49.2
-53.4
-48.6
-60.6
-67.4
-54.4
-48.6
-53.2
-47
-56.4
-50.8
-47.8
-73.2
-54.4
-48
-49
-57.4
-53.2
-49.2
-52.2
-50
-50.4
-52.8
-45.8
-53
-48.6
-57.4
-50
-46.6
-70.8
-54.4
-49.2
-53.6
-47.2
-50.8
-50.6
-52
-53.2
-48.4
-54.6
-50.8
-46.2
-51
-52.8
-55.2
-50.8
-55.4
-52
-59
-47
-54
-54
-49.6
-52.6
-52
-53.8
-51
-48.8
-49.4
-49.6
-50.8
-53.6
-55
-55.2
-54
-57.2
-56.4
-52
-53.2
-48.2
-51
-47.4
-48.8
-53.6
-70.8
-50
-75.8
-54.8
-54.6
-48.6
-52.2
-53
-47.4
-52.4
-54
-51.8
-51.4
-55.6
-56.8
-52
-54.2
-50
-51.4
-52.4
-55.8
-51.8
-53.2
-51.8
-54
-51.2
-55
-59.4
-50.8
-53.8
-47.2
-50.2
-52.8
-54.6
-49.4
-69.2
-49.8
-58
-66.8
-54
-51.8
-49.6
-51.6
-47.6
-54
-49.4
-51.4
-59
-49.2
-49.8
-51.8
-46.8
-50.2
-70.6
-56.8
-50.6
-51.6
-69
-69.8
-47.4
-51.8
-52
-51.8
-55.8
-79.6
-51.6
-49.4
-49.8
-52.8
-50.8
-51
-53.6
-55.8
-51.6
-53.4
-57
-51.8
-51.4
-54.4
-48.4
-54.2
-51
-69.4
-51
-47.6
-51.4
-52
-50.8
-46.8
-50
-51.8
-54.8
-48.8
-48.2
-51.6
-51.6
-50.2
-50.6
-53
-46.4
-48.8
-53
-57.2
-52.6
-50.8
-52.2
-72.6
-52.4
-54.8
-47.2
-48
-53.8
-52.8
-50.8
-52.8
-46.2
-50.8
-50
-53.8
-55
-47.8
-53
-74.4
-53.6
-52.4
-46.2
-57.8
-52.6
-49.6
-52.4
-50
-49.4
-51
-54.6
-54.2
-75.2
-50.6
-52
-48.4
-56.2
-50.2
-61.2
-49.4
-57.4
-53.4
-48
-58.4
-51.8
-46.4
-47
-55.4
-53.6
-53
-55.6
-50
-48.6
-54.4
-57.4
-48.8
-76
-56.4
-53.6
-54
-51.4
-52
-54.2
-58.8
-46.6
-52.4
-52.4
-52.4
-52.4
-52.4
-73
-48.4
-47.4
-52.8
-51.6
-67.2
-51
-56.8
-85.4
-54
-48.6
-54
-56
-50.4
-56.6
-82.2
-47.2
-53.4
-52.4
-81.4
-57
-72
-53.4
-50.2
-53.4
-55.4
-47.8
-51.2
-54.8
-46.6
-46.2
-72.8
-50.4
-49.4
-55.8
-49.8
-53
-54.4
-53.4
-48.8
-50.2
-53.4
-59.2
-46.6
-55.8
-56
-50.4
-48.8
-52.8
-59
-50.8
-56.2
-54
-51.8
-50
-55.8
-51.6
-52.8
-50.6
-56.6
-76.8
-75.2
-48.8
-74.8
-52
-59.2
-61.2
-51.2
-59.6
-46.8
-52.8
-47.6
-75
-51.4
-76.4
-50.2
-49.8
-47.6
-53.8
-53.2
-48.8
-49.2
-52
-53.2
-56.4
-50.4
-49.4
-59.4
-82.4
-58.4
-49.4
-53.6
-58
-51
-56.2
-70.8
-46.6
-52.6
-55.2
-55.6
-46
-52
-49.4
-50
-52.2
-55.6
-49
-70.2
