agent: texplore
env: fuelworld
Environment is episodic.
set statesPerDim to 0 for all dim
feature 0 has range 20
feature 1 has range 30
feature 2 has range 61
reward range: 400
Parallel ETUCT tracking real state values
Planner using history size: 0
Start model learning thread
Created MultClass 0 with nModels: 5
start parallel uct planning search thread
Created C4.5 decision tree 0 with == and > splits
Created C4.5 decision tree 6 with == and > splits
Created C4.5 decision tree 12 with == and > splits
Created C4.5 decision tree 18 with == and > splits
Created C4.5 decision tree 24 with == and > splits
Created MultClass 3 with nModels: 5
Created C4.5 decision tree 3 with == and > splits
Created C4.5 decision tree 9 with == and > splits
Created C4.5 decision tree 15 with == and > splits
Created C4.5 decision tree 21 with == and > splits
Created C4.5 decision tree 27 with == and > splits
Created MultClass 4 with nModels: 5
Created C4.5 decision tree 4 with == and > splits
Created C4.5 decision tree 10 with == and > splits
Created C4.5 decision tree 16 with == and > splits
Created C4.5 decision tree 22 with == and > splits
Created C4.5 decision tree 28 with == and > splits
Created MultClass 1 with nModels: 5
Created C4.5 decision tree 1 with == and > splits
Created C4.5 decision tree 7 with == and > splits
Created C4.5 decision tree 13 with == and > splits
Created C4.5 decision tree 19 with == and > splits
Created C4.5 decision tree 25 with == and > splits
Created MultClass 2 with nModels: 5
Created C4.5 decision tree 2 with == and > splits
Created C4.5 decision tree 8 with == and > splits
Created C4.5 decision tree 14 with == and > splits
Created C4.5 decision tree 20 with == and > splits
Created C4.5 decision tree 26 with == and > splits
-418.6
-418.2
-416.2
-417.4
-416.6
-415.2
-419.4
-420.8
-419.4
-416.6
-417.4
-417.2
-417.6
-418.4
-421.6
-416.8
-417.4
-419.4
-417.8
-417
-417.8
-419.8
-421
-419.4
-417.6
-1331
-459.8
-417.4
-175.4
-418.6
-420.4
-418.6
-462.4
-421.2
-415.6
-500.6
-420.8
-178.8
-418.2
-460.6
-417.4
-465.4
-420.8
-464.4
-62.8
-420
-419.6
-592.6
-50.2
-500.4
-416.4
-460.8
-86.8
-464
-462
-224.8
-501.4
-97.4
-316.4
-238.8
-140.6
-130
-56.2
-98.2
-134.4
-56
-96.8
-142.4
-55
-86.8
-102.8
-84.6
-52.8
-87.8
-377.8
-84
-105
-50.4
-93.4
-139.4
-86.4
-505.6
-54.8
-89.6
-51.8
-50.6
-57.6
-89
-53.4
-90
-53.6
-52.6
-419.8
-420.2
-420
-77.2
-416.8
-417.4
-55.8
-417.8
-418.4
-417
-74.4
-62.4
-60.2
-54.6
-53.8
-420.6
-51.2
-52.6
-418.4
-458
-62.6
-56.2
-48.6
-141.2
-48.2
-51.2
-55.2
-89.8
-102.8
-298.4
-47.6
-64
-55.8
-58.2
-48.2
-49
-59.4
-100.6
-54
-125.6
-56.6
-61.4
-48.4
-56
-59.2
-52.6
-88.8
-55.4
-62.2
-57
-68.2
-54.2
-57.2
-52
-55.4
-56
-48.2
-53.8
-58.2
-59.4
-54.6
-51.4
-57.8
-57.8
-50.8
-252.2
-67.4
-87.4
-88
-86.6
-55
-52.8
-50
-48.4
-52.4
-62
-47.6
-84.8
-48
-52.2
-57.2
-50.4
-61
-53
-59
-53.8
-59.6
-56.2
-55
-50.6
-50.6
-59.4
-53
-60.4
-50.6
-48.8
-60.2
-76
-55.4
-53.8
-50.8
-58.6
-51
-56.6
-59.4
-51.4
-59
-60.4
-52
-62.4
-60.6
-55.4
-46.6
-59.4
-46.6
-47.2
-50.6
-49.6
-50.2
-95
-49.4
-51.8
-51.8
-55.8
-52.4
-48.8
-48.6
-54
-58.6
-57.4
-50
-46.4
-52.6
-54.2
-48
-52.4
-52.2
-52.6
-49.4
-59.8
-55.4
-49.4
-53.8
-50
-64.2
-58.6
-47
-55.2
-49.4
-55.4
-52.8
-61.6
-57.4
-60.2
-51.6
-56
-48.8
-48.6
-53.8
-48.4
-54
-55
-50
-51.8
-49.6
-46.4
-52.4
-55
-48.4
-63.6
-54
-56.2
-44.6
-55.8
-52.4
-52
-68.8
-51.6
-54.6
-55.2
-50.6
-50.2
-79.2
-55.6
-56.6
-76.6
-53.2
-53.8
-52
-49.6
-56.6
-55
-50
-49.6
-51.2
-53.6
-51.2
-48.6
-55.4
-53
-54.8
-51
-60.4
-48.8
-49.8
-57.8
-54
-71
-58.4
-47
-77.6
-52.2
-60
-50.8
-54.4
-52
-50.4
-46.2
-53.6
-49.6
-54.8
-56.8
-49.2
-68
-52.4
-56.6
-58.8
-48.2
-48.8
-51
-54.2
-59.8
-47
-56
-47
-59.4
-79
-49.4
-57.2
-50
-52
-47.4
-132.8
-54.2
-55.6
-56.6
-53.4
-51.8
-58
-54.4
-54.4
-54
-50.6
-75.6
-60.2
-51.8
-105.2
-55.2
-53
-51.6
-79.8
-56.8
-50.2
-48.6
-51
-56.4
-51.2
-48.6
-52.8
-48.2
-58.4
-50.6
-53.8
-57.8
-53.6
-55.4
-122.2
-51
-47.6
-53
-48.6
-52
-52.6
-53.8
-47.6
-74.2
-50.6
-50.2
-47.4
-57.4
-46
-55
-51.2
-49
-51.4
-53
-49.2
-50.8
-49
-49
-49
-52.4
-56.2
-53.4
-49
-61.8
-51.4
-53.6
-51.8
-89.2
-49
-52.4
-54.8
-54
-48.4
-45.4
-48
-53.2
-51
-52
-58.2
-52.6
-57.2
-46.4
-94
-54.4
-71.4
-58.2
-52.2
-73.6
-54.6
-50.8
-62
-51.2
-57.2
-49
-52.4
-54.2
-54.6
-51.6
-53.6
-56.8
-50.2
-54.4
-47.4
-56.4
-49
-88
-56.8
-58
-58.4
-53.4
-49
-55.2
-72.2
-52.4
-54.6
-55.2
-56.4
-51.4
-47.8
-47.4
-54.2
-74.6
-57.2
-54.4
-52.6
-48.6
-52.4
-57.2
-51.8
-50.4
-51.6
-72.4
-48.8
-55.4
-46.6
-53.6
-52.6
-62.4
-51.4
-53.6
-61
-65.6
-57.8
-49.2
-56.2
-51.6
-54.2
-51.4
-55.2
-48.4
-48
-49.2
-55.4
-56.6
-58.2
-56.8
-53
-48.8
-53.4
-54.2
-47.2
-51.2
-54
-56
-54.6
-61.2
-52.8
-55.8
-54
-48.8
-50.4
-54.4
-49.8
-50
-81.2
-50
-56.8
-55.6
-49.6
-48
-48.6
-52.2
-55.6
-53.6
-66.8
-53.2
-47
-50.6
-57.6
-54.8
-89.4
-75.6
-47.6
-58.2
-56.2
-53.4
-57.8
-51.6
-48.2
-48.8
-53.4
-52.6
-54.4
-51.2
-54
-56.8
-462
-48.2
-51.4
-52.2
-52.4
-54
-53.2
-52.2
-55.4
-49
-50.4
-50.2
-47.4
-52.8
-54.2
-49.6
-48
-52.8
-47.8
-57
-58.6
-52.8
-52.2
-57.8
-57.8
-49.2
-50.4
-52
-53
-51.4
-54.6
-49.6
-61.6
-55
-71.2
-56.8
-53.8
-96.6
-61.6
-51.8
-50.2
-58.2
-57.8
-54.4
-56.6
-49.4
-55.4
-56.8
-47.6
-46
-55
-54.4
-55.6
-50.4
-50.6
-49.8
-47.6
-57.8
-93.6
-45.8
-55
-55.8
-49.2
-50.6
-50.6
-53.6
-51.8
-52
-48
-52.2
-47
-57.8
-51
-47.4
-72
-54.2
-52
-52.4
-47
-45.6
-88
-49.8
-56.8
-54.4
-52.8
-49
-53
-48.4
-49.2
-47.8
-46.8
-50.4
-73.6
-81.6
-55
-54.4
-52.6
-58.6
-56
-53.2
-75
-46.6
-55.4
-49.6
-54.8
-47.6
-45.8
-48.2
-60.6
-49.2
-56
-48
-59
-50.8
-56
-50
-52
-51.6
-72
-55.8
-51.6
-84.6
-52.6
-52
-50.2
-48.8
-68.4
-55.4
-48
-45.8
-51
-65
-48
-50.6
-57.2
-51.8
-53.8
-49.8
-56.4
-82.2
-73.2
-51.4
-51.6
-68.8
-57.8
-50.6
-60
-49.6
-50
-45.8
-54.6
-54.4
-52.4
-50.2
-49.4
-53.2
-47.8
-56.8
-53
-49.2
-50.8
-51.8
-47
-52.8
-56
-53
-46
-72.6
-52.4
-47.4
-60.8
-55.6
-53.6
-52
-66.4
-59.8
-56.6
-61
-54.4
-48.8
-74.4
-51
-53.4
-53
-50.2
-47.8
-49.4
-55.8
-50.8
-74.8
-51.2
-57.4
-54.2
-50
-50
-51.8
-56.8
-50
-49.8
-57.2
-56.8
-51.8
-56.4
-50.6
-55.4
-46.4
-53.4
-49.6
-47.4
-56.6
-60.6
-50.4
-50.2
-57.4
-49
-51.6
-52.8
-52
-52
-52.2
-76.6
-48.4
-53
-53.8
-56.4
-54.4
-52.8
-56.4
-49.4
-55.6
-52.4
-48.8
-49.8
-54.4
-50.8
-55
-52
-50
-78
-55.4
-52.4
-60.4
-47
-48
-53.4
-53.2
-47.4
-51.2
-54.2
-56.4
-54.8
-50.8
-54.4
-52.2
-47.4
-59.2
-51.6
-54.8
-48.2
-52.8
-48.6
-48
-48.4
-52.2
-51.6
-78.6
-54.4
-50.6
-53.4
-49.4
-46
-52
-51
-59.2
-50
-54
-50.6
-52.6
-50.6
-49.8
-56
-55.2
-56.8
-48.6
-73.2
-53.6
-46.8
-53.8
-57.8
-52.4
-53.4
-52
-54
-47.4
-46.6
-52.8
-55
-45.8
-47
-46.4
-59.8
-51.6
-55
-55.4
-59.2
-54.8
-52.6
-53.8
-52.4
-51.8
-52
-49.6
-55.8
-56.8
-53
-65.8
-53.6
-50.6
-47.6
-55.8
-57.8
-54.6
-54.2
-53.4
-57.4
-48.6
-80.6
-49.4
-58
-51.6
-54.4
-53.8
-52
-53.8
-56.8
-51.4
-74.4
-49.2
-59.4
-50.6
-53.2
-53
-51.6
-49.6
-49
-47.4
-57
-75.8
-54.2
-50.8
-83
-50
-52.8
-52
-66
-51.2
-49.2
-55.2
-54.6
-52.2
-56.4
-54
-50.4
-51.2
-49.8
-47
-51.2
-53.8
-50.4
-53.2
-51.8
-45.6
-50.2
-52
-55.8
-48
-52.2
-51.4
-53.6
-54.2
-53.8
-53
-59.8
-48.8
-50.8
-52
-57.2
-47.2
-52
-46.4
-61.2
-55.2
-55.6
-51.4
-55
-56.2
-71.8
-57.4
-55
-53.6
-58.6
-54
-82
-49.6
-51.2
-49.4
-55
-58.2
-57.8
-55.8
-82.6
-51.2
-68.8
-57.2
-49.4
-78.6
-49.6
-55.6
-55.2
-60.6
-50.4
-50
-61.2
-58.2
-68
-52.2
-46.2
-52.2
-53.8
-49
-53.8
-55.6
-77.4
-46.4
-55
-50.8
-48.2
-50.2
-54.6
-49.4
-60.4
-65
-51.6
-50.2
-55.6
-54
-50
-58.4
-47
-49.8
-83.8
-49.2
-56.2
-56.8
-50.6
-55.2
-51
-51.8
-48.8
-54.6
