agent: texplore
env: fuelworld
Environment is episodic.
set statesPerDim to 0 for all dim
feature 0 has range 20
feature 1 has range 30
feature 2 has range 61
reward range: 400
Parallel ETUCT tracking real state values
Planner using history size: 0
start parallel uct planning search thread
Start model learning thread
Created MultClass 0 with nModels: 5
Created C4.5 decision tree 0 with == and > splits
Created C4.5 decision tree 6 with == and > splits
Created C4.5 decision tree 12 with == and > splits
Created C4.5 decision tree 18 with == and > splits
Created C4.5 decision tree 24 with == and > splits
Created MultClass 3 with nModels: 5
Created C4.5 decision tree 3 with == and > splits
Created C4.5 decision tree 9 with == and > splits
Created C4.5 decision tree 15 with == and > splits
Created C4.5 decision tree 21 with == and > splits
Created C4.5 decision tree 27 with == and > splits
Created MultClass 4 with nModels: 5
Created C4.5 decision tree 4 with == and > splits
Created C4.5 decision tree 10 with == and > splits
Created C4.5 decision tree 16 with == and > splits
Created C4.5 decision tree 22 with == and > splits
Created C4.5 decision tree 28 with == and > splits
Created MultClass 1 with nModels: 5
Created C4.5 decision tree 1 with == and > splits
Created C4.5 decision tree 7 with == and > splits
Created C4.5 decision tree 13 with == and > splits
Created C4.5 decision tree 19 with == and > splits
Created C4.5 decision tree 25 with == and > splits
Created MultClass 2 with nModels: 5
Created C4.5 decision tree 2 with == and > splits
Created C4.5 decision tree 8 with == and > splits
Created C4.5 decision tree 14 with == and > splits
Created C4.5 decision tree 20 with == and > splits
Created C4.5 decision tree 26 with == and > splits
-417.4
-418.2
-418.2
-418.6
-417.4
-416.4
-419
-1306.6
-417.8
-418.6
-417
-416.2
-420.2
-1505.4
-418.4
-545.8
-500
-421.6
-421.2
-420.6
-512.6
-578.8
-466.6
-591.8
-352
-415.8
-461.4
-551.4
-502.8
-180.8
-542.4
-354.4
-88.2
-501.6
-507.8
-141.6
-94.8
-268.8
-225
-134.8
-425.4
-1442.4
-173.2
-306.2
-148
-171.4
-316.6
-91.4
-227
-92
-217
-135.2
-224.4
-55.8
-57
-57
-551.6
-138.2
-84.2
-59.4
-88.2
-95.8
-102.8
-97.6
-120.8
-57
-503.8
-418.2
-96.2
-105.8
-98.4
-55.6
-460.8
-94.4
-419.2
-417.8
-417.2
-462.8
-419.4
-61.8
-420.2
-57.4
-419.4
-419.8
-418.4
-60.2
-57.8
-99.8
-133.8
-422.2
-58.2
-421.2
-54.2
-62.8
-91.2
-56.6
-95.8
-57.2
-421
-419.6
-418.6
-421.8
-55.4
-421
-56.4
-60
-509.2
-55.2
-54.4
-58.8
-56
-134.8
-54
-55
-58.6
-52
-50.2
-59.4
-58
-55
-148.4
-54.8
-52
-86
-59.8
-83.2
-58.6
-76.8
-54.8
-51.6
-57.2
-51.4
-92.2
-55.6
-54.4
-51.4
-53.6
-50.8
-54.4
-61.2
-50.2
-52.2
-48.8
-54.8
-88.8
-55.4
-50.4
-59.8
-59.4
-61
-51.4
-53.2
-54.2
-47
-47.6
-53.8
-51.8
-51.8
-53.4
-54.6
-69
-50.8
-50
-57.4
-65.2
-53.6
-50.6
-55.8
-56.8
-49.2
-58.6
-52.2
-53.8
-58.8
-48.6
-63.2
-53
-459.8
-52.8
-49.8
-52.2
-53.6
-53.4
-109.4
-58.8
-76.2
-49.8
-50.6
-54.4
-54.8
-50.2
-56.2
-48.4
-50.4
-51.4
-56.8
-47.8
-60.4
-48.2
-54
-49.4
-56
-56.6
-47.4
-54.8
-50.6
-59
-53.8
-56.8
-55.4
-51
-53.4
-48
-54.8
-57
-52.4
-47.6
-77.8
-55.6
-48.4
-82
-77.2
-53
-47.4
-53.8
-52.4
-67.6
-58.2
-56.2
-51.4
-59
-58.4
-50
-53.4
-51
-54.6
-50.6
-48.8
-60.6
-53.4
-50.6
-56.2
-54.2
-48.2
-51
-61.4
-50.8
-52.4
-60.2
-61
-55
-53
-54.6
-60.8
-49
-47.8
-460.6
-54.8
-54.6
-465
-53.2
-49.2
-54.8
-48.8
-55.2
-58.8
-50.8
-52.6
-56.4
-52.8
-71.6
-56.6
-65.6
-48.4
-49.6
-51.2
-52.6
-53.2
-52.4
-49.6
-50.4
-74.4
-49.8
-48.8
-56.2
-87.6
-56
-53.6
-48
-50.4
-52.6
-53.6
-55.4
-51.4
-58.4
-47.4
-55.2
-65.2
-52.2
-58
-51.2
-54.6
-46.8
-51.8
-55.2
-50.6
-51.2
-52.8
-48.2
-51.2
-49.2
-46.6
-51.6
-55.2
-55.8
-51.2
-74
-54.4
-53.2
-54.6
-52.4
-51
-47.4
-50.2
-49
-51.4
-54.8
-48.6
-53
-48
-53.8
-71.4
-57.8
-51
-47.4
-50.4
-56.4
-52.6
-49.6
-53.4
-48
-57.4
-52.4
-57.8
-50.2
-50.8
-57.4
-55.2
-52.4
-52
-50.4
-54
-53
-48.4
-54
-47.4
-50.2
-50
-50.6
-51.2
-53.8
-53.4
-49.8
-49.6
-51.2
-56.6
-65.2
-52
-54.8
-48.6
-48.4
-99.2
-48
-50.4
-47.4
-56
-51.8
-50.4
-53.8
-49.2
-52.4
-51.6
-51.6
-49.6
-56.4
-52.2
-51
-46.2
-50.2
-46.6
-51.2
-53.2
-52.2
-54.4
-50.6
-54.8
-50.6
-55.4
-52
-82.4
-54.8
-51.4
-52.2
-50.4
-51.8
-53.4
-50.4
-49.4
-53
-57.6
-52.8
-48.4
-53.8
-56.2
-53
-76.4
-55.2
-49
-47.8
-51.8
-52.6
-49.8
-54
-50.4
-54.8
-50.8
-49.2
-52.8
-55.4
-50.8
-48.4
-52.6
-51
-48
-53.8
-57
-48.4
-48
-57
-102.2
-53.2
-48.4
-59
-50.8
-52
-51.8
-47.2
-53.8
-48.4
-52.4
-51.8
-53.4
-52.4
-75.8
-51.2
-53.2
-46.8
-56
-47.6
-51.6
-68.4
-55.6
-50.4
-53.8
-51.4
-51.4
-53.2
-51.8
-50.6
-49.6
-49.8
-52.6
-76.4
-74.8
-51.4
-49.6
-52.4
-52
-54.6
-78
-52.8
-51.4
-67.8
-53.8
-55.8
-49.6
-48.8
-54.2
-57.6
-50.6
-48.6
-52.4
-56.6
-50
-49.8
-48.2
-48.4
-53.2
-51.4
-54.4
-55
-48.8
-54.2
-51.4
-50.8
-50.4
-52
-48
-50
-52.2
-52.4
-53.2
-49.6
-51
-46.6
-50
-52.2
-53.2
-51.6
-54.2
-49.6
-51.4
-54
-48
-56
-52
-51.4
-50.4
-47.8
-50
-78
-52.6
-49.6
-51
-53.2
-54.8
-58.6
-52.8
-72.4
-48.4
-56.8
-52.4
-55.2
-53.2
-51
-46.6
-45.6
-66.6
-50.4
-48.4
-72.4
-55
-57.6
-51.6
-47.8
-54.2
-47.6
-53.4
-49
-52.2
-49.4
-50
-48.2
-48.2
-55.2
-54.2
-52.8
-66.4
-45.6
-56.8
-54.2
-76.4
-56.2
-53.8
-50
-48.8
-49
-49.8
-59
-62
-46.6
-68.8
-80.8
-79
-47
-47.6
-46.6
-50
-57.4
-49
-49.6
-53.2
-52.6
-49.2
-52.6
-50.6
-49.8
-55.2
-458.8
-45.6
-56.4
-49.2
-56.4
-51
-50.6
-51
-52
-56.4
-50.2
-48.4
-54
-49
-48.6
-52.4
-53.4
-99.4
-60.4
-51.8
-46.6
-54
-50.6
-50.4
-51
-51.6
-47.4
-52
-53.8
-57.4
-56.2
-50.8
-54.4
-47.6
-53.4
-53.2
-51.6
-47.8
-50.2
-51.4
-54.2
-56.8
-52
-53.8
-84.2
-59
-53.6
-54
-49
-77.2
-67.8
-51.6
-50.4
-55.4
-50.4
-56.4
-48.4
-51.6
-51.8
-52.2
-73
-54
-48.2
-47.6
-47.8
-53.8
-52.6
-49.4
-52
-51.2
-49.6
-50.8
-49.8
-51.8
-49.4
-47.4
-54
-51.4
-54.4
-47.8
-50.2
-52.4
-52.8
-59
-52.4
-48.6
-47.4
-52.2
-51.2
-51.8
-56.6
-51.8
-56
-49.2
-52.6
-50.6
-49.8
-54.6
-49.8
-55.8
-51.4
-55.8
-50.2
-47.6
-53.8
-48.4
-52.6
-46.2
-54
-54.6
-53.8
-50.2
-70
-49.6
-49
-47
-55.8
-49.2
-48.8
-57.2
-49.4
-50.8
-49.4
-50.4
-69.6
-55.4
-53.6
-53.6
-55.2
-54
-52.4
-48.6
-60
-50.4
-79.8
-46.6
-53.2
-56.2
-52.8
-49.8
-48
-53.2
-48
-51
-50.6
-53.2
-49.8
-50.2
-48
-47.8
-51
-53
-54.8
-46.8
-49.4
-55.6
-53.6
-50.6
-49.6
-47.6
-51
-54
-50.6
-80.4
-50.6
-53
-48.6
-50.8
-106
-50.4
-46.6
-57.6
-59.4
-51.6
-50.6
-49.6
-46.6
-49.4
-50.4
-75.2
-51
-75.6
-77.2
-51.4
-51
-50.8
-57.4
-54.8
-53.4
-55.6
-53.6
-56.2
-49.4
-51.2
-48.8
-53.6
-50.8
-67.8
-51
-54.6
-48.8
-56.2
-46.4
-50.2
-49
-74
-47.4
-52.8
-56.8
-46.6
-56.8
-51.6
-57.4
-53.4
-50
-71.8
-46.6
-48.2
-48.8
-52.4
-47
-49.4
-48.6
-49.8
-52.6
-53.8
-53.2
-52
-55.4
-69.4
-55.6
-51
-56.4
-56.4
-51.8
-51.8
-54
-49.4
-48.8
-51.8
-51.2
-47.6
-47.8
-46.6
-51.6
-49.8
-50.4
-48.2
-52.2
-47
-52.4
-56.6
-79.2
-52
-51
-79.8
-51.6
-49.6
-57.6
-53.8
-56.6
-48.6
-51.8
-54
-48
-50.2
-51.2
-48
-56.2
-53.6
-53.8
-77.2
-50.6
-51
-50.6
-54.6
-46.8
-50.4
-52.4
-51.6
-52.4
-51.6
-50.8
-50
-48
-55.6
-49.6
-50.8
-52.6
-51.2
-46
-51.6
-52.4
-52.6
-55.2
-57.6
-56.2
-49.6
-50.6
-49
-76.4
-46
-55.2
-53
-51
-56
-49.8
-54.4
-56.2
-52
-52.4
-49.2
-48
-48.6
-48.2
-73.4
-47.8
-48.6
-51
-52
-54
-54.6
-56
-53.6
-49.4
-56.8
-54.4
-48.2
-58.8
-52.2
-50.2
-48.8
-50.6
-54.2
-47.4
-51.4
-76.6
-51
-53.6
-48.2
-46.2
-48
-49.4
-56.4
-72.8
-52
-52.2
-52.8
-57.2
-55.2
-51.6
-56.4
-49.8
-55.2
-46.8
-50.6
-54.6
-54.6
-52.8
-51.4
-51.6
-48.4
-50.8
-56
-49.2
-48.4
-93.6
-48.6
-70
-52
-48.6
-52.8
-54.6
-56.2
-55
-55.8
-56
-55.2
-78.4
-51.6
-48.2
-49.2
-50.8
-51.2
-52.4
-52.4
-59.4
-58
-50.6
-59
-50.2
-55.8
-55.2
-54.2
-54
-53.8
-53.8
-49.6
-55.8
-54.2
-52
-55.2
