agent: texplore
env: asterix
Environment is episodic.
set statesPerDim to 0 for all dim
feature 0 has range 30
feature 1 has range 30
feature 2 has range 30
reward range: 1001
Parallel ETUCT tracking real state values
Planner using history size: 0
start parallel uct planning search thread
Start model learning thread
Created MultClass 0 with nModels: 5
Created C4.5 decision tree 0 with == and > splits
Created C4.5 decision tree 6 with == and > splits
Created C4.5 decision tree 12 with == and > splits
Created C4.5 decision tree 18 with == and > splits
Created C4.5 decision tree 24 with == and > splits
Created MultClass 3 with nModels: 5
Created C4.5 decision tree 3 with == and > splits
Created C4.5 decision tree 9 with == and > splits
Created C4.5 decision tree 15 with == and > splits
Created C4.5 decision tree 21 with == and > splits
Created C4.5 decision tree 27 with == and > splits
Created MultClass 4 with nModels: 5
Created C4.5 decision tree 4 with == and > splits
Created C4.5 decision tree 10 with == and > splits
Created C4.5 decision tree 16 with == and > splits
Created C4.5 decision tree 22 with == and > splits
Created C4.5 decision tree 28 with == and > splits
Created MultClass 1 with nModels: 5
Created C4.5 decision tree 1 with == and > splits
Created C4.5 decision tree 7 with == and > splits
Created C4.5 decision tree 13 with == and > splits
Created C4.5 decision tree 19 with == and > splits
Created C4.5 decision tree 25 with == and > splits
Created MultClass 2 with nModels: 5
Created C4.5 decision tree 2 with == and > splits
Created C4.5 decision tree 8 with == and > splits
Created C4.5 decision tree 14 with == and > splits
Created C4.5 decision tree 20 with == and > splits
-992
Created C4.5 decision tree 26 with == and > splits
-971
-994
-994
-994
-991
-994
-996
-994
-990
-995
-996
-996
-986
-995
-990
-995
-995
-997
-991
-994
-994
-990
-991
-995
-984
-996
-993
-989
-995
-995
-988
-987
-996
-996
-996
-986
-994
-995
-992
-994
-996
-987
-996
-986
-988
-974
-986
-996
-986
-991
-990
-986
-996
-987
-995
-985
-894
-997
-996
-978
-997
-959
-997
-997
-997
-997
-997
-997
-997
-997
-997
-997
-997
-997
-997
-997
-997
-997
-997
-997
-997
-982
-981
-992
-917
-988
-980
-985
-985
-986
-990
-976
-987
-962
-987
-871
-975
-992
-899
-975
-875
-931
-861
-947
201
201
-889
-945
-990
-959
-959
-973
-973
-983
-973
-973
-973
-973
-990
-987
-990
-990
-973
-973
-973
-959
-987
-945
-847
-875
-987
-903
201
-890
-987
-996
201
201
201
-837
201
201
-951
201
201
-888
-847
-923
201
201
-875
201
-917
-973
-817
201
-997
-873
-945
-903
-959
201
-959
201
-996
-847
-974
201
-861
-861
-917
-917
-938
201
201
-924
201
201
201
-932
201
201
201
201
201
201
201
-922
201
-894
-978
-978
-978
-894
-814
201
201
-947
201
-960
-806
201
-807
-989
-989
-946
-939
-946
-994
-946
-989
-918
-974
-989
201
-933
201
201
201
-974
201
201
201
201
201
201
201
201
201
201
-835
-975
-986
201
201
201
201
201
201
201
-971
201
-943
-873
201
-985
-985
-873
-943
-957
-957
-943
-971
-985
-985
-985
-985
-985
-985
-985
-985
-985
-985
-985
-985
-985
-985
-985
-985
-985
-887
-985
-985
-985
-985
-985
-985
-985
-985
-985
-985
-985
-985
-985
-985
-985
-985
-985
-985
-985
-985
-985
201
201
201
201
201
201
201
201
201
201
201
201
201
201
-980
201
201
201
201
201
201
201
-833
-889
-945
201
201
201
201
-945
-945
-945
-945
-945
-917
-945
201
201
201
201
-833
-945
-973
-973
-945
-945
-945
-973
-973
-973
-804
-973
-973
-973
-973
-973
-973
-973
-973
-973
-973
-973
-973
-973
-973
-973
-973
-973
-973
-973
-973
-973
-973
-973
-973
-973
-973
-973
-973
-973
-973
-973
-973
-973
-973
-973
-973
-973
-973
-973
-973
-973
-973
-973
-973
-973
-973
-973
-973
-973
-973
-973
-973
-973
-973
-973
-973
-973
-973
-973
-973
-973
-973
-973
-973
-973
-973
-973
-973
-973
-973
-973
-973
-973
-973
-973
-973
-973
-973
201
201
201
201
201
201
201
201
-989
-989
-989
-989
-989
-989
-989
-989
-989
201
-989
-989
201
201
201
-989
-989
201
201
-989
-989
-989
201
-889
201
201
201
201
201
201
201
201
201
201
201
201
201
201
201
201
201
201
201
201
201
201
201
201
201
201
201
201
201
201
201
201
201
201
201
201
201
201
201
201
201
201
201
201
201
201
201
201
201
201
201
201
201
201
201
201
201
-910
201
201
201
201
201
201
201
201
201
201
201
201
201
201
201
201
201
201
201
201
201
201
201
201
201
201
201
201
201
201
201
201
201
201
201
201
201
201
201
201
201
201
201
201
201
201
201
201
201
201
201
201
201
201
201
201
201
201
201
201
201
201
201
201
201
201
201
201
201
201
201
201
201
201
201
201
201
201
201
201
201
201
201
201
201
201
201
201
201
201
201
201
201
201
201
201
201
201
201
201
201
201
201
201
201
201
201
201
201
201
201
201
201
201
201
201
201
201
201
201
201
201
201
201
201
201
201
201
201
201
201
201
201
201
201
201
201
201
201
201
201
201
201
201
201
201
201
201
201
201
201
201
201
201
201
201
201
201
201
201
201
201
201
201
201
201
201
201
201
201
201
201
201
201
201
201
201
201
201
201
201
201
201
201
201
201
201
201
201
201
201
201
201
201
201
201
201
201
201
201
201
201
201
201
201
201
201
201
201
201
201
201
201
201
201
201
201
201
201
201
201
201
201
201
201
201
201
201
201
201
201
201
201
201
201
201
201
201
201
201
201
201
201
201
201
201
201
201
201
201
201
201
201
201
201
201
201
201
201
201
201
201
201
201
201
201
201
201
201
201
201
201
201
201
201
201
201
201
201
201
201
201
201
201
201
201
201
201
201
201
201
201
-985
201
201
201
201
201
-995
201
201
201
201
201
201
201
201
201
201
201
201
201
201
201
201
201
-995
201
201
201
201
201
201
201
201
201
201
201
-995
201
201
201
201
201
201
201
201
201
201
201
201
-980
201
201
201
201
201
201
201
201
201
201
201
201
201
201
201
201
201
201
201
201
201
201
201
201
201
201
201
201
201
201
201
201
201
201
201
201
201
201
201
201
201
201
201
201
201
201
201
201
-816
201
-987
-973
-987
-987
-987
-987
-931
-954
201
-960
-900
-833
-928
-928
-959
-959
-959
-959
-959
-959
-959
-959
-959
-959
-959
-959
-959
-959
-959
-959
-959
-959
-959
-926
-849
-959
-891
-821
-891
-863
-959
-959
-891
-891
-926
-891
-891
-959
-945
-919
-973
-973
-898
-926
-926
-891
-926
-926
-926
-926
-891
-891
-891
-926
-891
-926
-891
-926
-891
-891
-891
201
201
201
201
201
201
201
201
201
201
201
201
201
201
201
201
201
201
201
201
201
201
-863
-919
-919
