agent: texplore
env: asterix
Environment is episodic.
set statesPerDim to 0 for all dim
feature 0 has range 30
feature 1 has range 30
feature 2 has range 30
reward range: 1001
Parallel ETUCT tracking real state values
Planner using history size: 0
Start model learning thread
start parallel uct planning search thread
Created MultClass 0 with nModels: 5
Created C4.5 decision tree 0 with == and > splits
Created C4.5 decision tree 6 with == and > splits
Created C4.5 decision tree 12 with == and > splits
Created C4.5 decision tree 18 with == and > splits
Created C4.5 decision tree 24 with == and > splits
Created MultClass 3 with nModels: 5
Created C4.5 decision tree 3 with == and > splits
Created C4.5 decision tree 9 with == and > splits
Created C4.5 decision tree 15 with == and > splits
Created C4.5 decision tree 21 with == and > splits
Created C4.5 decision tree 27 with == and > splits
Created MultClass 4 with nModels: 5
Created C4.5 decision tree 4 with == and > splits
Created C4.5 decision tree 10 with == and > splits
Created C4.5 decision tree 16 with == and > splits
Created C4.5 decision tree 22 with == and > splits
Created C4.5 decision tree 28 with == and > splits
Created MultClass 1 with nModels: 5
Created C4.5 decision tree 1 with == and > splits
Created C4.5 decision tree 7 with == and > splits
Created C4.5 decision tree 13 with == and > splits
Created C4.5 decision tree 19 with == and > splits
Created C4.5 decision tree 25 with == and > splits
Created MultClass 2 with nModels: 5
Created C4.5 decision tree 2 with == and > splits
Created C4.5 decision tree 8 with == and > splits
-994
Created C4.5 decision tree 14 with == and > splits
Created C4.5 decision tree 20 with == and > splits
Created C4.5 decision tree 26 with == and > splits
-995
-995
-993
-994
-995
-978
-995
-995
-994
-995
-994
-976
-987
-995
-995
-996
-987
-973
-987
-987
-987
-995
-987
-987
-987
-971
-973
-987
-987
-987
-987
-987
-981
-981
-981
-981
-981
-981
-981
-981
-981
-986
-988
-989
-986
-992
-996
-992
-995
-994
-986
-983
-986
-989
-995
-985
-981
-981
-992
-941
-988
-917
-974
-917
-945
-945
-977
-975
-973
-992
-945
-917
-919
-945
-917
-889
-819
-988
-996
-996
-996
-996
-996
-980
-959
-988
-973
-974
-987
-974
-982
-983
-959
-972
-987
-974
-986
-988
-980
-861
-968
201
201
201
-918
-971
201
201
201
201
-848
201
-923
-980
-980
-980
201
-980
-995
201
-918
-995
-918
-995
201
-978
-925
-966
-875
201
201
-946
-994
-981
-994
-994
-994
-994
-994
-995
-994
-995
201
-994
-994
-994
-994
-994
-995
-995
-995
-875
-946
-960
-982
-983
-972
-974
-983
-972
-986
-972
-972
-972
-972
-972
-972
-972
-972
-972
-972
-972
-972
-972
-972
-971
-972
-972
-972
-972
-972
-986
-972
-987
-986
-958
-986
-986
-986
-986
-973
-974
-986
-973
-986
-987
-973
-973
-973
-987
-973
-986
-987
-986
-986
-986
-987
-987
-987
-987
-986
-986
-986
-986
-986
-986
-986
-986
-987
-930
-987
-959
-980
201
-974
-981
-981
-974
-981
-974
-974
201
-966
-980
-856
201
-874
-980
-966
201
-967
-888
-815
-871
-896
-927
-927
-989
-973
201
201
-813
201
-913
-976
-968
-969
-913
-941
-913
-984
-984
-941
-984
-982
-970
-974
-984
-913
-969
-969
-984
-941
-983
-913
-913
-926
-903
-938
-903
-966
-974
-938
-966
-814
201
-974
-988
-988
-974
-890
-890
201
201
201
201
201
-855
201
201
201
201
-939
-967
201
201
201
-939
201
201
201
201
201
201
201
-833
201
201
201
201
201
201
201
201
201
201
201
201
201
201
-989
201
201
201
201
201
201
201
201
201
201
201
201
201
201
201
201
201
201
201
201
201
201
201
201
201
201
201
201
201
201
201
201
-942
201
-802
-946
201
201
201
201
-946
201
201
201
201
201
201
201
201
201
201
201
201
201
201
201
201
201
201
201
201
201
201
201
201
201
201
201
201
201
201
201
201
201
201
201
201
201
201
201
201
201
201
201
201
201
201
201
201
201
201
201
201
201
201
201
201
201
201
201
201
-933
201
201
201
201
201
201
201
201
201
201
201
201
201
201
201
201
201
201
201
201
201
201
201
201
201
201
201
201
201
201
201
201
201
201
201
201
201
201
201
201
201
201
201
201
-948
-958
-958
201
201
201
201
201
201
-808
201
201
201
201
201
201
201
201
201
-900
201
201
201
201
201
201
201
201
201
201
201
201
201
201
201
201
201
201
201
201
201
-973
-945
-973
-973
-973
-973
-973
-973
-973
-973
-973
-973
-973
-973
-973
-973
-973
-973
-973
-973
-973
-973
-973
-973
-973
-973
-973
-973
-973
-973
-973
-973
-973
-973
-973
-973
-973
-973
-973
-973
-973
-973
-973
-973
-973
-973
-973
-973
-973
-973
-973
-973
-973
-973
-973
-973
-973
-973
-973
-973
-973
-973
-973
-973
-973
-973
-973
-973
-973
-973
-973
-973
-973
-973
-973
-973
-973
-973
-973
-973
-973
-973
-973
-973
-973
-973
-973
-973
-973
-973
-973
-973
-973
-973
-973
-973
-973
-973
-973
-973
-973
-973
-973
-973
-973
-973
-973
-973
-973
-973
-973
-973
-973
-973
-973
-973
-973
-973
-973
-973
-973
-973
-973
-973
-973
-973
-973
-973
-973
-973
-973
-973
-973
-973
-973
-973
-973
-973
-973
-973
-973
-973
-973
-973
-973
-973
-973
-973
-973
-973
-973
-973
-973
-973
-973
-973
-973
-973
-945
201
201
201
201
201
201
201
201
201
201
201
201
201
201
201
201
201
201
201
201
201
201
201
201
-920
201
201
201
201
201
201
201
201
201
201
201
201
201
201
201
201
201
201
201
201
-976
201
201
201
201
-896
-994
-994
-994
-994
-994
-994
-994
-994
-966
201
201
201
201
-952
-994
-994
-994
-980
-994
-994
201
201
201
201
201
-966
-994
-994
-994
-994
-994
-994
-994
-994
-994
-994
-994
-994
-994
-994
-994
-994
-994
-994
-994
-994
-994
-994
-994
-994
-994
-994
-994
-994
-994
-994
-994
-994
-994
-994
-994
-994
-994
-994
-994
-994
-994
201
201
201
201
201
201
201
201
201
-994
-994
-994
-994
-994
-994
-994
-994
-994
-994
-994
-994
-994
-994
-994
-994
-994
-994
-994
-994
-994
-994
-994
-994
-994
-994
-994
-994
-994
-994
-994
-994
-994
-994
-994
-994
-994
-994
-994
-994
-994
-994
-994
-994
-994
-994
-994
-994
-994
-994
-994
-994
-994
-994
-994
-994
-994
-994
-994
-994
-994
-994
-994
-994
-994
-994
-994
-994
-994
-994
-994
-994
-994
-994
-994
-994
-994
-994
-994
-994
-994
-994
-994
-994
-994
-994
-994
-994
-994
-994
-994
-994
-994
-994
-994
-994
-994
-994
-994
-994
-994
-994
-994
-994
-994
-994
-994
-994
-994
-994
-994
-994
-994
-994
-994
-994
-994
-994
-994
-994
-994
-994
-994
-994
-994
-994
-994
-994
-994
-994
-994
-994
-994
-994
-994
-994
-994
-994
-994
-994
-994
-994
-994
-994
-994
-994
-994
-994
-994
-994
-994
-994
-994
-994
-994
-994
-994
-994
-994
-994
-994
-994
-994
-994
-994
-994
-994
-994
-994
-994
-994
-994
-994
-994
-994
-994
-994
-994
-994
-994
-994
-994
-994
-994
-994
-994
-994
-994
-994
-994
-994
-994
-994
-994
-994
