agent: texplore
env: fuelworld
Environment is episodic.
set statesPerDim to 0 for all dim
feature 0 has range 20
feature 1 has range 30
feature 2 has range 61
reward range: 400
Parallel ETUCT tracking real state values
Planner using history size: 0
Start model learning thread
start parallel uct planning search thread
Created MultClass 0 with nModels: 5
Created C4.5 decision tree 0 with == and > splits
Created C4.5 decision tree 6 with == and > splits
Created C4.5 decision tree 12 with == and > splits
Created C4.5 decision tree 18 with == and > splits
Created C4.5 decision tree 24 with == and > splits
Created MultClass 3 with nModels: 5
Created C4.5 decision tree 3 with == and > splits
Created C4.5 decision tree 9 with == and > splits
Created C4.5 decision tree 15 with == and > splits
Created C4.5 decision tree 21 with == and > splits
Created C4.5 decision tree 27 with == and > splits
Created MultClass 4 with nModels: 5
Created C4.5 decision tree 4 with == and > splits
Created C4.5 decision tree 10 with == and > splits
Created C4.5 decision tree 16 with == and > splits
Created C4.5 decision tree 22 with == and > splits
Created C4.5 decision tree 28 with == and > splits
Created MultClass 1 with nModels: 5
Created C4.5 decision tree 1 with == and > splits
Created C4.5 decision tree 7 with == and > splits
Created C4.5 decision tree 13 with == and > splits
Created C4.5 decision tree 19 with == and > splits
Created C4.5 decision tree 25 with == and > splits
Created MultClass 2 with nModels: 5
Created C4.5 decision tree 2 with == and > splits
Created C4.5 decision tree 8 with == and > splits
Created C4.5 decision tree 14 with == and > splits
Created C4.5 decision tree 20 with == and > splits
Created C4.5 decision tree 26 with == and > splits
-418.2
-419
-417
-416.6
-417.4
-416
-419
-418.8
-420.2
-418.6
-417
-509.8
-419.4
-421.6
-1305
-544.6
-416.8
-416.8
-1148.2
-422
-542
-416
-464.2
-418
-550.4
-1037.6
-255.6
-599.2
-266.2
-717.2
-730.2
-187.4
-715.4
-510.4
-713.8
-106.2
-500.2
-752.8
-132.8
-102.2
-53.4
-107.6
-100.2
-102.4
-139.8
-97
-58
-87.4
-507
-96
-102.4
-87.4
-91.6
-48
-51
-135.6
-76.8
-97.8
-89.8
-94.2
-57.6
-104.6
-53.2
-88.4
-104.6
-135.8
-49.2
-58.4
-51.6
-52.4
-62.2
-62.4
-61
-49.4
-51.6
-79.6
-60.2
-94
-81.8
-51.4
-55.4
-85.4
-78.8
-56.8
-56.2
-77.8
-52
-56.8
-54.2
-82.6
-50.8
-48.2
-50
-48.6
-79.2
-52
-50.8
-57.6
-54
-86
-50.2
-54
-55
-51
-55.8
-94.4
-52.6
-53.4
-52.6
-55
-53.6
-46.4
-63.8
-59.6
-50
-49.8
-83
-52.8
-61
-59.8
-67.2
-54.4
-51.6
-71.8
-50.4
-52.2
-52
-80.4
-63.2
-60.4
-82
-51.2
-53.2
-55.8
-54.6
-58.2
-52
-73.6
-50.6
-50.4
-89
-52.8
-54.4
-47.4
-54.8
-80
-57.8
-49.6
-49.8
-50.4
-51.8
-60.8
-80
-59.4
-58.2
-56
-51
-58.8
-57.2
-53.2
-60.2
-52.4
-53.6
-48.4
-49.2
-57.2
-53
-47.8
-48.6
-47.6
-47.6
-49.8
-51.4
-49.6
-53.4
-50.8
-52
-57.4
-57.2
-54.4
-52.2
-53.2
-58
-56.6
-52.8
-48.6
-48.6
-54.2
-56.2
-46.8
-85.4
-68
-48.2
-52.8
-52.4
-53.2
-58
-52.6
-74
-56.6
-57
-48.4
-51
-52.2
-48.6
-49.2
-60
-54.6
-49.8
-48.6
-60.2
-67
-54.2
-57.2
-50.8
-48.4
-79.4
-57.2
-53.2
-48.8
-60
-47.8
-48
-51.4
-64.2
-51.6
-50.2
-50.4
-59
-51.6
-60.4
-49.2
-50
-50.8
-53.8
-54
-51
-50.2
-49.6
-53.4
-58.2
-60.8
-46.4
-53
-46.8
-47.6
-49.2
-73.6
-49.4
-60
-59.4
-46.6
-49.2
-58.6
-53
-54.2
-57.2
-46.6
-69.4
-60.8
-54
-51.4
-50.8
-58.2
-55.4
-69.4
-54
-49
-56.2
-52.2
-51.2
-56
-52
-54.6
-50.8
-48.6
-53.4
-49
-64
-61.8
-59.2
-71.8
-56.2
-50.8
-51.2
-49.4
-77
-54.4
-57.4
-54.4
-77.4
-57.4
-79.4
-48.8
-56.8
-56
-80.2
-53.2
-51.6
-51.4
-54.4
-84.4
-56.6
-50.4
-53.6
-48.2
-52.8
-55.2
-54.6
-56.2
-80.4
-49.8
-55.2
-55.4
-51.6
-52.8
-51.2
-56.8
-50.8
-53
-76.6
-80.4
-47.4
-54.4
-52.2
-53.8
-55.2
-48
-53.6
-49
-54.8
-55.2
-48.4
-52.2
-52.6
-56.6
-58.4
-52.4
-58.6
-53.6
-54.4
-57
-57.4
-53
-51.6
-56.2
-48.6
-56.6
-56.8
-59.8
-56.2
-57.6
-53.4
-48.4
-59.4
-56.4
-50.2
-78
-52.6
-56.8
-96.2
-55.4
-46.4
-53.8
-51
-59.4
-62
-50.8
-48.6
-65.4
-46.8
-52.2
-56.8
-46.6
-58.8
-50.2
-48.2
-55.8
-460.8
-67.4
-55.8
-55.8
-87.4
-48.4
-84.8
-48
-51.4
-52.2
-50.4
-66.2
-79.8
-54.6
-54.6
-466
-54.4
-58.4
-52.2
-49.2
-53.4
-50.8
-54.4
-52.6
-47.8
-52.6
-49
-49.4
-45.4
-55.2
-52.2
-53.6
-49
-53.8
-48.4
-134
-51.4
-55.8
-54.6
-84
-54.8
-458.8
-60
-45
-55.8
-56
-50.6
-61.2
-48.4
-50.8
-52
-57.2
-50.6
-60.6
-48.6
-51.4
-62.2
-463.2
-54.6
-50
-55.4
-49.4
-76.6
-53
-57.2
-50.4
-52.2
-54.4
-63.4
-48.4
-57
-56.6
-77.4
-55.8
-49.2
-58.4
-50.8
-48.6
-51.2
-54.4
-53.8
-51.8
-48
-48.8
-47
-52.2
-57
-56.2
-52.6
-50
-54.2
-48.6
-53.2
-47.4
-46.2
-49.2
-59
-57.4
-53.8
-49
-82
-57.2
-50.2
-50.2
-75
-45
-48.6
-60.8
-51.4
-53.8
-76
-68.6
-48
-50.2
-50.4
-50.8
-59.8
-58.6
-49.4
-49.6
-55.6
-50.4
-48.6
-59
-57.4
-47
-48.6
-56.4
-65.4
-49.4
-49.2
-54.6
-49.6
-59.2
-59.4
-54.4
-51.2
-58.8
-52
-49
-54.2
-48.6
-71
-59.4
-51.4
-53.2
-58.6
-50
-83.4
-56.2
-49.2
-51.6
-56
-47
-63.2
-82.4
-51
-55.6
-52.6
-47.4
-70
-59.4
-57
-45.4
-51.2
-52.6
-47.6
-48
-50.4
-47.8
-80.8
-57.2
-49
-104
-52.8
-90.2
-46.6
-56.4
-47
-56.4
-57.8
-73.8
-52.6
-80.8
-57.6
-57.4
-54.4
-51.6
-58.8
-55.6
-48.2
-46.8
-51.8
-51.8
-47.8
-58.2
-49.6
-59.6
-47.4
-71.8
-54.6
-55.4
-52.6
-46.8
-52.2
-48.8
-51
-57.8
-59
-77.6
-53.6
-79.2
-46.8
-47.8
-53
-47.4
-52
-49.8
-52.8
-62.2
-55.2
-48.8
-45.6
-52.8
-55
-51.4
-55.6
-59
-68
-54
-53.8
-47.4
-47.4
-48.8
-68.2
-50.8
-60.6
-48.2
-49.4
-54.4
-52.6
-51.2
-57.2
-54.6
-53.4
-55.8
-54
-51.6
-55.2
-55
-52.8
-54
-55.8
-52.2
-52.8
-50.6
-52.8
-55.2
-52
-55.6
-85.6
-50.4
-50.2
-50.6
-47
-54
-51.6
-47.4
-58
-52
-56.4
-52.6
-55.8
-54.2
-56.8
-57.8
-52.8
-46
-53.2
-50.6
-47.2
-54.2
-52.4
-47.4
-50.6
-86.2
-56.8
-55.4
-51.6
-47.6
-54.4
-55.2
-58.6
-53.8
-48.4
-49.8
-48.8
-47
-51.2
-54
-50.4
-46.2
-51
-56.2
-47
-47.2
-55.6
-50.4
-56
-48.6
-48.6
-70.6
-48.4
-52.4
-49
-58.8
-50.8
-45.2
-53.4
-49.8
-50
-50.6
-49.8
-52.6
-50.6
-59
-51.2
-51.8
-49.4
-86.8
-51.4
-49.6
-53.8
-47.4
-83.6
-57.6
-51.2
-57.8
-48.8
-51.4
-58
-49.4
-50.4
-78.8
-51
-49.4
-49.2
-53.2
-72
-416.8
-50.6
-79.6
-46.4
-48.6
-49.2
-52.8
-51.8
-56
-48.4
-48.6
-463.6
-77
-54.6
-47.6
-52.8
-48.4
-58
-54.4
-49.2
-49.4
-53.8
-45.6
-53.4
-48.4
-49.8
-80.6
-53.4
-51.4
-52.4
-57.2
-53.4
-59.8
-50.8
-51.4
-53.6
-53.8
-58
-49.2
-49.6
-48.6
-52.4
-50.4
-51
-51
-46.6
-53.6
-51.4
-50.4
-50.6
-50.6
-47.8
-48
-54.4
-57.4
-49.6
-74.4
-61.2
-55.4
-49.4
-56
-51.4
-51.8
-52.8
-49.6
-56.2
-56.2
-55.4
-49
-57.4
-47.6
-421
-56.6
-416.8
-46.2
-51.8
-57.6
-56.6
-51.8
-55.2
-58.4
-49.2
-46.2
-46.8
-47
-54.2
-55.8
-46.4
-56.2
-56.2
-66
-56
-56.8
-56.8
-52.6
-48.2
-47.2
-53.6
-52
-52
-49
-52.2
-58.2
-52.6
-52.6
-58.8
-99.4
-49.2
-51.6
-52.6
-56.6
-80.8
-53.8
-58.6
-53.8
-54.8
-48.2
-53.6
-52.8
-47.4
-53.2
-54.8
-47.4
-57
-50.8
-58
-57.4
-50.4
-45.6
-56
-52.2
-51.8
-51
-54.8
-79.4
-73.2
-79.8
-50
-51.4
-48
-56
-48.6
-57
-51.8
-47.2
-57.6
-49.2
-49.2
-52.4
-48.4
-47.4
-52.8
-46.8
-54
-75.4
-69.8
-57.2
-46.8
-49.2
-50
-47
-419.8
-51.8
-52
-54.8
-50.8
-56.2
-50.8
-50.8
-49
-57.8
-53.6
-54.4
-56.8
-92
-60.6
-52.6
-51.6
-47.4
-49.2
-51.2
-50.4
-53.8
-69.6
-55.4
-48.2
-52.8
-54.8
-46.8
-55.8
-49.8
-49
-55.4
-58.8
-50.4
-56.4
-50.8
-52.4
-55
-51.6
-55
-54.4
-60.6
-48
-59.6
-49
-49.2
-72.8
-47.8
-52.2
-49.2
-57.8
-57
-55.6
-53.2
-47.2
-53.2
-58.2
-56.6
-45.2
-52.4
-52.4
-50.6
-49.2
-54
-47.8
-50.2
-55.8
-54.6
-48.2
-50.4
-71
-61.6
-55.6
-69
-50.8
-53.2
-101.2
-51.4
-46.4
-47.8
-55.4
-52.4
-52.4
-60
-51.8
-53
-49.4
-53.8
-53.8
-48.4
-56.2
-56.8
-53.2
-50.4
-54.4
-51.8
-48.4
-45.4
-54.8
-50.4
-52.2
-52.6
-47
-91.2
-53.4
-51.6
-50.4
-509
-56.6
-49
-46
-50
