agent: texplore
env: fuelworld
Environment is episodic.
set statesPerDim to 0 for all dim
feature 0 has range 20
feature 1 has range 30
feature 2 has range 61
reward range: 400
Parallel ETUCT tracking real state values
Planner using history size: 0
Start model learning thread
Created MultClass 0 with nModels: 5
start parallel uct planning search thread
Created C4.5 decision tree 0 with == and > splits
Created C4.5 decision tree 6 with == and > splits
Created C4.5 decision tree 12 with == and > splits
Created C4.5 decision tree 18 with == and > splits
Created C4.5 decision tree 24 with == and > splits
Created MultClass 3 with nModels: 5
Created C4.5 decision tree 3 with == and > splits
Created C4.5 decision tree 9 with == and > splits
Created C4.5 decision tree 15 with == and > splits
Created C4.5 decision tree 21 with == and > splits
Created C4.5 decision tree 27 with == and > splits
Created MultClass 4 with nModels: 5
Created C4.5 decision tree 4 with == and > splits
Created C4.5 decision tree 10 with == and > splits
Created C4.5 decision tree 16 with == and > splits
Created C4.5 decision tree 22 with == and > splits
Created C4.5 decision tree 28 with == and > splits
Created MultClass 1 with nModels: 5
Created C4.5 decision tree 1 with == and > splits
Created C4.5 decision tree 7 with == and > splits
Created C4.5 decision tree 13 with == and > splits
Created C4.5 decision tree 19 with == and > splits
Created C4.5 decision tree 25 with == and > splits
Created MultClass 2 with nModels: 5
Created C4.5 decision tree 2 with == and > splits
Created C4.5 decision tree 8 with == and > splits
Created C4.5 decision tree 14 with == and > splits
Created C4.5 decision tree 20 with == and > splits
Created C4.5 decision tree 26 with == and > splits
-418.2
-417.4
-416.2
-419.4
-418.2
-418
-420.6
-640.4
-419.4
-421
-467.6
-422.4
-509.6
-416
-416.2
-416.8
-419.4
-419.2
-418.2
-422
-419.4
-420.2
-419.6
-421
-418
-422
-419.2
-416.8
-465.4
-418.8
-469
-419.2
-510.2
-610
-422.8
-593.4
-416
-417.8
-417.6
-877.6
-592.6
-297.4
-507.8
-120.6
-1030
-84
-302
-55
-53.2
-98.6
-95.4
-94.2
-87.8
-104.2
-229
-95.4
-140.8
-91
-179.4
-214.8
-90.6
-203.8
-115.4
-314.2
-53.2
-102.4
-183.6
-48.4
-56
-55.8
-104.8
-55.8
-466
-56.4
-62.2
-463.4
-463.2
-95
-61
-60.6
-57.6
-102.8
-419.6
-98.8
-56.8
-421.4
-421
-420.2
-420.8
-418.4
-420.6
-419.8
-51.4
-416
-150.8
-56.8
-57.6
-50.4
-59.2
-47.8
-93.2
-57.6
-123
-57.2
-58.8
-103.4
-102.2
-55.2
-52.2
-57.8
-58.8
-75.8
-52
-62
-52
-55.6
-80
-53.2
-69
-54.2
-54.8
-49.8
-80.6
-88
-97.6
-58.4
-47.6
-57
-73.6
-51.8
-80.8
-56.6
-61
-54.8
-59.8
-49
-55
-57
-53.2
-53.6
-53.8
-97.8
-50.8
-60.8
-56.6
-54.6
-65.6
-70.8
-54
-55.8
-58.6
-86.6
-54.4
-50.8
-57
-54.8
-57
-52.6
-54.2
-50
-51.4
-55.8
-56.8
-83.6
-55.8
-52
-59.6
-52.8
-53.6
-57.6
-75.4
-53.2
-56.8
-59.8
-59.2
-59.6
-50.2
-49.6
-57.2
-56.2
-50.6
-53.4
-96
-54.4
-53.4
-46.2
-105.8
-56.8
-54.4
-51.6
-47.6
-97.4
-89.6
-55.4
-54.2
-49.2
-51
-54
-52.4
-86.2
-71.2
-52.4
-53
-55.6
-48.8
-55.4
-53.8
-55.2
-55.6
-50.6
-53.4
-54.2
-52.8
-50
-51.4
-59.8
-49
-68
-50.4
-56.6
-51.8
-55.2
-57.6
-48.8
-459.6
-78
-80.4
-58.4
-50.8
-52
-98.8
-53.6
-53.4
-47.6
-52.8
-52.4
-55.4
-50.4
-50.6
-50
-52.2
-51.8
-49.2
-56.2
-95.4
-52.2
-54.6
-51.6
-49.8
-50.6
-61.4
-59
-55.8
-53.8
-47.6
-419
-68.6
-55.2
-58
-55.2
-55
-55.4
-97.6
-55.2
-51.2
-51.4
-53.8
-56.4
-51.8
-58.8
-52.4
-416.8
-96.4
-53.8
-49.8
-48.6
-53.6
-49.4
-50.6
-57.6
-48
-52
-48.2
-54.2
-52
-57.4
-53.2
-59.4
-50.4
-58.6
-49.8
-52.4
-55.8
-54
-51
-57.8
-46.2
-59
-55.4
-55.8
-51.4
-51.4
-92
-50.8
-52.6
-47.6
-54.8
-49.2
-53.4
-49.6
-51.8
-57.6
-50.4
-53.6
-49.4
-53
-53
-50.2
-54
-54.8
-73.8
-53.6
-51.4
-56.4
-51.4
-50.6
-56
-53.4
-54.2
-52
-53.8
-52.8
-55.4
-55.2
-55
-51.8
-55.8
-54.8
-53.4
-56.6
-56.2
-51.4
-55.4
-56.2
-58
-56
-56.4
-55.4
-50.4
-54.4
-53
-51.8
-52.6
-54.6
-53.2
-75.4
-61.4
-53.8
-53.8
-53
-52
-50.2
-50.8
-53.4
-52.6
-54.6
-49
-51.4
-47.8
-51.4
-53
-54.8
-55.6
-459.6
-52.4
-50.8
-57
-51.6
-50.2
-57.2
-59.6
-86.6
-56.4
-59.2
-53.6
-53
-51.4
-53.6
-54.6
-57
-57
-49.6
-50.2
-58.2
-58
-57.8
-50
-49
-53.2
-73
-53.4
-51.8
-55.4
-59.8
-51.4
-50
-49.6
-49.8
-54.8
-79.4
-53
-74.4
-51
-69.8
-58.8
-50.2
-55.4
-57.8
-55
-53.4
-53
-52.2
-53.2
-50.6
-52.6
-51
-48.4
-60.8
-56.4
-48.8
-60.4
-57.8
-48
-49.8
-52.6
-55.2
-50
-54
-51.4
-56.8
-74.4
-53
-53.2
-54.2
-56.8
-52.4
-61.2
-59.6
-55.2
-52.4
-56.8
-52
-48
-52.4
-49.4
-53
-49.2
-463.2
-54.8
-77.6
-53.4
-60.6
-53.2
-51.8
-55
-63
-59.8
-84.8
-55.6
-57.2
-47.8
-53
-49.6
-69
-53.6
-71.6
-56.2
-52.8
-58.2
-49.6
-62.8
-56.2
-50.8
-54.4
-77
-52.8
-54.8
-54.2
-52.2
-56.6
-53.6
-55.4
-47.4
-51.2
-47.6
-51.4
-55.2
-50.8
-48.8
-58
-51.2
-86.2
-61
-71.8
-49
-53
-51
-55.6
-52.2
-50
-55.2
-50
-72.2
-54.8
-54.4
-52.4
-48.2
-54.4
-53
-83.8
-51.2
-48.8
-55.8
-61
-85.2
-49.4
-50.8
-50.6
-52.2
-58
-54.4
-52.2
-58.2
-59.8
-49.8
-52.6
-54.4
-61.8
-49.8
-52.6
-73.8
-93.8
-74.8
-50.6
-88.2
-57.6
-50.8
-53.8
-50
-57.6
-49.8
-48.8
-52.6
-59.2
-84.4
-57.4
-52.6
-71
-74.2
-51.6
-52
-57.4
-49.8
-61.8
-52.4
-56
-59.2
-55
-55.8
-48.4
-51.8
-56.2
-53
-59
-48.8
-82
-53.6
-50.2
-51.2
-49.4
-51
-51.8
-53.2
-50
-48
-51.4
-54
-53.6
-53.4
-51.8
-96.8
-86
-50.8
-50.8
-54.2
-52
-55.6
-54.2
-53.2
-48.6
-53.8
-58.2
-54.4
-53.4
-52
-52
-55.6
-58.8
-53.8
-57.4
-55
-47.2
-48.6
-55.4
-48.8
-50.2
-56.8
-51.6
-54.8
-53.6
-51.6
-53.8
-47
-50
-52.8
-50.2
-49.8
-52.4
-55.4
-51
-52.6
-52.8
-56.8
-52.6
-52
-51.8
-47.4
-56.4
-56.4
-50.2
-50.6
-73
-56.6
-53.6
-54.6
-56
-48.6
-45.6
-48.2
-50
-51.8
-57.4
-52.8
-50
-54.8
-52
-54
-52.4
-55
-53.6
-51.2
-70
-51.4
-53
-48.6
-48.6
-56.6
-48.6
-55.4
-69.8
-50.8
-51.6
-52.6
-74.4
-54.6
-53.2
-60.4
-57.2
-54
-83
-52.2
-52
-59
-51.6
-49.4
-49.8
-57.8
-49.8
-75.6
-47.6
-50.2
-52.4
-53.6
-50.8
-48.2
-50
-58.6
-52.6
-49.6
-51.4
-49.6
-56
-57
-57.8
-53.6
-58.8
-54.6
-53.4
-44.4
-51.8
-51.8
-49.2
-48.2
-55
-55.6
-53.4
-54.4
-51
-58.8
-49
-48.8
-54.4
-50.8
-49.2
-56.4
-51.4
-51.8
-49
-57.2
-51.2
-54.4
-47.4
-52.8
-70.4
-83.4
-58.4
-51.6
-54.2
-53
-50.6
-49.6
-53.6
-59.8
-49.8
-49
-56.6
-54.8
-57
-54.4
-58.2
-55
-55.8
-54.6
-53.4
-52.8
-61.8
-56
-57.2
-76
-60.8
-54.4
-52.4
-48.2
-75.4
-53.2
-50.8
-50.6
-59.8
-49.4
-47.4
-54.4
-53.6
-51.8
-52.6
-51.8
-56.2
-51.4
-54
-53
-50.2
-51.2
-60.8
-73.8
-49.8
-58.2
-48.2
-49.4
-51
-56.4
-52
-121.2
-57.4
-54.8
-49.2
-53.8
-74.8
-53.2
-52.6
-51.8
-56.8
-55.6
-55
-52.4
-56.8
-53.6
-51.4
-54.6
-60.6
-52.2
-53.4
-54.2
-56.2
-51
-52.4
-55
-55.6
-53.8
-56.8
-55.8
-60.2
-52.8
-51.8
-54.6
-53.8
-52.2
-57
-51
-53.8
-51
-54.4
-52.4
-52.2
-57
-54.4
-53
-56.2
-57.2
-49.4
-60.4
-56.6
-54
-55
-75.6
-54.8
-49.2
-54.6
-56.4
-53.2
-50.8
-50.6
-100.4
-48.4
-61.2
-55.4
-52.4
-52.8
-51.4
-50
-56.8
-49
-51.2
-56.6
-70.6
-53.6
-51.2
-54.8
-54.6
-58
-54.6
-52.6
-59.2
-56.8
-54.4
-52.6
-54.6
-52.4
-52.8
-54.6
-57
-54.2
-52.4
-56.2
-56.4
-56.6
-50.8
-58.4
-53.2
-51.6
-52.4
-51
-56.6
-51.6
-56.6
-54.6
-56
-53.8
-52
-50.2
-51.2
-49
-52.6
-69.6
-50
-58.8
-53
-52.4
-54.2
-55.4
-53.6
-54.2
-57
-53.6
-54.2
-72.6
-51.8
-56.8
-79
-47
-52.8
-54.6
-53.4
-49.4
-57
-51.8
-49.8
-50
-50
-59
-49.4
-50.6
-59.4
-53
-53
-52.8
-60.6
-48.4
-57.2
-52
-51.4
-53
-51.4
-52
-47.4
-57.6
-55.8
-56
-59
-49.2
-52
-51.4
-54.6
-49
-47.6
-56
-47.8
-52.2
-55.4
-51
-49.4
-58.8
-52.2
-52.2
-60
-49.4
-50.6
-51
-49.6
-51.8
-57.2
-52.2
-54.2
-56
-48.6
-87.2
-74.6
-50.6
-51.6
-59.6
-50
-49.2
-51.6
-56.6
-46.6
-56
-50.4
-49.6
-57.4
-55.2
-56.6
-52
-78.4
-54
-48
-54.8
-48.6
-48.8
-53.6
-54.2
-57
-54.2
