agent: texplore
env: fuelworld
Environment is episodic.
set statesPerDim to 0 for all dim
feature 0 has range 20
feature 1 has range 30
feature 2 has range 61
reward range: 400
Parallel ETUCT tracking real state values
Planner using history size: 0
Start model learning thread
start parallel uct planning search thread
Created MultClass 0 with nModels: 5
Created C4.5 decision tree 0 with == and > splits
Created C4.5 decision tree 6 with == and > splits
Created C4.5 decision tree 12 with == and > splits
Created C4.5 decision tree 18 with == and > splits
Created C4.5 decision tree 24 with == and > splits
Created MultClass 3 with nModels: 5
Created C4.5 decision tree 3 with == and > splits
Created C4.5 decision tree 9 with == and > splits
Created C4.5 decision tree 15 with == and > splits
Created C4.5 decision tree 21 with == and > splits
Created C4.5 decision tree 27 with == and > splits
Created MultClass 4 with nModels: 5
Created C4.5 decision tree 4 with == and > splits
Created C4.5 decision tree 10 with == and > splits
Created C4.5 decision tree 16 with == and > splits
Created C4.5 decision tree 22 with == and > splits
Created C4.5 decision tree 28 with == and > splits
Created MultClass 1 with nModels: 5
Created C4.5 decision tree 1 with == and > splits
Created C4.5 decision tree 7 with == and > splits
Created C4.5 decision tree 13 with == and > splits
Created C4.5 decision tree 19 with == and > splits
Created C4.5 decision tree 25 with == and > splits
Created MultClass 2 with nModels: 5
Created C4.5 decision tree 2 with == and > splits
Created C4.5 decision tree 8 with == and > splits
Created C4.5 decision tree 14 with == and > splits
Created C4.5 decision tree 20 with == and > splits
Created C4.5 decision tree 26 with == and > splits
-418.2
-418.2
-417.8
-417.8
-417
-416
-419.4
-418.8
-421
-418.6
-417.4
-414.4
-418.8
-419.2
-420.4
-417.2
-417
-419.8
-417
-417
-419.4
-419
-419
-1171
-554.4
-161.2
-126
-421.6
-133.4
-340.6
-105.8
-466.8
-466.6
-547.8
-179.4
-210
-99.8
-550.6
-502.8
-513.4
-538.2
-499.8
-66
-94.2
-99.2
-95.6
-419.4
-501.2
-457.6
-59.4
-137.4
-102.4
-59.6
-464.4
-468.8
-460.4
-81.6
-92.4
-133.6
-92
-58.6
-57.8
-100
-51.6
-58.4
-143.4
-92
-52.6
-95.4
-50.8
-54.6
-54.2
-49.2
-85.2
-48.2
-52.4
-49.4
-52.2
-463
-243.6
-51
-88.8
-120.6
-49.2
-88.2
-57.2
-48.2
-243
-54.2
-50.6
-499.8
-52.2
-54.8
-52.8
-83.2
-130.6
-60.8
-103.2
-52.4
-49.8
-145.4
-421.6
-49.8
-49.8
-50.8
-49.8
-51.2
-55.2
-53.2
-94.8
-63.6
-54.6
-55.8
-60.8
-93.6
-48.8
-64.4
-49
-90
-69
-50.4
-123.2
-52
-53
-95.6
-51
-57.8
-63.4
-52.8
-70
-66
-134.8
-56
-56.4
-59.8
-53.4
-59
-53.4
-103.8
-52
-49
-59
-57.8
-53.6
-46.4
-52.2
-48.8
-53
-50.4
-48.8
-51.8
-61.4
-70.2
-47.4
-85.4
-45.6
-56.6
-60.4
-58.4
-58
-51.2
-49.4
-50
-47.6
-50.2
-52.4
-50.8
-54
-70.6
-50
-56
-59.8
-83.6
-48.6
-71.6
-48.8
-49.2
-61.2
-56.8
-67.6
-81.2
-49.2
-50.8
-53.4
-54.4
-83.6
-54.4
-55
-54.4
-49
-71.2
-62.2
-50.4
-68.6
-50.8
-52.2
-54.6
-48.6
-53.2
-57
-54.4
-52.8
-57.4
-49.6
-70.2
-102.6
-54.6
-50.6
-47.4
-51.8
-50.8
-47.6
-47.2
-53.2
-49.4
-55.8
-61.4
-50.4
-56
-49
-94.6
-50.8
-58.4
-51.2
-49.4
-52
-49.8
-52.8
-50.4
-51.6
-52.8
-48
-55.4
-53.2
-51.8
-59.2
-65.6
-86.6
-59.2
-47.8
-50.8
-49
-50.4
-55.4
-52
-49.4
-48
-48.8
-44.4
-48
-52.6
-47.2
-54
-100.6
-50.6
-129.2
-50
-52.6
-47.2
-76.6
-48.8
-73
-50.4
-48.4
-53.4
-52.8
-49.6
-49.4
-51.4
-56.6
-56.6
-49.8
-49.8
-60.2
-47.6
-51.4
-55.4
-49
-52.6
-55.6
-49.2
-51.4
-48
-50.8
-51.8
-48.2
-52
-59.2
-55.8
-60
-47.8
-52.2
-51.8
-47.4
-51.2
-49.6
-50.4
-51.4
-57.2
-52.2
-49.2
-48.8
-52.8
-52
-56.2
-70.2
-61.2
-49
-61.6
-52
-47.6
-59.4
-51.8
-49
-57
-72
-56.2
-63
-51.6
-48.8
-52.8
-100
-48.2
-48.2
-51.8
-56.8
-50.2
-53.4
-51.4
-51.4
-57.4
-59.6
-52.2
-60.4
-49.8
-53.4
-56.8
-47.4
-58.6
-52
-48.6
-51.2
-51.2
-60
-54.6
-50.6
-48.8
-51.8
-47.4
-58.8
-102.2
-57.2
-94.8
-48.2
-60.6
-61.6
-55.2
-59
-48.8
-51.4
-50.2
-101.8
-48.6
-50.4
-50.8
-56.8
-56
-54
-53.2
-50.6
-46.8
-52.4
-56.4
-51.6
-48.2
-51.6
-55.6
-49.8
-55.8
-91
-48
-57.2
-54.4
-89.6
-93.8
-49.2
-52.4
-51.4
-54.6
-54.4
-50.8
-51.4
-50
-52.2
-48.6
-47
-61.4
-49.2
-54
-84.4
-53
-69.4
-72
-53.2
-52.6
-47.2
-47.4
-71.4
-52.4
-55
-55.4
-55.4
-53.4
-54.6
-57
-51.2
-46.2
-49.8
-57.4
-51
-59.6
-53.6
-50.8
-58.6
-50.8
-54.8
-55.4
-53.2
-49.4
-55.6
-49
-50
-49.4
-50.8
-55
-53.8
-53.6
-64.6
-50.4
-48.6
-79.4
-50.8
-54.4
-51.8
-51.2
-56
-54
-47.4
-51.8
-46.4
-68.2
-55.6
-48.8
-54.4
-50.8
-48.4
-50.4
-59.8
-57.6
-55.4
-57.8
-80.2
-50.4
-47.8
-51
-55.8
-57.2
-47.4
-86.4
-53.2
-55.2
-53
-54.4
-55.2
-53.6
-48
-48
-54
-50.8
-52.4
-53
-52
-53.8
-54.8
-53.8
-55.8
-52.8
-54
-56.6
-51.2
-55.6
-52.6
-49
-51
-50.4
-54.4
-49.4
-55.8
-48.6
-51.8
-50.6
-52.2
-51.8
-48.4
-46.4
-72
-47.2
-51.4
-53.8
-49.6
-52
-49.2
-55.8
-51
-49.6
-52.4
-52.6
-46.6
-48
-54
-57.8
-77.6
-48
-53.6
-58.8
-53.4
-53
-53.4
-50.8
-52.8
-68.8
-55.4
-52.6
-51.4
-47
-59.6
-56.8
-74.4
-92.8
-51.4
-45.8
-47.6
-49.6
-51.2
-82.2
-55
-54
-46
-51.4
-53.8
-53
-49
-51.4
-56.8
-53.4
-48.2
-48.2
-51.2
-50.4
-65.2
-51.6
-55.4
-46
-50
-65.6
-56.8
-46
-51.4
-52
-56.6
-50
-57
-52.6
-47.6
-72.2
-55.4
-56.6
-62.8
-50
-52
-70.4
-57.4
-54.6
-47
-49.8
-52.4
-55.8
-53.6
-69.4
-49.4
-53
-52.8
-46
-54.4
-49.2
-55
-56.2
-54.4
-80.4
-52.8
-51.4
-52.2
-47
-49.8
-47.2
-59.6
-58.2
-53.2
-52.4
-50.6
-85.2
-48.8
-46.4
-54.6
-59.6
-46
-51
-101
-58.8
-51
-55.6
-56.8
-53.4
-55.6
-96
-50.8
-97.8
-48
-56.8
-49.6
-60.6
-49.8
-60.4
-51.6
-58.2
-53.2
-86.2
-64.2
-56.6
-47.4
-49.6
-55.8
-60.4
-50
-52.8
-51.2
-57.8
-89.2
-49
-47.6
-54
-55.6
-52.8
-76.6
-55.8
-56.8
-51.8
-46.4
-52.4
-46.6
-46.4
-54.2
-57
-51.2
-52
-53.4
-48.2
-52
-55.8
-50
-48.8
-46.6
-55.4
-51.6
-54
-49.2
-54.2
-52.2
-48.6
-49.6
-54.4
-56.6
-48.6
-48.4
-50.4
-48.2
-74
-49.6
-46.6
-50
-46.4
-51.2
-57
-65
-59.6
-51
-50.2
-52.6
-52
-48
-50.2
-46.2
-46.8
-82.4
-51.4
-49.4
-46.2
-53.6
-51
-48.4
-52.8
-49.4
-52.6
-47.8
-46.2
-52.8
-56.2
-51.8
-56.8
-53.8
-54.8
-55.2
-47
-58
-51
-50.2
-54.2
-50.4
-51.6
-54.6
-46.6
-58.6
-52.6
-60
-47.6
-49.6
-52.6
-50.8
-49.6
-53
-51
-52.8
-47.6
-49.8
-50
-46.8
-47
-58.8
-48.8
-55
-48.8
-56.6
-55.4
-56.2
-50
-55.8
-46.6
-54.8
-55
-55.2
-48.4
-56.2
-51.4
-47.8
-49.6
-47.2
-50.2
-54.2
-50.4
-56
-49
-51.4
-56.4
-54.4
-52.2
-44.6
-47
-55.6
-51.8
-50.6
-49.2
-45.8
-55.8
-52.6
-52.6
-68.2
-45
-47.4
-64.2
-55.4
-53.6
-52
-51.8
-51.2
-47.6
-56.2
-47.4
-54
-50.4
-57.6
-56.8
-48
-48.6
-54
-51.4
-50
-56.4
-50.8
-51.2
-53.8
-56.2
-53.2
-54.8
-48.4
-54.4
-53.2
-50.8
-58.4
-55.8
-50
-65
-54.4
-61.4
-55.2
-48
-51
-457.8
-59.8
-54.8
-50
-56.2
-56
-60.8
-46
-77.2
-51.4
-49.4
-55
-54.4
-48.2
-54.6
-46.6
-55
-50.8
-60.8
-49.6
-57.4
-54.8
-46
-48.8
-51.4
-58.8
-49
-51.2
-51.2
-52.4
-53.4
-51
-51.8
-72.8
-60.2
-47.4
-59
-57.2
-56.6
-50.2
-55.2
-53.4
-46
-54.4
-50.8
-51.2
-54.8
-51.8
-50.6
-70.6
-58.8
-47.2
-50.6
-49.6
-51.4
-58.2
-54.8
-54.2
-79.8
-55
-51.4
-52.8
-51
-47
-54.6
-49.2
-53.6
-47
-48.8
-48.8
-51.8
-45.2
-60.8
-53.6
-77.6
-49.6
-54.2
-60.8
-57
-51.6
-49
-51.4
-55.4
-55.4
-56
-57.2
-54
-50.2
-51.8
-52.8
-49
-47.8
-51.8
-58.8
-62.2
-50.4
-54.8
-49.2
-45
-55.8
-49.6
-53
-59.4
-49.4
-46
-54
-57.4
-49.2
-56.6
-50
-61
-55.4
-53.6
-59.6
-50.6
-50.6
-50
-55.4
-50
-55.2
-53
-48.2
-51.4
-54.6
-49.4
-55
-48.2
-51
-59
-52
-53.8
-58
-67.6
-48.8
-48.8
-54.8
-54.2
-50.6
-52.6
-53.6
-55.4
-55.4
-49.6
-46.6
-45.6
-54
-48.2
-51.8
-48.6
-58
-51.8
-49.4
-52.2
-51.8
-49
-56.4
-51.2
-55.6
-55
-54
-52.6
-56.2
-48.8
-47.4
-51.2
-53
-48.4
-61.4
-56.2
-49.4
-57.2
-60
-51.6
-76.6
