agent: texplore
env: fuelworld
Environment is episodic.
set statesPerDim to 0 for all dim
feature 0 has range 20
feature 1 has range 30
feature 2 has range 61
reward range: 400
Parallel ETUCT tracking real state values
Planner using history size: 0
Start model learning thread
Created MultClass 0 with nModels: 5
start parallel uct planning search thread
Created C4.5 decision tree 0 with == and > splits
Created C4.5 decision tree 6 with == and > splits
Created C4.5 decision tree 12 with == and > splits
Created C4.5 decision tree 18 with == and > splits
Created C4.5 decision tree 24 with == and > splits
Created MultClass 3 with nModels: 5
Created C4.5 decision tree 3 with == and > splits
Created C4.5 decision tree 9 with == and > splits
Created C4.5 decision tree 15 with == and > splits
Created C4.5 decision tree 21 with == and > splits
Created C4.5 decision tree 27 with == and > splits
Created MultClass 4 with nModels: 5
Created C4.5 decision tree 4 with == and > splits
Created C4.5 decision tree 10 with == and > splits
Created C4.5 decision tree 16 with == and > splits
Created C4.5 decision tree 22 with == and > splits
Created C4.5 decision tree 28 with == and > splits
Created MultClass 1 with nModels: 5
Created C4.5 decision tree 1 with == and > splits
Created C4.5 decision tree 7 with == and > splits
Created C4.5 decision tree 13 with == and > splits
Created C4.5 decision tree 19 with == and > splits
Created C4.5 decision tree 25 with == and > splits
Created MultClass 2 with nModels: 5
Created C4.5 decision tree 2 with == and > splits
Created C4.5 decision tree 8 with == and > splits
Created C4.5 decision tree 14 with == and > splits
Created C4.5 decision tree 20 with == and > splits
Created C4.5 decision tree 26 with == and > splits
-417.4
-418.2
-419
-417.8
-418.2
-416.8
-636.8
-422.4
-414.8
-418.8
-420.4
-1283.4
-417.2
-816.6
-273.8
-467
-813
-795
-634.6
-96.8
-511.2
-514.6
-467.8
-60.8
-373.2
-96
-132.4
-96.2
-144.6
-61.6
-60
-128.6
-56
-83.6
-86.6
-55.8
-87.4
-92
-94
-84
-541.8
-135.6
-506.8
-501
-417.6
-455.8
-98.6
-416
-504.4
-419
-419.8
-415.6
-95.6
-419.6
-417.4
-159.6
-52.6
-421.6
-55.6
-52.4
-465
-89.6
-53.2
-74.2
-63.6
-64
-465
-55.2
-60
-101.6
-465.6
-57.6
-58.6
-420.4
-422
-417.2
-417.2
-418.6
-421
-423.2
-417.6
-420
-422.8
-418
-421.2
-420.6
-417.6
-420
-417.2
-82.2
-422.2
-417.2
-419.2
-421.6
-419.2
-419.4
-422
-416
-420.6
-419.4
-417.8
-418.4
-418.4
-419
-419.4
-419.8
-417.4
-418.6
-421.6
-421.6
-422
-422
-419.2
-416.4
-420.8
-418
-417
-416.8
-417.4
-465.6
-50.2
-54
-56
-54.2
-58.8
-60.8
-56
-58
-53.8
-52.4
-52
-51.8
-56
-52.8
-51
-53.6
-48.8
-50.8
-55
-50
-48.8
-52.4
-54
-53.2
-53.2
-51.6
-55
-51.2
-48.8
-52.4
-55.8
-507.4
-48.8
-54.6
-73
-51
-57
-52.6
-60.6
-50.8
-53.6
-51.2
-75.4
-52.4
-53.2
-50
-52.6
-56.2
-55.4
-48.6
-54.8
-52.4
-50.6
-48.6
-47
-52.4
-52.4
-47.6
-47.8
-52
-49.8
-46
-55
-49.4
-55
-55
-50.6
-59.6
-50
-52.8
-60.2
-51.4
-57
-50.6
-56.8
-54
-51.2
-53.2
-74.4
-47.4
-54.8
-57.2
-55
-51.2
-55.4
-51
-52.2
-52
-48.8
-54.2
-50.4
-52.8
-56.6
-51
-49.4
-97.2
-47.4
-81.6
-50
-51.4
-55.8
-59.2
-51
-49.4
-51
-48.2
-50.8
-46.6
-51.2
-55
-49.4
-50.6
-51.2
-58.6
-53.2
-56.2
-47.6
-49.4
-55.6
-48.4
-49.4
-54
-52
-49.8
-53.2
-53.8
-77.8
-56
-51.2
-51.2
-51
-50
-54.4
-53.4
-57.2
-77.2
-50.4
-50.4
-52.4
-50.6
-52.4
-54.4
-56.4
-55.2
-51.4
-50.6
-50.6
-55
-48.6
-52
-54.4
-63.2
-53.2
-48.6
-53.8
-59.8
-56
-53.2
-52.6
-49.2
-49
-51.8
-50
-51.2
-50.4
-53.8
-50.8
-54
-54.2
-47.2
-55
-47
-53.8
-54.2
-52.8
-53.2
-50.4
-72.4
-52.6
-47
-50.2
-56.8
-53.4
-52.8
-112
-49.8
-47.6
-60.6
-60.2
-53.2
-52.4
-46
-52.2
-56.4
-52.4
-50.2
-50.8
-48.6
-49.8
-50
-50
-47.6
-73.2
-57.6
-53.2
-50.2
-49
-69.2
-47.2
-54
-54.2
-52.4
-53.6
-464
-54
-50.2
-50.6
-51.8
-56
-50.6
-85.4
-75
-50.2
-51.2
-49.6
-57
-73.2
-53
-50
-49.8
-51.2
-52.8
-55
-58
-50.2
-49.4
-48
-48
-79
-51.6
-54
-54
-46.4
-78.8
-49.8
-53
-54
-51.4
-48.8
-56.6
-53.4
-53.6
-51.6
-47.6
-48.4
-52.8
-50.6
-54.4
-51
-53
-54.8
-75.4
-51
-49.8
-50.2
-50.6
-50.4
-49.6
-51
-56.8
-50.8
-73.8
-55.2
-52
-55.4
-57.2
-48.4
-69.4
-72.6
-47.4
-49.2
-55
-49
-51.8
-50.4
-53
-80.8
-51
-50.2
-54.6
-70.4
-52.6
-72.4
-53.4
-51.6
-50.6
-75.4
-54.6
-49
-52.4
-52
-57
-51.8
-55.8
-58
-53.4
-48
-50.2
-55.6
-54
-52.6
-48.4
-47.2
-78.4
-50.2
-51.2
-47
-56.8
-49
-52.4
-58.2
-49
-50.8
-51
-49
-47.2
-51
-53
-46
-56.4
-51.2
-60.6
-48.4
-58
-52.8
-51.4
-50.6
-55.8
-50
-50.8
-54
-54.4
-54
-55.8
-57.4
-46.8
-52
-46.8
-53
-52.4
-52.6
-77.6
-50.4
-52
-56.8
-52
-51.8
-55
-51
-53.8
-50.8
-52.2
-52.2
-53.8
-55.4
-75.6
-50.4
-73.2
-54
-53
-54
-49.2
-60.4
-52.4
-58
-51.2
-50.4
-49
-52.2
-49.4
-50.4
-49.8
-50.8
-54
-51.6
-49.4
-53.2
-54.2
-56.2
-57.4
-69
-53
-56.6
-51.4
-50.8
-72.2
-59.2
-59.4
-52.4
-55.8
-48.2
-51.6
-52
-49.8
-49
-52.6
-102.8
-55
-52.8
-56.4
-48.6
-50.6
-49.2
-47.6
-53.4
-50.4
-47.4
-51.8
-49.4
-54.8
-49.2
-51
-76.8
-53.8
-56.2
-52
-47.6
-54
-49.2
-50
-56.8
-75.2
-53
-49
-51.6
-70.6
-51.6
-53.4
-74
-51.8
-51.8
-54.4
-49
-75.8
-61.4
-52.4
-54
-50.8
-49.4
-48.2
-49.8
-50
-52
-47.6
-53
-52
-54.6
-52.8
-50.4
-49.2
-76.6
-50
-58.2
-55.4
-53.4
-51.8
-50.4
-54.4
-47.6
-48
-50.6
-48.8
-73.4
-49.8
-50
-53.2
-55.8
-57.4
-51.6
-54.4
-72.6
-50.8
-57.6
-49.6
-71.8
-53.2
-54.4
-55.8
-51.8
-48.6
-52.4
-73.2
-52.8
-51
-51.8
-73.8
-46.6
-50.8
-52.6
-53.6
-50
-54.2
-48.8
-58.4
-52.6
-51
-52
-50.8
-55
-49.8
-55.4
-59.4
-52.4
-49
-72.2
-55.8
-55.8
-56.6
-73.2
-54.4
-55.8
-49.6
-49.8
-55.6
-55.6
-50.4
-69.8
-49.2
-60.4
-51.2
-55.6
-72.4
-50.4
-52.4
-50.6
-53
-53
-55.4
-56.4
-50.2
-47.4
-50.8
-52
-53
-51.8
-56.2
-51.6
-52.6
-51.8
-47
-56.2
-71.2
-50.4
-49.8
-51
-55.6
-55
-48
-54.6
-55.6
-48.6
-51.2
-49.8
-95.4
-50
-53.2
-53.8
-50.2
-55.6
-49.4
-50.4
-49.2
-46
-51
-52.8
-50.6
-51.6
-50.2
-49.4
-47.2
-50.8
-48.6
-46.8
-53.6
-55.4
-48
-53.4
-73.2
-54
-51.6
-53.4
-54.4
-50.8
-48.2
-50.2
-47.6
-52.2
-49
-55.2
-48.8
-50.6
-49.8
-49
-47
-53
-49
-53.2
-50.4
-53
-54
-47.4
-50.4
-50.2
-71.6
-49.2
-52.2
-52.2
-47.4
-48.6
-57.2
-49.8
-47.4
-96
-48.4
-53.2
-47.4
-50.2
-53.2
-46
-68.4
-53.2
-58.2
-70.2
-46.4
-76.8
-52.6
-52.4
-74
-73.8
-54
-52.8
-51.4
-50
-49.4
-49.4
-50.4
-49
-55.2
-52
-50.6
-53.8
-53.6
-52.4
-51.6
-50.4
-52.8
-50
-48.4
-50.2
-51.6
-56.4
-53.6
-51.2
-60.8
-52.6
-51.4
-49.4
-46.8
-56.2
-60
-46.6
-49
-49.4
-47.8
-51.2
-51.8
-50
-50.6
-50.6
-74.4
-53.4
-51.6
-57.6
-53
-53.2
-54
-54
-53.2
-49.4
-57.4
-48.2
-50
-58.8
-52
-48.2
-50.4
-49.8
-54.8
-51.8
-52.6
-52.6
-48
-80.4
-52
-53.8
-56.4
-48.4
-48.6
-51.2
-49.6
-53.4
-53.2
-54.8
-50.6
-53.6
-55.8
-50
-70
-51
-46.6
-53.8
-53.6
-50.6
-48.2
-49.8
-49.8
-49
-54.4
-60.4
-48.8
-50.2
-50.4
-53.2
-52
-75.2
-63.2
-51.6
-51.8
-52.4
-50.4
-75.2
-49.4
-57.2
-52.4
-47.8
-49.8
-52.6
-54.4
-54
-53.8
-46
-55
-52.6
-56.8
-53.4
-51.8
-56.4
-52.8
-50.6
-52.2
-51.4
-54.6
-51.4
-48.6
-52
-53
-49.6
-56.8
-51.6
-49.6
-52.2
-51
-49.8
-54.6
-51.6
-52.6
-53.4
-52.8
-48.2
-68.6
-56
-50
-46
-57
-59.6
-48.8
-58.2
-52
-52.8
-52.6
-47
-49.4
-50
-49.8
-52.6
-82.8
-53.8
-54
-50.4
-48.2
-56
-51.2
-54.8
-53.8
-49
-65.2
-112.6
-50.2
-57.8
-58.2
-54.6
-52.6
-57.6
-50.8
-49
-53.8
-53
-51
-47
-48.4
-53.4
-51.8
-53
-54
-53
-50.4
-55.2
-52.6
-48.4
-71.4
-50.4
-48.2
-49
-81.8
-51.6
-50.8
-48
-51.8
-55.4
-52.8
-461.2
-61.6
-50.2
-51.2
-50.6
-52.6
-48
-47.6
-50
-46.2
-67.2
-52.2
-50.4
-49
-47.8
-51.6
-47.6
-48.6
-51.4
-51.6
-50.2
-51.6
-51
-48.8
-47.8
-49.6
-49
-51.8
-48
-51.2
-52
-72.8
-77.4
-52.4
-46.8
-54.2
-53.2
-50
-49.6
-47.2
