agent: texplore
env: fuelworld
Environment is episodic.
set statesPerDim to 0 for all dim
feature 0 has range 20
feature 1 has range 30
feature 2 has range 61
reward range: 400
Parallel ETUCT tracking real state values
Planner using history size: 0
Start model learning thread
Created MultClass 0 with nModels: 5
start parallel uct planning search thread
Created C4.5 decision tree 0 with == and > splits
Created C4.5 decision tree 6 with == and > splits
Created C4.5 decision tree 12 with == and > splits
Created C4.5 decision tree 18 with == and > splits
Created C4.5 decision tree 24 with == and > splits
Created MultClass 3 with nModels: 5
Created C4.5 decision tree 3 with == and > splits
Created C4.5 decision tree 9 with == and > splits
Created C4.5 decision tree 15 with == and > splits
Created C4.5 decision tree 21 with == and > splits
Created C4.5 decision tree 27 with == and > splits
Created MultClass 4 with nModels: 5
Created C4.5 decision tree 4 with == and > splits
Created C4.5 decision tree 10 with == and > splits
Created C4.5 decision tree 16 with == and > splits
Created C4.5 decision tree 22 with == and > splits
Created C4.5 decision tree 28 with == and > splits
Created MultClass 1 with nModels: 5
Created C4.5 decision tree 1 with == and > splits
Created C4.5 decision tree 7 with == and > splits
Created C4.5 decision tree 13 with == and > splits
Created C4.5 decision tree 19 with == and > splits
Created C4.5 decision tree 25 with == and > splits
Created MultClass 2 with nModels: 5
Created C4.5 decision tree 2 with == and > splits
Created C4.5 decision tree 8 with == and > splits
Created C4.5 decision tree 14 with == and > splits
Created C4.5 decision tree 20 with == and > splits
Created C4.5 decision tree 26 with == and > splits
-418.2
-418.6
-418.6
-417.8
-417
-417.2
-420.6
-551.2
-419.8
-415.6
-417.8
-1089.4
-420.8
-420.6
-61.2
-420.6
-688
-585.8
-138
-554.2
-640
-203.2
-155.6
-191
-189.2
-178
-139.4
-640
-89.4
-188.2
-97
-550.4
-182.8
-420
-416.8
-419.8
-415.6
-417
-419.6
-421
-416.4
-419.2
-418.2
-418.2
-416.8
-419.8
-417.4
-422.2
-418.2
-419.6
-420.6
-423.2
-419.8
-421.2
-416.8
-419.2
-418.6
-419
-420
-420.2
-416.4
-418.4
-417.4
-416.8
-417.4
-420
-417.6
-418.6
-420
-419
-421.4
-420.8
-416.4
-417
-265
-89.8
-90.6
-93.8
-94.8
-178.6
-92
-105.2
-103.6
-101
-91
-89.4
-81.8
-147.2
-84.8
-507.8
-82.8
-97
-58
-83.6
-130.2
-139.8
-86.4
-63.4
-106.8
-180
-84
-54.8
-102
-142.2
-52.2
-53
-57.2
-58
-94
-95.4
-101
-48.6
-100.4
-58
-50.8
-99.2
-55.4
-59.4
-89.8
-50.2
-59.2
-60
-51
-51.4
-53.2
-51.8
-85.6
-55.4
-56
-56
-99.2
-48
-55.4
-47.6
-55
-51.2
-55
-62.2
-54.6
-64
-62
-52
-54.4
-67.6
-53
-52.4
-49.4
-460
-50.6
-47
-84.6
-51.6
-49.2
-52
-74.6
-48
-48.2
-65.8
-54.8
-52.4
-47.2
-102
-52
-50.4
-48.2
-48.8
-54.4
-50.4
-55
-54.4
-51.4
-52
-58.2
-49.8
-50.2
-54.4
-52
-68.2
-57
-49
-52.6
-54.4
-52.6
-50.8
-48
-53.6
-56.2
-48.4
-56.4
-49.8
-56.6
-54.4
-52.2
-52.8
-52
-55.6
-52
-53.2
-50.8
-54.8
-48.8
-50.4
-52.8
-48.8
-52
-53.4
-50.8
-50.8
-48.8
-53.4
-60.2
-59.6
-56.8
-66.2
-51.2
-49.4
-53.2
-52.2
-54
-57.8
-50.6
-48.2
-59.8
-51.6
-50
-55.8
-49.8
-52.4
-50.6
-58.4
-49.2
-48.4
-49.2
-49.4
-53.4
-53
-54.6
-48.8
-53.6
-73.6
-73.8
-50.4
-55.8
-59
-54.4
-53.8
-58.2
-55
-50
-50
-52
-60.8
-50.4
-53
-48.2
-50.8
-53.4
-58
-54.4
-56.8
-54.2
-50.8
-61
-62.8
-52.4
-53
-57.8
-97.2
-54.2
-50.2
-57.8
-70.4
-61.4
-53.8
-58
-61.6
-47.4
-51.4
-217
-79.2
-67.4
-72.2
-49.8
-58.8
-50
-49.2
-51.2
-455
-56.6
-50.6
-56.6
-53.4
-59.4
-56.2
-54.2
-52.6
-53.4
-50.2
-49
-50.6
-49
-52
-54.8
-54.6
-56
-47.6
-46.2
-58
-58.8
-55
-52.6
-45.2
-54.8
-89.2
-53
-55.6
-51.8
-48.4
-52.8
-49.8
-51.4
-65.6
-58.2
-52.8
-49
-59
-47.6
-47.8
-47.4
-50.6
-48.4
-72.6
-52.6
-72.6
-50
-50.2
-48.4
-49.2
-49.4
-53.8
-48.2
-52.8
-51.8
-56.8
-55.4
-48.6
-50.8
-52.4
-52.6
-47.2
-54.6
-52.8
-50.6
-52.4
-48.4
-54.4
-57.4
-47.2
-69.6
-51.2
-47
-49.8
-50.8
-49.6
-51.4
-53.6
-49.6
-49.8
-54.2
-52.8
-52.4
-50.6
-51.8
-53.8
-51
-50
-49.4
-46.4
-53
-57.8
-51.2
-55.4
-57
-49.6
-60.8
-64.8
-52
-80.4
-54
-417.8
-86.8
-94
-60.6
-86.8
-54
-62.4
-48
-52.4
-53
-88.6
-58
-54.8
-53
-57.8
-88.2
-82.6
-54.4
-55.8
-101.8
-50.6
-59
-55.8
-87.6
-98.6
-55
-52
-54.4
-53.4
-92.4
-48.2
-53.4
-50
-54.2
-53.2
-49.4
-51.8
-56
-50
-51.4
-53.4
-50.8
-51
-50.2
-57
-420
-52.2
-60.2
-52.8
-53
-81.6
-54.6
-85.2
-50.4
-71.6
-54.2
-58.4
-49.6
-54.2
-52
-47.6
-49.8
-52.2
-75.6
-70.2
-56.2
-50.8
-50.2
-50.6
-49.2
-50
-49.6
-53.6
-54.2
-52.8
-52
-51
-55.8
-47.6
-49.6
-54.4
-48.2
-129
-58.6
-55
-56
-84.8
-49.2
-54.6
-49
-77.6
-45
-52.8
-50.8
-48.6
-53.4
-52.8
-54.6
-53.6
-55.8
-51.8
-49
-51.8
-48.4
-55
-51.4
-48.6
-48
-48.4
-52.6
-50.2
-54.4
-49.2
-51.4
-59
-48.8
-47
-55.4
-56
-51.2
-46.2
-63
-49
-51.2
-50.6
-52.2
-49
-55.2
-49.2
-53.6
-82.8
-50.6
-48.6
-51.4
-59.6
-56.2
-57
-88
-60.4
-48
-63
-59.6
-56.2
-53.2
-57
-46.6
-48.6
-54.2
-48.8
-56.8
-50
-58.8
-51.6
-49.6
-52.2
-47.6
-58
-56.8
-57.6
-50.4
-50.8
-55.4
-58.2
-51
-53.2
-55.6
-49
-51.6
-48
-52
-49.4
-50.8
-51.8
-50.4
-48.8
-50.8
-54.6
-55.4
-54
-47.8
-50.8
-49.4
-52.8
-51
-54.8
-51
-51.6
-52
-52.4
-54.6
-51.6
-49.8
-52.6
-51.6
-48.4
-52
-50.8
-69
-51.4
-49
-49.2
-53.8
-50.6
-54.4
-51.6
-51
-56
-53
-76.8
-47.6
-70.6
-54.8
-54
-50.6
-51.8
-53.8
-52.4
-54
-70.8
-53.2
-53.6
-53.6
-54.4
-52.6
-52.4
-76.6
-53.2
-51.4
-47.2
-54.6
-50.2
-51.2
-53.4
-47.6
-51.2
-49.4
-50
-48.8
-51.4
-49.4
-47.2
-46.4
-47
-49
-50.4
-51.6
-51
-51
-457.2
-46.2
-57.6
-53
-57.6
-53
-65
-65.6
-51
-51.8
-49.6
-47.8
-46.8
-86.4
-51.8
-48.8
-52.4
-55.4
-57
-54.2
-48.6
-67
-51.2
-47.2
-47
-46.6
-45.8
-56.8
-56.4
-50
-49
-50.4
-47.4
-48.6
-48.4
-56
-55
-47.6
-47.4
-53.2
-47.4
-56.6
-50.4
-56
-55.4
-49
-50
-54.2
-55.2
-56
-50.4
-48.2
-53.4
-57.2
-48.6
-52.4
-53
-52.2
-44.6
-73.6
-55.8
-58
-57.2
-48
-51
-459.2
-53.2
-55.2
-45.6
-62
-52
-47
-49
-54
-51.4
-50.6
-56.4
-57
-51.8
-59.2
-54.6
-53.4
-55.4
-51.6
-53
-48.6
-51.2
-56
-55
-54.4
-55
-47.4
-52.6
-91.8
-49
-54.6
-49.8
-52.4
-48.6
-57.4
-87.6
-51.8
-50.4
-62.4
-55.4
-46.6
-68.8
-80.4
-83.6
-76
-53.4
-49.4
-52.6
-52.2
-56
-57.8
-58.2
-49.8
-59.6
-46.6
-49
-53.6
-49.2
-50.6
-48.6
-50
-48.6
-55.4
-51.2
-53.6
-48.2
-95.4
-46.6
-94.6
-51.6
-53.4
-50
-59
-55
-54.4
-53.2
-48.8
-46.8
-52.2
-66.8
-56
-47.4
-49.2
-72.4
-49.2
-50.4
-47.8
-51.8
-52.4
-59.2
-50.6
-50.8
-49.2
-51
-49.8
-73.2
-55.4
-49.8
-52
-55
-54.4
-49.6
-54
-51.6
-50.6
-53.4
-53
-52.4
-50.4
-76.6
-53.2
-52.8
-53.2
-49.4
-54.2
-67
-53.2
-46.6
-55.6
-54.2
-49.8
-48.6
-50.4
-56.8
-56.8
-49.4
-52.2
-54
-54.4
-54
-87.6
-46.6
-54.4
-50.8
-50.8
-56.2
-47.6
-55
-53.2
-49.4
-71.8
-67.2
-54.2
-46.6
-55.8
-54
-50.8
-53.2
-48
-46.6
-48
-57
-52.8
-51
-53.8
-47
-49.2
-56
-49.4
-62.6
-57.2
-49.4
-48.6
-57.6
-55.4
-51.8
-56.4
-86.6
-59.2
-56.4
-50.8
-49
-49.6
-54
-79.4
-58.2
-49.2
-52.8
-45.6
-54.4
-61.2
-60
-52.4
-49.8
-53.4
-53.8
-49
-51.4
-50.2
-48.2
-49.6
-54
-55.4
-52.4
-48.4
-49
-64.8
-91.2
-50.4
-49.4
-58.4
-48.4
-57.6
-49
-47.4
-56.8
-75.8
-49
-48.2
-48
-52.2
-49
-49
-46.6
-48.8
-46.8
-51.8
-51.8
-46
-88.8
-56.4
-55
-49
-55
-49.6
-56.8
-55
-52
-60.4
-57.2
-52
-50
-99.2
-58.2
-50.8
-49.4
-62.2
-57.6
-52.6
-66.6
-74.6
-47.6
-47
-49
-47.8
-56.4
-49.6
-53.6
-52.4
-54
-54.4
-51.6
-47.4
-52.2
-49.6
-48.8
-58.6
-54
-47.8
-91.6
-50
-46
-51.8
-55
-48.4
-78.8
-54.6
-52
-48.6
-52.2
-59.6
-50.6
-51.2
-48.4
-54.4
-54.4
-54
-52
-81.6
-57.2
-66.4
-56.4
-54
-53.8
-49.6
-58.8
-48
-52.8
-53
-52.6
-48.2
-50.2
-50.6
-47.6
-64.4
-57.2
-49.6
-49
