agent: texplore
env: fuelworld
Environment is episodic.
set statesPerDim to 0 for all dim
feature 0 has range 20
feature 1 has range 30
feature 2 has range 61
reward range: 400
Parallel ETUCT tracking real state values
Planner using history size: 0
Start model learning thread
start parallel uct planning search thread
Created MultClass 0 with nModels: 5
Created C4.5 decision tree 0 with == and > splits
Created C4.5 decision tree 6 with == and > splits
Created C4.5 decision tree 12 with == and > splits
Created C4.5 decision tree 18 with == and > splits
Created C4.5 decision tree 24 with == and > splits
Created MultClass 3 with nModels: 5
Created C4.5 decision tree 3 with == and > splits
Created C4.5 decision tree 9 with == and > splits
Created C4.5 decision tree 15 with == and > splits
Created C4.5 decision tree 21 with == and > splits
Created C4.5 decision tree 27 with == and > splits
Created MultClass 4 with nModels: 5
Created C4.5 decision tree 4 with == and > splits
Created C4.5 decision tree 10 with == and > splits
Created C4.5 decision tree 16 with == and > splits
Created C4.5 decision tree 22 with == and > splits
Created C4.5 decision tree 28 with == and > splits
Created MultClass 1 with nModels: 5
Created C4.5 decision tree 1 with == and > splits
Created C4.5 decision tree 7 with == and > splits
Created C4.5 decision tree 13 with == and > splits
Created C4.5 decision tree 19 with == and > splits
Created C4.5 decision tree 25 with == and > splits
Created MultClass 2 with nModels: 5
Created C4.5 decision tree 2 with == and > splits
Created C4.5 decision tree 8 with == and > splits
Created C4.5 decision tree 14 with == and > splits
Created C4.5 decision tree 20 with == and > splits
Created C4.5 decision tree 26 with == and > splits
-418.6
-418.2
-418.6
-418.2
-418.2
-416.4
-421
-419.6
-420.6
-418.2
-418.2
-416.4
-418.4
-417.2
-422.4
-1459.8
-419.2
-417.6
-422.4
-420.2
-465
-422
-508.4
-513.2
-848.4
-542
-418.8
-462.2
-464.2
-502.6
-505.4
-1137.8
-763.8
-539.8
-549.6
-645.2
-813.4
-718.6
-559
-820.2
-1111.2
-528.8
-2307.21
-628.4
-119.2
-81.2
-350.4
-85
-122
-632
-626.4
-124.6
-128.8
-189
-131.2
-86.8
-90.6
-417
-505.6
-92.4
-459.4
-504.6
-261.8
-94.4
-418.6
-460
-176
-124.4
-148
-95.2
-458.6
-180.8
-503
-126
-458.6
-89.6
-80
-89.6
-54.4
-90.6
-93.4
-56.8
-53.4
-72.2
-52
-105.2
-419.2
-99
-85
-54
-53.6
-54.4
-60.2
-51.4
-103
-47.2
-89.2
-52.6
-54.8
-53.8
-52.8
-53.8
-84.4
-55.2
-54.2
-53.6
-47.2
-48.8
-461.6
-49
-55.8
-45.4
-50.6
-52.6
-501.2
-52.4
-49
-89.8
-56.6
-53
-53.4
-52.6
-87.6
-54.6
-47
-52.8
-418.6
-418
-418.8
-421.6
-417.4
-421.4
-421.6
-422.4
-418.8
-419.8
-419.2
-416.4
-422.4
-69.6
-92.2
-54
-56.2
-90
-54
-421.8
-58.4
-55.2
-419.8
-50.4
-92.4
-125.4
-53.8
-421.2
-417.2
-420.4
-70.6
-95.6
-54
-55.4
-422
-50.6
-51.8
-53
-73.8
-47.8
-52
-78.8
-51.8
-58.6
-74.6
-58.4
-48
-50
-49.6
-57.2
-55
-53.4
-51.2
-49.2
-52.4
-52
-58.4
-51.2
-57
-55.4
-54
-52
-54.8
-53
-54
-64.6
-52.4
-52.6
-52.2
-47.8
-51
-58.6
-51.6
-50.4
-53.6
-49.6
-77.8
-51.2
-53.2
-54.8
-52.8
-54.2
-52.2
-53.2
-53.8
-53.2
-46.6
-57.2
-52.4
-56.6
-76.8
-49.4
-57.2
-54.2
-91.2
-57.2
-51.6
-57.8
-52.6
-85.4
-51.4
-55.4
-75.2
-49.8
-50
-55.2
-54.8
-76
-55.6
-73.8
-75.6
-50
-52
-53
-56.2
-52
-55.6
-56.2
-80
-50.6
-53.4
-51.8
-52.4
-71.4
-55.6
-61.8
-59.4
-54.2
-58.2
-56
-58.6
-78.2
-51.6
-50
-46.8
-46.2
-45.4
-55.2
-55
-73.4
-54.4
-57
-50.2
-52.6
-48.8
-52.2
-49.4
-54.4
-55
-48
-51
-54.8
-48.8
-47
-47.6
-53.6
-57.4
-55.6
-54
-48.8
-51.8
-79.6
-57.8
-58.8
-51.2
-50
-52
-55
-50
-52
-51.2
-56.2
-53.4
-49.8
-50
-74.4
-50.6
-53.4
-53.8
-48.8
-50.8
-54.4
-51.6
-49.4
-50.4
-57
-52
-49.8
-53.6
-54
-52.4
-51.8
-53.4
-51.6
-52.8
-47
-78.4
-51
-48.6
-48.8
-53
-48
-49
-47.2
-60.8
-53
-49.8
-48.6
-51.6
-52.6
-49.8
-49.6
-71.6
-53
-75.2
-57
-51.8
-50.4
-53
-47.8
-47
-54
-73
-54.6
-55.6
-56.8
-57.6
-55.6
-56.2
-50
-50.8
-55.2
-57.2
-52
-60.4
-56.6
-53.6
-52.8
-45.6
-47.2
-51.8
-55.8
-51.2
-53.4
-56.2
-53.2
-55.4
-57.8
-49.4
-54.6
-50
-50.2
-52.2
-51.4
-53.6
-49.6
-50.8
-53.4
-55.2
-55.4
-56
-103
-73.2
-57.8
-51.8
-50.2
-53
-52.6
-51.2
-56.6
-55
-76.6
-47.6
-47.4
-57.2
-53
-50
-54
-57.6
-48.8
-74.8
-59.8
-53
-56.8
-71.4
-56.4
-56.8
-50.8
-91.8
-47.8
-76.2
-46.6
-52.4
-51.6
-52
-47
-51
-53.6
-52.6
-51.8
-53.8
-52.2
-48.4
-55
-47.6
-51.8
-51.8
-50
-50.8
-50.6
-52.6
-52.8
-54.4
-66.6
-49.4
-54
-58.6
-55.8
-50
-49.4
-50
-60.8
-50
-72.2
-55.4
-50.2
-51.2
-53.8
-52.2
-53.2
-55
-56.8
-49.4
-49.4
-51
-51.4
-57.8
-50.2
-52.8
-50.2
-50.2
-53.6
-59
-56
-49.8
-52.2
-55.8
-49.6
-49.8
-53
-53.6
-52.8
-50.4
-48
-48.4
-55.4
-54.8
-48.8
-46.6
-49
-54
-50.4
-54.8
-51.6
-49
-54.4
-54.4
-52.4
-50.4
-46
-52.6
-50.4
-76
-52.6
-54.6
-56.6
-52.8
-69.8
-55
-54.4
-54
-58.8
-49.4
-56
-48.8
-51.8
-47.6
-49.4
-51.6
-46
-54.8
-57.8
-56.2
-48.4
-50
-55.6
-46
-48.8
-53.6
-55
-47.6
-77.8
-84.2
-57
-54.8
-52.2
-51.8
-49.4
-74.4
-55
-90.2
-51.4
-51.8
-49.2
-57.4
-57.8
-47
-50.8
-62.2
-53.8
-50.8
-49.4
-47.6
-52
-49
-52.8
-56.8
-52.2
-66.6
-53.4
-54.2
-49.8
-56.6
-52.4
-51.8
-51.6
-56
-60.2
-53
-47.4
-52.4
-53.2
-50.2
-49.4
-50.2
-50.2
-55.2
-79.8
-50
-52.4
-56.2
-47.2
-54.4
-49.6
-48
-51
-51.6
-53.8
-57.4
-50.6
-54
-57.2
-51.2
-47.6
-51.4
-49.4
-47
-52.8
-56.8
-47.8
-49
-48
-58.2
-72
-58.8
-66.2
-50
-54
-51
-55
-47.6
-50.2
-50.8
-52.8
-50.4
-52.6
-45.6
-49.4
-56.8
-55.4
-48.6
-52
-51.8
-50.6
-52.2
-52.4
-50
-47.8
-55.4
-52.2
-50.2
-53.6
-49.6
-48.6
-52.6
-49.8
-53.8
-54.8
-51.2
-55.6
-51.6
-70.6
-47.8
-51.4
-47
-57.8
-50.6
-53.8
-52
-52
-79.2
-56
-51.6
-53.8
-54.2
-51.2
-53.6
-61.2
-53.2
-53.8
-46.6
-49.6
-51.6
-52.4
-50.8
-75
-46.4
-57.8
-46.6
-55.6
-50.8
-49.6
-54
-52.6
-50.8
-77.2
-53
-53.4
-55.8
-55
-50.6
-54.4
-49.8
-50.6
-46.4
-49.2
-64.4
-51.2
-59.4
-57
-47.4
-47.6
-54.8
-55.4
-71.2
-53
-51.4
-54.4
-54.4
-50.6
-55.4
-48.2
-52.6
-55.4
-55
-53
-50.4
-53.8
-47.4
-48.4
-53.6
-51
-50.4
-52.6
-57
-54.4
-49.2
-53
-51
-48
-50
-53
-50.2
-53.4
-50
-54.2
-49
-55.4
-56
-54.6
-54
-47
-49.4
-82.2
-51.2
-49
-54.4
-55.4
-54
-52.2
-56.2
-68.4
-50
-54.6
-51
-53.4
-49
-50.4
-71.2
-52.2
-53.2
-47.6
-52.4
-47.4
-50.2
-45.6
-67.2
-52
-48.6
-52
-52.6
-65.4
-56.2
-49
-52
-50.4
-48
-46.6
-50.8
-58
-52.6
-55.2
-54.2
-71.2
-48
-52
-56
-50
-52.6
-56
-51.2
-49.4
-58.6
-53.2
-46.6
-54
-49.2
-54.8
-52.4
-55.2
-54.2
-54.2
-47.6
-48
-50.8
-48.6
-48.8
-52.6
-48.8
-58
-48
-55.6
-49.4
-48.4
-55.8
-52.4
-49.4
-51.6
-52.2
-53.8
-52.8
-49
-68.6
-48.4
-53
-50.8
-53
-45
-49.6
-51.2
-54
-53
-67.4
-48
-51.4
-46.8
-50.4
-52.8
-53
-51.6
-51.2
-50.2
-53.8
-48.6
-57
-54.4
-51
-460.6
-54.4
-52.8
-47.2
-47
-51.4
-57.8
-52
-54
-55.4
-50.2
-53.8
-48
-52.8
-51
-54.2
-48.4
-45.8
-51
-51.6
-49.6
-54.8
-57.8
-70
-54.4
-49.4
-48.6
-55.4
-49.6
-46.8
-51.8
-50.8
-57.6
-49
-52.8
-53.6
-47
-51.4
-52
-51
-53
-54.4
-50.2
-56.4
-53.6
-51.8
-50
-48.4
-53.4
-56.4
-50.6
-55
-49.8
-55.4
-50
-55.8
-52.8
-53.2
-47.4
-47.2
-50.6
-55.4
-54
-54.4
-50.2
-51.6
-48.8
-78.6
-51.6
-52.8
-50.6
-48.8
-48
-50.2
-49.4
-49.4
-55
-54.8
-50.4
-50.4
-48.4
-67.2
-56.6
-51.4
-69
-48.6
-53.4
-50.8
-57.2
-48.8
-46.6
-52.2
-65.6
-50
-58.8
-48.4
-50.6
-49.2
-53.8
-56.4
-54.4
-46.6
-56.2
-50.6
-48.4
-53
-52.2
-55.6
-55.8
-48
-52.8
-50.8
-53.4
-54.2
-49.2
-47.6
-51.8
-56
-48.6
-56.6
-51
-45.2
-53.2
-54.6
-55
-47.6
-57.6
-52.8
-52.4
-50.4
-47.4
-70.8
-48.4
-52.4
-49
-46.2
-55
-52.4
-48.8
-48.2
-53.6
-57.4
-54.8
-54.4
-52
-52.8
-55.2
-47.2
-54.2
-49.2
-50
-49.6
-54.8
-56.2
-50.2
-50.6
-48.4
-74.4
-58.6
-51
-47.6
-47
-50
-48
-50.6
-53.2
-49
