agent: texplore
env: fuelworld
Environment is episodic.
set statesPerDim to 0 for all dim
feature 0 has range 20
feature 1 has range 30
feature 2 has range 61
reward range: 400
Parallel ETUCT tracking real state values
Planner using history size: 0
Start model learning thread
start parallel uct planning search thread
Created MultClass 0 with nModels: 5
Created C4.5 decision tree 0 with == and > splits
Created C4.5 decision tree 6 with == and > splits
Created C4.5 decision tree 12 with == and > splits
Created C4.5 decision tree 18 with == and > splits
Created C4.5 decision tree 24 with == and > splits
Created MultClass 3 with nModels: 5
Created C4.5 decision tree 3 with == and > splits
Created C4.5 decision tree 9 with == and > splits
Created C4.5 decision tree 15 with == and > splits
Created C4.5 decision tree 21 with == and > splits
Created C4.5 decision tree 27 with == and > splits
Created MultClass 4 with nModels: 5
Created C4.5 decision tree 4 with == and > splits
Created C4.5 decision tree 10 with == and > splits
Created C4.5 decision tree 16 with == and > splits
Created C4.5 decision tree 22 with == and > splits
Created C4.5 decision tree 28 with == and > splits
Created MultClass 1 with nModels: 5
Created C4.5 decision tree 1 with == and > splits
Created C4.5 decision tree 7 with == and > splits
Created C4.5 decision tree 13 with == and > splits
Created C4.5 decision tree 19 with == and > splits
Created C4.5 decision tree 25 with == and > splits
Created MultClass 2 with nModels: 5
Created C4.5 decision tree 2 with == and > splits
Created C4.5 decision tree 8 with == and > splits
Created C4.5 decision tree 14 with == and > splits
Created C4.5 decision tree 20 with == and > splits
Created C4.5 decision tree 26 with == and > splits
-417.8
-416.6
-419
-417.4
-419.4
-416.8
-689.6
-417.8
-417.6
-415.6
-417.8
-417
-421.6
-419.4
-415.6
-419.4
-417.8
-417
-417.6
-416.4
-420
-417.2
-419.2
-420
-418.8
-422
-995.6
-558.8
-421.2
-464.4
-463.8
-419.6
-419.6
-422
-440.6
-467.8
-546
-513.4
-602.6
-508
-455
-295.4
-435.6
-404.2
-137.8
-87.2
-187.6
-92.6
-133.4
-95.2
-234
-215.2
-124.2
-123.6
-87.4
-212.4
-82
-180.4
-544.2
-125.8
-52
-57.4
-128.2
-57.6
-56.2
-80.2
-53.4
-50.2
-110.2
-88.6
-54.6
-92.8
-48.2
-86.6
-84.8
-55
-128.4
-54.6
-60.4
-49
-85.4
-51.8
-75.8
-85
-57
-53.6
-96.8
-81
-93.6
-60.8
-52
-56
-58
-50.4
-53.2
-96.2
-88.4
-53.2
-82.6
-49
-54
-48.4
-56
-59
-57.2
-52.4
-76.4
-51.8
-51.2
-52.8
-52
-49.6
-51.2
-48.2
-52
-57.8
-52.8
-51.8
-54.2
-47.8
-53.4
-56.4
-54.2
-47.4
-58.8
-59.2
-74.4
-60.4
-58.4
-62.2
-57.4
-51.6
-52.4
-54.8
-58.8
-50
-52.6
-96.8
-55.4
-54.4
-52.6
-52
-54.2
-79.8
-53
-57
-49.4
-55.8
-53.4
-47
-49.2
-52.4
-53.4
-50.4
-52.6
-56.2
-55.8
-52
-49.2
-55.8
-56.8
-55.6
-48.6
-51.8
-50.2
-76.6
-47.6
-55.4
-91
-55.4
-53.8
-52
-54.2
-51
-86.4
-52
-60.4
-51
-54.4
-49.6
-48.4
-51.6
-52.4
-49
-53.8
-51.6
-50.8
-51.8
-54.4
-51.6
-54
-51.4
-48.6
-52.8
-49
-81.8
-46.4
-50
-49.8
-54.4
-54.4
-80.4
-54.6
-51
-47
-50.2
-51.6
-52.2
-49.8
-61.6
-53.4
-53.4
-49.4
-47.4
-56.2
-49.6
-52.6
-54.4
-77.2
-56
-56.2
-51.4
-53
-57.6
-49.8
-52.2
-48.6
-47
-50.6
-51.8
-54.4
-49.8
-65.2
-57.6
-51.6
-56
-54.8
-49.6
-79.6
-53.6
-48.4
-50.4
-52.2
-54.8
-49.4
-51.4
-55.2
-49.4
-53.8
-59.2
-52.8
-48.8
-57.8
-50.8
-51
-52.8
-55.8
-52.4
-56.6
-52.8
-76
-55
-53.8
-50.6
-49.6
-51.8
-52.4
-55.6
-77.6
-51.6
-51.2
-49.4
-54.2
-49.6
-54.8
-50.4
-51
-50.8
-51.2
-51
-57.8
-49
-47.8
-55
-55.8
-50.4
-50
-65
-51.8
-52.4
-73.2
-57
-51.8
-50.4
-46.2
-55.6
-48.8
-53.6
-48
-49.2
-48.2
-49.4
-49.8
-53.2
-53
-51.2
-52.4
-50.6
-53.4
-51.4
-88.8
-49.4
-56.6
-49.6
-51.6
-76.4
-52.8
-52.4
-56.6
-48.8
-47
-51.2
-75.4
-54
-51
-48
-53.2
-55
-52.4
-54
-52.6
-52.8
-66.8
-52.8
-46.2
-51.8
-51.8
-52.8
-54.8
-49
-47.4
-52.2
-47
-50.6
-52
-50.6
-51.2
-51
-50.2
-52
-48.4
-45.6
-54.4
-52
-57.8
-58.4
-48.2
-53.8
-46.4
-53.4
-50.6
-54
-55
-52.8
-53.8
-53.8
-55.6
-57.4
-51.4
-51.2
-54.8
-52
-49.2
-53.8
-49.2
-46.8
-57
-54.4
-51.8
-47
-53.4
-55.6
-50.4
-52.8
-60.2
-52.8
-55.2
-49.8
-50.8
-56.2
-48.4
-52
-63.2
-52.8
-63.4
-50.4
-47.6
-56.4
-57.2
-47.4
-47.6
-50
-51.4
-53.6
-50
-54.6
-51.4
-68.6
-53.8
-53.4
-48
-51.8
-54
-51.4
-55.2
-62.8
-69.6
-53.2
-53.4
-54.2
-51.8
-47.6
-51.8
-52.4
-51
-50.8
-53.4
-54.4
-48
-54.8
-55
-52
-53.2
-69.4
-52.2
-52
-54.2
-51.6
-53.4
-72
-52
-70.6
-56.4
-47.4
-51.6
-50.4
-76.8
-52.6
-80.8
-47.6
-53.4
-50.4
-50.4
-78.4
-46.2
-53.2
-56
-53.4
-51.2
-54.4
-72.8
-73.8
-58
-78
-51.4
-461.8
-52
-52
-49.6
-73
-51.8
-54.6
-53.6
-51
-50.6
-52.8
-46
-75
-50.8
-49.8
-51.6
-53.4
-50.2
-55
-52.6
-53.8
-50
-51
-51.4
-50
-55
-53.4
-57.4
-112.8
-51.2
-53.6
-51.4
-52.4
-49
-53.8
-55.8
-50.4
-51.8
-53
-51
-56.4
-49.2
-49.4
-50
-55.8
-52.6
-51
-48.6
-52.2
-56.2
-49.4
-46
-54
-52.2
-71
-52.8
-64
-51.4
-51
-73.4
-51.4
-54.2
-49.8
-73
-50
-50.4
-112.2
-50.6
-47.4
-77.8
-50.8
-47.8
-55.6
-72
-80.4
-51.6
-51.4
-48.4
-49
-56.4
-113.8
-54.8
-75
-52.4
-48.2
-73.8
-54.8
-78.4
-56.4
-59.2
-50
-57.4
-53.6
-78.6
-49.8
-52.2
-57.4
-52.6
-53.4
-51.4
-73.6
-56
-53.8
-52.6
-56.8
-50.4
-50
-56.6
-53.8
-71
-55.6
-49.8
-47.2
-50.2
-48.8
-50.8
-49.4
-50.6
-57.6
-51.4
-49.4
-50.4
-50
-51.4
-49.8
-56.8
-53.8
-49.8
-50.4
-56.6
-56.4
-54
-54
-51.8
-49.6
-56.8
-55.8
-52.2
-47.4
-56.2
-50.8
-52
-54
-55.2
-53
-46.6
-51.4
-57.2
-51.6
-49.8
-51.4
-54
-76.6
-50.8
-54
-52.6
-56.4
-56.6
-50.2
-55.6
-73.8
-60
-82.8
-52.4
-90.4
-51.6
-50.8
-51.2
-62.4
-75
-57.8
-62.4
-67.6
-55
-50.8
-52.2
-50
-53.4
-55.2
-52.4
-54.2
-48.8
-57.6
-48.4
-55
-51.4
-54
-47
-73.2
-51.4
-57.8
-53.4
-55
-69
-51.8
-54.4
-57.2
-49.8
-57.2
-49
-49
-78
-49.8
-48.4
-54
-59.6
-52.6
-47.6
-48.2
-52.8
-48.4
-48.4
-51.6
-52.4
-49
-51.2
-51.8
-53.2
-53.2
-46.4
-54.4
-50.8
-51.4
-55
-50.8
-50.6
-53.6
-67
-50.2
-56.4
-51.4
-48.4
-50.6
-48.6
-52.6
-50
-50
-50
-52.4
-59.2
-52.4
-66.2
-58.2
-50
-47
-51.6
-52
-52.8
-53
-49.4
-47.8
-54.8
-75.6
-51.4
-50.2
-47.4
-47
-77.4
-53
-49.2
-56.2
-98.2
-50.8
-52.8
-72
-56.2
-74
-53
-52.4
-49.6
-50.6
-53.4
-46.6
-51.2
-69
-74.8
-70
-49
-73
-52.8
-56.4
-53.6
-50.4
-53.6
-55
-50.4
-55
-49
-48
-51.6
-58.8
-49.8
-47.6
-50.6
-76.8
-53.2
-55
-50
-52.6
-54.8
-52.2
-52
-57
-55
-76.4
-54.8
-50
-53.6
-49.6
-458.4
-54.2
-48.4
-47.8
-85.2
-51.8
-52.4
-77.6
-51.6
-54.4
-46.4
-50.2
-55.6
-52.8
-49.2
-51.2
-49.6
-71.8
-53.2
-53.8
-52.6
-52
-52.6
-50.4
-49
-52.4
-50.4
-51
-50
-49.6
-51.6
-54.4
-54.4
-52.4
-55
-54.2
-52.8
-53.2
-50.2
-51.6
-56.2
-55
-53.8
-50.4
-50.4
-49.4
-51.8
-51.6
-49.8
-50.8
-53.8
-50.6
-49
-47.6
-72.6
-91.6
-67.8
-54.8
-55
-51
-48.6
-49.8
-54.4
-48.6
-48.4
-50.6
-51.6
-51
-50.4
-51
-53.2
-53.2
-48.8
-53.8
-46
-54.4
-47.6
-62
-50.4
-48.4
-53.8
-50
-54.2
-53.2
-55.4
-50.4
-50.6
-57.6
-46.8
-50.6
-52.8
-51.6
-50.6
-50.8
-51.4
-46.8
-51
-49
-72.4
-48.4
-53.8
-52.8
-47
-52.4
-56.4
-69.8
-53.2
-54
-52.4
-48
-47.4
-50.4
-49.2
-50.8
-51.4
-51
-52.6
-52.4
-49.4
-70.6
-47.8
-58.6
-53.6
-58.6
-52.4
-49
-54.6
-77.4
-49.2
-51.4
-49.8
-48
-50.2
-51.8
-52.6
-49
-50.4
-55.6
-56
-47.2
-49.8
-49
-49
-45.2
-49.8
-51.8
-51.2
-54.4
-52.6
-52
-50.4
-51.4
-53.6
-51.4
-53.4
-52
-48.2
-51
-51
-51
-53.8
-54.6
-54.2
-46.2
-52
-53.2
-49.4
-46.6
-56.4
-49.4
-50.6
-54.4
-55.2
-45.6
-67.6
-78.8
-94.2
-54.6
-53.8
-51
-53.2
-57.4
-58.4
-46.4
-53.6
-51
-55.6
-69.6
-52.4
-50.4
-87.6
-72.2
-48
-49.2
-58.4
-53.2
-52.8
-463.2
-53.4
-57.8
-51.6
-54.2
-78
-54.4
-48.8
-54.6
-53
-49.2
-55.8
-50.6
-52.2
-58.2
-44.4
-54
-50.4
-50.2
-51.2
-50.2
-51.8
-53.4
-51
-51.2
-79
-78.6
-51.2
-53.4
