agent: texplore
env: asterix
Environment is episodic.
set statesPerDim to 0 for all dim
feature 0 has range 30
feature 1 has range 30
feature 2 has range 30
reward range: 1001
Parallel ETUCT tracking real state values
Planner using history size: 0
start parallel uct planning search thread
Start model learning thread
Created MultClass 0 with nModels: 5
Created C4.5 decision tree 0 with == and > splits
Created C4.5 decision tree 6 with == and > splits
Created C4.5 decision tree 12 with == and > splits
Created C4.5 decision tree 18 with == and > splits
Created C4.5 decision tree 24 with == and > splits
Created MultClass 3 with nModels: 5
Created C4.5 decision tree 3 with == and > splits
Created C4.5 decision tree 9 with == and > splits
Created C4.5 decision tree 15 with == and > splits
Created C4.5 decision tree 21 with == and > splits
Created C4.5 decision tree 27 with == and > splits
Created MultClass 4 with nModels: 5
Created C4.5 decision tree 4 with == and > splits
Created C4.5 decision tree 10 with == and > splits
Created C4.5 decision tree 16 with == and > splits
Created C4.5 decision tree 22 with == and > splits
Created C4.5 decision tree 28 with == and > splits
Created MultClass 1 with nModels: 5
Created C4.5 decision tree 1 with == and > splits
Created C4.5 decision tree 7 with == and > splits
-995
Created C4.5 decision tree 13 with == and > splits
Created C4.5 decision tree 19 with == and > splits
Created C4.5 decision tree 25 with == and > splits
Created MultClass 2 with nModels: 5
Created C4.5 decision tree 2 with == and > splits
Created C4.5 decision tree 8 with == and > splits
Created C4.5 decision tree 14 with == and > splits
Created C4.5 decision tree 20 with == and > splits
Created C4.5 decision tree 26 with == and > splits
-996
-991
-991
-991
-987
-996
-991
-987
-996
-995
-987
-994
-993
-987
-987
-987
-996
-988
-995
-987
-973
-987
-987
-987
-988
-987
-974
-995
-985
-987
-987
-988
-987
-985
-987
-973
-981
-987
-996
-996
-981
-995
-970
-984
-960
-988
-988
-974
-994
-980
-994
-984
-994
-890
-833
-976
-949
-976
-973
-931
-940
-930
-862
-987
-973
-973
-991
-996
-994
-989
-989
-996
-989
-996
-989
-996
-989
-996
-989
-994
-989
-996
-994
-989
-996
-994
-996
-996
-996
-996
-996
-996
-996
-996
-996
-996
-960
-989
-996
-996
-987
-996
-996
-996
-996
-996
-996
-996
-996
-996
-996
-996
-996
-996
-996
-996
-996
-996
-996
-996
-996
-996
-996
-996
-996
-996
-994
-996
-996
-994
-994
-994
-994
-989
-994
-994
-980
-990
-994
-990
-994
-980
-996
-996
-996
-996
-996
-996
-996
-996
-996
-996
-996
-996
-996
-996
-996
-996
-996
-996
-996
-996
-996
-996
-996
-996
-996
-996
-996
-996
-996
-996
-996
-996
-996
-996
-996
-996
-996
-994
-996
-996
-996
-996
-994
-982
-996
-996
-994
-924
-994
-994
201
-938
-897
-994
-981
-958
-986
-986
-980
-986
-986
-986
-986
-986
-986
-986
-986
-986
-986
-986
-986
-986
-986
-986
-986
-986
-986
-986
-986
-986
-986
-986
-986
-986
-986
-986
-986
-986
-986
-986
-986
-986
-956
-983
-987
-981
-981
-987
-987
-987
-987
-959
-987
-959
-987
-980
-994
-987
-917
-987
-987
-987
-987
-987
-987
-987
-987
-987
-987
-987
-987
-973
-987
-959
-987
-987
-987
-987
-987
201
-833
201
-917
-994
-994
-994
-994
-966
201
201
201
201
201
201
201
-862
-973
-945
-890
-945
-945
-917
-903
201
201
201
201
201
-888
201
201
201
201
201
201
201
201
201
201
201
201
201
201
201
201
201
201
201
201
201
201
201
201
201
201
201
201
201
201
-903
201
201
201
201
-875
-973
201
201
-875
-973
-903
-974
201
201
201
201
201
201
201
201
201
201
201
201
201
201
201
201
201
201
201
201
201
201
201
201
-896
201
201
201
201
201
201
201
201
201
201
201
201
201
201
201
201
201
201
201
201
201
201
201
201
201
201
201
201
201
201
201
-989
201
201
201
201
201
201
-996
201
201
201
201
201
201
201
201
201
201
201
201
-959
201
201
201
201
-891
201
201
201
201
201
201
201
-897
-974
-932
-931
-847
-850
-875
-848
-820
201
-974
-918
-918
201
-848
-876
-959
201
201
201
201
201
201
201
201
201
201
201
201
201
201
201
201
201
201
201
201
201
201
201
201
201
201
201
201
201
201
201
201
201
201
201
201
201
201
201
201
201
201
201
201
-996
201
-996
201
-996
-925
201
-996
201
-996
201
-996
-925
-925
-981
201
-996
201
-996
201
-996
201
-996
201
-996
201
-996
201
-996
201
-996
-805
-973
201
201
201
201
201
201
201
201
201
201
201
201
201
201
201
201
201
201
201
-945
-983
-994
-861
-973
-889
-889
-945
-973
-973
-917
201
201
-889
-973
-973
-945
-973
-973
201
-974
-974
-974
-974
-973
-974
-973
-918
-973
-974
-973
-974
-973
-946
-973
-946
-973
201
201
-946
-973
-974
-973
201
201
201
201
201
201
201
201
201
201
201
201
201
201
201
201
201
201
201
201
201
201
201
201
-980
-980
201
-980
201
201
201
-980
201
-980
201
201
201
201
201
201
201
201
201
201
201
201
201
201
201
201
201
201
201
201
201
201
201
201
201
201
201
201
-972
-984
-986
-972
-984
-986
-986
-986
-986
-986
-986
-986
-986
-986
-986
-972
-986
-986
-986
-986
-986
-986
-986
-986
-986
-986
-986
-972
-972
-986
-986
-986
-986
-986
-986
-986
-986
-972
-986
-986
-986
-986
-986
-986
-986
-986
-986
-986
-986
-986
-986
-986
-986
-986
-986
-986
-986
-986
-986
-986
-986
-986
-986
-986
-986
-986
-986
-986
-986
-986
-986
-986
-986
-986
-986
-986
-986
-986
-986
-986
-986
-986
-986
-986
-986
-986
-986
-986
-986
-986
-986
-986
-986
-986
-986
-986
-986
-986
-986
-986
-986
-986
-986
-986
-986
-986
-986
-986
-986
-986
-986
-986
-986
-986
-986
-986
-986
-986
-986
-986
-986
-986
-986
-986
-986
-986
-986
-986
-986
-986
-986
-986
-986
-986
-986
-986
-986
-986
-986
-986
-986
-986
-986
-986
-986
-986
-986
-986
-986
-986
-986
-986
-986
-986
-986
-986
-986
-986
-986
-986
-986
-986
-986
-986
-986
-986
-986
-986
-986
-986
-986
-986
-986
-986
-986
-986
-986
-986
-986
-986
-986
-986
-986
-986
-986
-986
-986
-986
-986
-986
-986
-986
-986
-986
-986
-986
-986
-986
-986
-986
-986
-986
-986
-986
-986
-986
-986
-986
-986
-986
-986
-986
-986
-986
-986
-986
-986
-986
-986
-986
-986
-986
-986
-986
-986
-986
-986
-986
-986
-986
-986
-986
-986
-986
-986
-986
-986
-986
-986
-986
-986
-986
-986
-986
-986
-986
-986
-986
-986
-986
-986
-986
-986
-986
-986
-986
-986
-986
-986
-986
-986
-986
-986
-986
-986
-986
-986
-986
-986
-986
-986
-986
-986
-986
-986
-986
-986
-986
-986
-986
-986
-986
-986
-986
-986
-986
-986
-986
-986
-986
-986
-986
-986
-972
-973
-972
-973
-973
-973
-973
-973
-973
-988
-973
-973
-973
-973
-973
-988
-988
-988
-988
-988
-988
-988
-988
-988
-973
-973
-973
-974
-988
-974
-988
-988
-988
-988
-988
-988
-988
-988
-988
-988
-988
-988
-988
-988
-988
-988
-988
-988
-988
-988
-988
-988
-988
-988
-988
