agent: texplore
env: asterix
Environment is episodic.
set statesPerDim to 0 for all dim
feature 0 has range 30
feature 1 has range 30
feature 2 has range 30
reward range: 1001
Parallel ETUCT tracking real state values
Planner using history size: 0
Start model learning thread
start parallel uct planning search thread
Created MultClass 0 with nModels: 5
Created C4.5 decision tree 0 with == and > splits
Created C4.5 decision tree 6 with == and > splits
Created C4.5 decision tree 12 with == and > splits
Created C4.5 decision tree 18 with == and > splits
Created C4.5 decision tree 24 with == and > splits
Created MultClass 3 with nModels: 5
Created C4.5 decision tree 3 with == and > splits
Created C4.5 decision tree 9 with == and > splits
Created C4.5 decision tree 15 with == and > splits
Created C4.5 decision tree 21 with == and > splits
Created C4.5 decision tree 27 with == and > splits
Created MultClass 4 with nModels: 5
Created C4.5 decision tree 4 with == and > splits
Created C4.5 decision tree 10 with == and > splits
Created C4.5 decision tree 16 with == and > splits
Created C4.5 decision tree 22 with == and > splits
Created C4.5 decision tree 28 with == and > splits
Created MultClass 1 with nModels: 5
Created C4.5 decision tree 1 with == and > splits
Created C4.5 decision tree 7 with == and > splits
Created C4.5 decision tree 13 with == and > splits
Created C4.5 decision tree 19 with == and > splits
Created C4.5 decision tree 25 with == and > splits
Created MultClass 2 with nModels: 5
Created C4.5 decision tree 2 with == and > splits
Created C4.5 decision tree 8 with == and > splits
Created C4.5 decision tree 14 with == and > splits
Created C4.5 decision tree 20 with == and > splits
Created C4.5 decision tree 26 with == and > splits
-992
-995
-996
-996
-996
-996
-994
-995
-996
-994
-992
-994
-991
-995
-995
-991
-996
-991
-995
-995
-995
-994
-992
-995
-995
-994
-994
-996
-994
-995
-980
-995
-995
-995
-994
-994
-994
-991
-981
-991
-995
-994
-973
-996
-995
-973
-973
-994
-994
-950
-994
-994
-994
-994
-994
-994
-994
-994
-987
-973
201
-945
-931
-861
-972
-945
-958
-986
-986
-986
-986
-986
-986
-986
-986
-986
-986
-986
-986
-986
-986
-986
-992
-986
-986
-986
-986
-986
-986
-986
-986
-986
-986
-986
-987
-958
-986
-930
-932
-876
-988
-806
-974
-959
-987
-987
-987
-987
-987
-959
-988
-987
-987
-987
-987
-959
-987
-987
-987
-987
-988
-973
-973
-987
-973
-959
-973
-973
-973
-973
-959
-987
-987
-987
-987
-987
-987
-987
-958
-985
-902
201
-944
-917
-987
-959
-961
-961
-989
-989
-989
-989
-989
-989
-989
-989
-989
-989
-989
-989
-989
-989
-989
-989
-989
-989
-989
-989
-989
-989
-989
-989
-989
-989
-989
-989
-989
-989
-989
-989
201
201
-943
201
-969
-919
-973
-995
-975
-969
-995
-976
-975
-969
-994
-975
-995
-975
-991
-987
-994
-947
-991
-994
-975
-995
-987
-947
-975
-975
-975
-987
-975
-991
-987
-975
-993
-975
-993
201
201
201
201
-917
-994
-875
-917
-861
-932
201
201
201
-838
-978
-923
-937
-996
-993
-982
-965
-996
-993
-974
-974
-993
-996
-993
-973
-993
-996
-881
-996
-996
-996
-951
-995
-995
-995
-996
-996
-996
-993
-996
-993
-996
-996
-996
-996
-996
-996
-996
-996
-996
-996
-996
-996
-996
-996
-996
-996
-996
-996
-996
-996
-996
-996
-996
-996
-996
-996
-996
-996
-996
-996
-979
-996
-996
-996
-996
-996
-996
-996
-996
-996
-995
-996
-996
-931
-933
-952
-987
-987
-987
-987
-987
-987
-987
-987
-987
-987
-989
-987
-987
-987
-987
-987
-987
-987
-987
-987
-987
-987
-987
-987
-987
-987
201
-987
-987
-989
-989
-989
-828
-968
201
201
201
201
201
-882
201
-931
-847
-931
-931
-875
-931
-931
-931
201
201
201
201
201
201
-847
-881
-987
-959
-979
-987
-987
-870
201
201
201
201
201
201
-987
201
-987
-987
-988
-988
-987
-987
-988
-988
-988
-959
-988
-988
-987
-875
-987
-987
-987
-987
-988
-988
-988
-988
-988
-988
-988
201
201
-979
-805
-848
-979
-979
-951
-951
-849
201
201
201
-933
-868
-924
-952
-980
201
-980
-980
-952
-980
-980
-980
-980
-980
-980
-980
-980
-980
-980
-980
-980
-980
-980
-980
-980
-980
-980
-980
-980
-980
-980
-980
-980
-980
-980
-980
-980
-980
-980
-980
-980
-980
-980
-980
-980
-980
-980
-980
-980
-980
-980
-980
201
201
201
201
201
201
201
201
-989
-989
201
201
-994
201
201
-994
-994
-994
201
201
201
201
201
201
201
201
201
201
201
201
201
201
201
201
201
201
-959
-987
-987
-987
-987
-987
-987
-987
-987
-988
-988
-987
-987
-987
-988
-988
-987
-931
-987
-959
-987
-987
-987
-987
-987
-987
-987
-987
-987
-987
-987
-987
-987
-987
-987
-987
-987
-987
-988
-988
-988
-988
-988
-987
-987
-988
-987
-987
-988
-959
-959
-959
-987
-987
-987
-987
-987
-987
-987
-987
-987
-987
-987
-987
-987
-987
-987
-987
-987
-987
-987
-987
-987
-987
-987
-987
-987
-987
-987
-987
-987
-987
-987
-987
-987
-987
-987
-987
-987
-987
-987
-987
-987
-987
-987
-987
-987
-987
-987
-987
-987
-987
-987
-987
-987
-987
-987
-987
-987
-987
-987
-987
-987
-987
-987
-987
-987
-987
-987
-959
-959
-959
201
201
201
201
-903
-903
201
201
201
-959
201
201
201
201
201
201
201
201
201
201
201
201
201
201
201
201
201
201
201
201
201
201
201
201
201
201
201
201
201
201
201
201
201
201
201
201
201
201
201
201
201
201
201
201
201
201
201
201
201
201
201
201
201
201
201
201
201
201
201
201
201
201
201
201
-995
201
-855
201
201
-911
-994
-855
201
-911
201
-967
201
-939
201
-939
201
201
-883
201
201
201
201
201
201
-827
201
201
201
201
201
201
201
201
201
201
201
201
201
201
201
201
201
201
201
201
201
201
201
201
201
201
201
201
201
201
201
201
201
201
201
201
201
201
201
201
201
201
201
201
201
201
201
201
201
201
201
201
201
201
201
201
201
201
201
201
201
201
201
201
201
201
201
201
201
201
201
201
201
201
201
201
201
201
201
201
201
201
201
201
201
201
201
201
201
201
201
201
201
201
201
201
201
201
201
201
201
201
201
201
201
201
201
201
201
201
201
201
201
201
201
201
201
201
201
201
201
201
201
201
201
201
201
201
201
201
201
201
201
201
201
201
201
201
201
201
201
201
201
201
201
201
201
201
201
201
201
201
201
201
201
201
201
201
201
201
201
201
201
201
201
201
201
201
201
201
201
201
201
-924
201
201
201
201
201
201
201
201
201
201
201
201
201
201
201
201
201
201
201
201
201
201
201
201
201
201
201
201
201
201
201
201
201
201
201
201
201
201
201
201
201
201
201
201
201
201
201
201
201
201
201
201
201
201
201
201
201
201
201
201
201
201
201
201
201
201
201
201
201
201
201
201
201
201
201
201
201
201
201
201
201
201
201
201
201
201
201
201
201
201
201
201
201
201
201
201
201
