agent: texplore
env: fuelworld
Environment is episodic.
set statesPerDim to 0 for all dim
feature 0 has range 20
feature 1 has range 30
feature 2 has range 61
reward range: 400
Parallel ETUCT tracking real state values
Planner using history size: 0
Start model learning thread
start parallel uct planning search thread
Created MultClass 0 with nModels: 5
Created C4.5 decision tree 0 with == and > splits
Created C4.5 decision tree 6 with == and > splits
Created C4.5 decision tree 12 with == and > splits
Created C4.5 decision tree 18 with == and > splits
Created C4.5 decision tree 24 with == and > splits
Created MultClass 3 with nModels: 5
Created C4.5 decision tree 3 with == and > splits
Created C4.5 decision tree 9 with == and > splits
Created C4.5 decision tree 15 with == and > splits
Created C4.5 decision tree 21 with == and > splits
Created C4.5 decision tree 27 with == and > splits
Created MultClass 4 with nModels: 5
Created C4.5 decision tree 4 with == and > splits
Created C4.5 decision tree 10 with == and > splits
Created C4.5 decision tree 16 with == and > splits
Created C4.5 decision tree 22 with == and > splits
Created C4.5 decision tree 28 with == and > splits
Created MultClass 1 with nModels: 5
Created C4.5 decision tree 1 with == and > splits
Created C4.5 decision tree 7 with == and > splits
Created C4.5 decision tree 13 with == and > splits
Created C4.5 decision tree 19 with == and > splits
Created C4.5 decision tree 25 with == and > splits
Created MultClass 2 with nModels: 5
Created C4.5 decision tree 2 with == and > splits
Created C4.5 decision tree 8 with == and > splits
Created C4.5 decision tree 14 with == and > splits
Created C4.5 decision tree 20 with == and > splits
Created C4.5 decision tree 26 with == and > splits
-418.6
-419.4
-418.2
-463.4
-420.6
-415.6
-659.2
-418.6
-417.6
-416.8
-416.6
-415.8
-421.6
-420.2
-416.8
-509.2
-355.2
-420.6
-421.6
-509.8
-64
-414
-553.4
-555.2
-547.4
-502.6
-248.4
-585.8
-499.6
-149.4
-615
-460
-539.2
-506
-583.2
-553.4
-416.4
-419.2
-462.2
-420.2
-67.6
-418.6
-421.6
-418.4
-58.8
-96.6
-418.4
-207
-551.8
-100.2
-418.2
-421.2
-465.6
-499.4
-503.8
-95
-93.6
-98
-141.8
-149
-88.6
-62.2
-87.2
-466.6
-66.2
-86.4
-145.2
-498.6
-271.4
-136.4
-225
-187.2
-92.2
-168.8
-99.6
-55
-78.6
-80.8
-50.8
-50.8
-48.6
-86.4
-99
-55.6
-130.6
-57.4
-49.6
-108
-53
-56.2
-50.2
-48.4
-49.4
-55.2
-61.4
-55
-49.4
-143.8
-93.8
-56.2
-51.8
-52.8
-135.8
-70.4
-58.8
-49
-101.4
-54.4
-52.6
-52.6
-51.6
-55.8
-54.2
-55
-46.2
-51
-54.2
-58.4
-116
-57.2
-52.8
-55
-56.6
-61
-55
-52.8
-50.8
-56.2
-54.8
-51.2
-52.8
-91.2
-50
-48.6
-49
-97.4
-49
-77.2
-56.6
-52.4
-50.2
-51.2
-52.2
-54.2
-47.6
-51.4
-50.4
-53.6
-60.8
-59.8
-49.4
-51.8
-49.6
-47.8
-51.8
-58.6
-57.2
-47.4
-50.8
-53.8
-51.4
-53.2
-55.4
-58
-55.4
-53
-49
-47.2
-51.2
-56.6
-51.6
-49.8
-53.2
-53.2
-58
-47
-52.8
-54.4
-116.8
-81
-66
-57.8
-52
-59.8
-52.4
-59
-58
-48.6
-96
-53.4
-47.2
-49.4
-50.8
-58.8
-54.4
-54.6
-60.8
-53.2
-48
-50.2
-46.8
-56.6
-80.6
-52.8
-104.2
-48.6
-50
-57.4
-55.8
-49
-71.4
-54.2
-50.4
-71.2
-60
-51
-58.8
-71.8
-47.4
-53.2
-97.4
-55.8
-57.6
-54.4
-48
-56.2
-49.6
-62.4
-58.2
-55.8
-48.2
-54.6
-62.2
-51.8
-48.4
-47.6
-56.4
-46.2
-99.2
-49.4
-59.4
-52.2
-54
-54.4
-74.4
-53
-51.6
-48
-60.6
-61
-54.2
-47.2
-54.2
-48.6
-54.2
-53.4
-68.4
-48.4
-53.8
-52.8
-46.6
-49.6
-49
-53.8
-50.2
-54.6
-57.8
-55.4
-61.8
-68.4
-54
-48
-50.6
-62.2
-76.6
-55.6
-54.6
-46.2
-52.8
-55.8
-53.4
-68.4
-51
-72
-81.6
-48.8
-51
-49.6
-55
-53.2
-52
-94.4
-50
-49
-49.8
-69.2
-50
-55
-56.2
-68.8
-48.4
-49.2
-52.8
-51
-53.2
-52
-49.6
-51.8
-50.4
-53.2
-46.6
-49.6
-60.4
-48.4
-53
-57.4
-56
-53.2
-74.2
-57.8
-57.2
-50.8
-49.8
-56.4
-52.2
-66.8
-51.6
-49.2
-51.6
-100
-55.4
-49.6
-52
-49
-48.6
-59
-49.2
-52.6
-50.8
-51.2
-59.2
-54.2
-59.6
-48.8
-48.6
-53.8
-47.2
-52
-54.4
-57.2
-50.8
-61.6
-70.4
-52.2
-55.4
-58
-55.2
-55
-78.6
-50.8
-49
-55
-54
-58
-49.2
-95.2
-57
-51
-50.4
-79.2
-50.8
-56.4
-46.6
-50.4
-54.6
-55.4
-54.8
-47.2
-51.2
-52
-54.6
-60
-47.8
-52.2
-60.2
-52.2
-55.4
-55.4
-57.2
-61
-58
-50.8
-57.2
-53
-52.8
-50.8
-61.2
-50.6
-75.4
-54.2
-50.2
-49.6
-47.6
-57.6
-52
-53.6
-54.6
-53
-56.2
-54.4
-84.4
-50.6
-50.2
-50.4
-52.4
-56
-49
-50.2
-56.8
-53
-51.6
-47.6
-48.2
-51.6
-56.6
-50.6
-53.6
-56.4
-54.8
-49.6
-47.6
-56
-58
-54
-52.2
-52
-48.4
-56.8
-48.2
-53.6
-51
-62.4
-61.8
-56.6
-99.2
-57.8
-55.6
-56
-59.2
-58.6
-49.8
-48.4
-51.4
-52.8
-52.4
-74.2
-54.4
-52.2
-52
-50.4
-55.8
-55.2
-58.2
-57.8
-57.8
-130.8
-51
-56
-61
-50.4
-62.2
-58.2
-77.6
-56.2
-49.4
-53.6
-51.8
-49
-57
-49.6
-60.2
-55
-55.2
-48.8
-48.8
-49.4
-50.8
-66
-54
-53.2
-54.2
-50
-56.8
-49.6
-58.2
-60.4
-57
-59.6
-58.6
-49.6
-59.4
-53.4
-50
-50
-50.8
-50.8
-51
-54.2
-48.8
-87
-45.6
-56.8
-47
-52.4
-51
-55.8
-59.4
-59.8
-52.4
-71.2
-51.4
-49.4
-68.4
-51.4
-53.4
-59
-52.4
-48.8
-49.2
-52
-49
-57.2
-48.8
-50.4
-57.6
-50.4
-54.2
-50
-51.4
-56.2
-46.8
-48.6
-52.6
-56.4
-48.8
-45.8
-51.2
-49.4
-59.4
-48.8
-56.8
-55
-52.4
-46.6
-47.6
-58.4
-51.2
-49.4
-51.2
-52.6
-56.2
-75.4
-49
-48
-48.6
-54.6
-48.2
-49.8
-51
-58
-59.2
-54.6
-98.8
-49.4
-58
-56.2
-56
-54.2
-60.4
-57.2
-103.6
-55.2
-49.4
-46.2
-59
-76
-55.4
-53.2
-51.4
-54.6
-57.4
-53.2
-49.2
-56.2
-54.2
-48.8
-59
-56.8
-55.2
-47
-58
-54.2
-53.8
-56
-49
-55.6
-56
-58.2
-57
-54.6
-51.8
-56.8
-53.4
-48
-52.8
-51
-47
-46.4
-55
-48.4
-54.6
-55.2
-53
-59.8
-56.4
-48.8
-49.6
-49.4
-49.4
-50.2
-51
-57
-52.8
-52
-58.8
-61.4
-53.8
-61
-51.6
-47.6
-50.8
-51.4
-54.6
-50
-48.4
-60
-57.8
-51.2
-55.2
-60
-51.6
-55.4
-53.6
-55.4
-46.4
-56.4
-51
-48.2
-51.8
-100.2
-52.8
-51
-48.4
-58.8
-53.6
-57.4
-51.8
-57
-57.6
-56.6
-49.2
-50.2
-52.8
-56
-47
-60.8
-50.6
-55.6
-51.8
-52.8
-50.6
-48
-51.8
-53.4
-54
-71.8
-53
-59.2
-50.2
-62.6
-54.4
-48.4
-53.8
-51.8
-60.4
-49.6
-54.2
-51.8
-53
-56.4
-58
-49.4
-50.4
-55.8
-56
-46.6
-51
-87
-59.2
-52.6
-54.8
-56
-49.2
-46.6
-56.2
-52.6
-52.8
-56.6
-58.8
-56
-49.4
-56
-55.4
-54.8
-57.6
-55.4
-52.2
-50.4
-74.2
-56.4
-50.6
-56.8
-52.4
-52
-50.4
-50
-49.2
-51.6
-56.8
-51
-46.8
-49.8
-46.4
-57.2
-57.2
-47.6
-52.8
-52.6
-53.2
-57
-51.6
-55.6
-49.2
-50.8
-55.8
-54.8
-48.8
-51.6
-57.6
-47
-51
-56.4
-49.4
-57.2
-55.2
-49.6
-52.8
-51.4
-52.4
-51.8
-53.8
-50.4
-52.4
-49
-51.8
-53.6
-58.2
-48.6
-75.2
-77
-49.4
-48.2
-57
-49.4
-50
-52.6
-47.4
-56.2
-53.6
-52.2
-56.8
-57
-50.2
-48
-74.6
-53.8
-53.4
-59.2
-52
-54.2
-48
-50.6
-58.4
-57.2
-52.4
-53.8
-51.8
-54.2
-54.2
-56.6
-53.2
-46.8
-53.4
-51.2
-52.6
-50.8
-55
-52
-45.6
-51
-53.4
-56.4
-50
-54.2
-51.8
-47.6
-52.6
-56.8
-70.8
-47.6
-53.6
-49.2
-52.2
-415.6
-68.2
-51.6
-51.6
-51.4
-53.8
-54.2
-59.8
-60.6
-82
-54.4
-50.4
-53.2
-53.2
-52.8
-52.4
-55.2
-57
-51.4
-60.2
-50.8
-54
-57
-59
-55.4
-84.4
-56.2
-57.6
-83
-78.4
-57.2
-48.6
-52.8
-46.4
-53.2
-59.8
-55.4
-50.4
-57.2
-53
-58
-53.4
-57
-47.4
-50.4
-49.4
-53.4
-82.8
-53
-49.2
-52.8
-50.6
-49.8
-57.6
-49.4
-51.2
-47.8
-49.4
-55
-52.6
-49.2
-54.8
-84.6
-55.2
-56.2
-58
-59.4
-52.4
-47
-50
-54.8
-50.6
-49
-50
-50.2
-58
-50.6
-75.6
-55.8
-70.4
-79.6
-55.6
-58.4
-51.6
-52.6
-57.6
-49.6
-55.2
-48.6
-51.2
-76.2
-52.8
-47.4
-49.6
-62.6
-53.6
-52.8
-53.2
-53.8
-55.4
-57.8
-47.6
-55.6
-56.2
-53.8
-52.8
-53.2
-53.6
-71.2
-73.6
-48.8
-52.8
-46.2
-51.8
-55.4
-48.8
-52.6
-54.8
-52.2
-50.6
-50.6
-464.8
-50
-50
-48.6
-51.8
-60.6
-54.4
-49.8
-50.6
-55
-47.4
-48
-56.8
-93.8
-53.2
-47.6
-50.6
-55.2
-90.8
-56.4
-46.4
-54.4
-54
-53.2
-53.8
-55.4
-49.6
-49.4
-50.4
-49.8
-73.2
-52
-53
-89
-51.4
-50.4
-49.4
-54
-53.2
-50.2
-53
-51.4
-58.6
-82.4
-53.2
-98.4
