agent: texplore
env: fuelworld
Environment is episodic.
set statesPerDim to 0 for all dim
feature 0 has range 20
feature 1 has range 30
feature 2 has range 61
reward range: 400
Parallel ETUCT tracking real state values
Planner using history size: 0
start parallel uct planning search thread
Start model learning thread
Created MultClass 0 with nModels: 5
Created C4.5 decision tree 0 with == and > splits
Created C4.5 decision tree 6 with == and > splits
Created C4.5 decision tree 12 with == and > splits
Created C4.5 decision tree 18 with == and > splits
Created C4.5 decision tree 24 with == and > splits
Created MultClass 3 with nModels: 5
Created C4.5 decision tree 3 with == and > splits
Created C4.5 decision tree 9 with == and > splits
Created C4.5 decision tree 15 with == and > splits
Created C4.5 decision tree 21 with == and > splits
Created C4.5 decision tree 27 with == and > splits
Created MultClass 4 with nModels: 5
Created C4.5 decision tree 4 with == and > splits
Created C4.5 decision tree 10 with == and > splits
Created C4.5 decision tree 16 with == and > splits
Created C4.5 decision tree 22 with == and > splits
Created C4.5 decision tree 28 with == and > splits
Created MultClass 1 with nModels: 5
Created C4.5 decision tree 1 with == and > splits
Created C4.5 decision tree 7 with == and > splits
Created C4.5 decision tree 13 with == and > splits
Created C4.5 decision tree 19 with == and > splits
Created C4.5 decision tree 25 with == and > splits
Created MultClass 2 with nModels: 5
Created C4.5 decision tree 2 with == and > splits
Created C4.5 decision tree 8 with == and > splits
Created C4.5 decision tree 14 with == and > splits
Created C4.5 decision tree 20 with == and > splits
Created C4.5 decision tree 26 with == and > splits
-418.6
-417.4
-419
-415.8
-419
-416
-740.4
-415.6
-418.2
-419.8
-417.4
-653
-419.8
-467.8
-418
-602.6
-468.2
-416.8
-418.8
-417.4
-416
-417
-417.4
-416.4
-417.4
-417.2
-649.4
-648.2
-546.2
-419.6
-420.2
-419.6
-461.8
-589.6
-422.8
-459
-419.2
-417.6
-420.8
-732.4
-420
-505.2
-547.6
-500.6
-509.6
-55.4
-552.4
-458.4
-545.2
-637
-507
-300.6
-261
-56.6
-464.2
-506.8
-747.6
-461.2
-465
-708.2
-190.4
-202.4
-66.8
-141
-507
-98.4
-60.2
-146.8
-546.4
-508
-99
-84.4
-170
-169.8
-94
-144.6
-84.2
-86.2
-88.4
-93.6
-98.6
-83.2
-100
-93.4
-91.4
-61.2
-59.6
-121
-51
-57
-415.6
-417.6
-89.2
-83.2
-79.4
-62.8
-141.6
-97.4
-92
-83.4
-94.6
-74.8
-57.4
-60.4
-56.2
-59.4
-54.2
-52
-47.8
-50.2
-58.4
-50.6
-88
-53.6
-69
-56
-54.4
-53.4
-54.4
-60.8
-50.8
-57.8
-52.4
-51.6
-57.4
-56
-131.6
-53.4
-56.6
-57.6
-50.6
-48.6
-54.2
-57.8
-53.2
-49.6
-50
-73.6
-50.6
-53.2
-59.8
-51.8
-53.8
-52
-51
-52.6
-53
-49.4
-55.4
-60
-54.6
-72.4
-59.6
-49.6
-52.6
-50
-55.2
-52.2
-56.4
-58.6
-51.6
-51.4
-51.4
-57
-57.2
-50.6
-53.8
-54
-62
-51.4
-52
-76.6
-50.8
-58.8
-55.2
-48.8
-52.4
-55.4
-51.6
-57
-52.2
-52.4
-51.4
-57.2
-53.4
-50.4
-49.8
-49.2
-50.6
-55.8
-52.4
-57
-50.6
-52
-49.4
-52.2
-50.4
-58.8
-58.8
-46.6
-71.4
-60.8
-52.2
-69.8
-54.4
-54.2
-48.4
-48.6
-52.6
-54
-57.8
-52.8
-415.2
-49.6
-50.8
-57
-83.6
-55
-52.4
-52
-55.4
-46.6
-52.4
-45.6
-48.6
-54.2
-52
-54.2
-54.4
-49.6
-49.2
-50.4
-51.6
-55
-53
-48
-57
-52
-57
-56.4
-51.6
-65.2
-53
-50
-50.4
-56.2
-57.2
-49.8
-52.8
-54.2
-69
-49.6
-66.4
-58.4
-52.2
-46.6
-53.8
-53.6
-45.8
-52
-54.4
-48
-48.6
-49
-53.4
-50
-49
-53
-73.6
-49.2
-52
-49
-49.2
-52.8
-50.4
-49.2
-53.6
-54
-77
-50
-52
-53
-59.2
-48.8
-50.4
-55.6
-45
-57.6
-47.8
-52.2
-52.2
-69.2
-50.2
-52
-53.4
-51.4
-70.2
-52.2
-47
-51.6
-55
-59.4
-50.4
-51.2
-51
-49.2
-56.6
-56.8
-55
-48.2
-78.6
-51
-51.2
-59.8
-90.4
-54
-50.2
-52.6
-54.4
-54.6
-60.6
-58.8
-56.6
-54
-50.6
-56
-51.4
-55.8
-54.6
-53.2
-57
-54.4
-49.4
-51.2
-50.4
-53.8
-53.4
-52.6
-52.6
-55
-53.6
-52.2
-55.8
-46.8
-77.6
-54.2
-52.6
-50.4
-51.4
-54
-51
-58
-50.4
-49.8
-53.2
-52
-48
-58.2
-48.4
-50.2
-49.8
-48
-49.2
-52.8
-49.4
-54.4
-49
-44.4
-45
-54.6
-48.6
-51.8
-51.4
-48.6
-48.6
-52.8
-56.8
-55.8
-47
-51.4
-48.8
-56.2
-51.8
-52
-50.2
-54
-54.2
-55.8
-53.2
-55.2
-56.6
-48.8
-46
-71.6
-46.4
-52.8
-78.4
-52.4
-50.4
-57.8
-52.8
-77.4
-55.4
-52.8
-50.2
-51.4
-67.4
-48.4
-53
-48.8
-51.2
-47.4
-70.8
-72.4
-51.4
-46.2
-56.2
-49
-53.2
-54.8
-55.4
-48.2
-50.8
-52.4
-50.4
-49
-54.2
-55.8
-49.8
-57
-51.4
-60.2
-49
-49.8
-45.6
-53
-46.6
-51.4
-52.6
-51
-56.4
-54.4
-68.2
-52.6
-55
-48
-57.6
-52.4
-51.6
-51.2
-58
-49.4
-50.4
-58.2
-68.4
-55.8
-54.6
-56
-51.4
-54.8
-47.6
-51.6
-52.8
-51.2
-52
-48
-52.8
-47.4
-50.8
-54.6
-53.8
-52.6
-60.2
-55.8
-55.2
-54.2
-51.2
-49.4
-49.8
-56.2
-54.8
-53.8
-48.2
-45.2
-56.8
-53
-50.8
-54.4
-57.6
-47.6
-51
-48
-50
-48
-54.6
-54.6
-55.6
-52.2
-52
-47.2
-49.4
-46
-46.6
-53.6
-55
-51.4
-70.6
-54
-53.4
-50
-47.8
-54.4
-51.6
-54.2
-48.4
-56.2
-56.4
-53.2
-51.6
-50
-51.4
-50.4
-76.4
-50.4
-47.6
-50.8
-49.2
-59.4
-50.8
-46.6
-49.8
-46.2
-54.4
-53
-51.4
-54.8
-70.6
-50.4
-55.8
-50.4
-49.8
-50.4
-52.4
-45
-48
-53.2
-75.4
-53.8
-51
-53.6
-53.8
-76
-54
-50.8
-49.8
-46.2
-48.6
-48.4
-60.2
-46.2
-52
-50
-51.2
-53.4
-48
-51.6
-56.6
-78
-54.8
-51.4
-54.8
-53.2
-46.6
-58.6
-49.6
-52.8
-53.2
-84.8
-57.6
-49.4
-50.8
-57.4
-50.4
-47.8
-52.6
-54.2
-47.8
-49.2
-53.2
-47.8
-56.6
-48.8
-54
-56.8
-51.8
-57.6
-52.2
-54.4
-53.8
-51
-53
-54.6
-72.6
-65.6
-50
-50.6
-82.2
-48.4
-53.2
-49.4
-51
-55
-52.8
-49.4
-59.8
-51.8
-56.6
-54.2
-51.6
-52.4
-53.2
-73.6
-61.6
-47.8
-49.4
-55.8
-50.2
-53
-52.2
-52.8
-51
-55.6
-51.6
-71.8
-51
-52.4
-53.2
-55.8
-53.4
-51.6
-53
-53.4
-54.6
-52.4
-56.2
-53.4
-52.8
-49.2
-53.4
-74
-50.2
-51
-51.4
-51.6
-53.8
-53.4
-50.4
-52.2
-57.4
-47.6
-53.2
-52
-52.4
-48.6
-56.6
-51
-52.8
-46.8
-47.8
-51.8
-53.4
-51.4
-56.8
-58.2
-50.2
-66.6
-52.8
-49.2
-54.6
-47
-51.2
-50.6
-49.6
-52.8
-82.6
-55.2
-51.4
-48.4
-56.4
-48
-46.6
-53.8
-48
-58
-54.8
-50.6
-52.2
-51
-51.6
-48.2
-53.8
-54.4
-51.2
-51
-53.8
-48
-51.2
-53.4
-54.8
-50.2
-50.4
-55.8
-48.4
-51.8
-51.6
-52.6
-50.2
-46.8
-49.2
-53.4
-54
-53
-49
-53
-58.6
-54.8
-48.4
-50
-54.8
-53.8
-51.2
-50.4
-55.2
-57.6
-50.4
-49
-49
-51
-51
-49
-50.8
-53.8
-52.6
-53.6
-50.6
-49
-49
-51.8
-54
-46.6
-50.6
-49.2
-49.2
-50.6
-49.6
-48
-47.6
-53
-44.6
-50.6
-58.4
-47.4
-45.8
-48
-51
-52.4
-48.6
-47.6
-47.6
-49
-56.8
-51.6
-52.4
-54.8
-53.8
-52.2
-52.4
-56.6
-47.4
-51.2
-50
-50
-49.4
-57.4
-53.2
-49.6
-49.8
-49.8
-48
-49.2
-51.8
-49.2
-58.2
-48.4
-56.4
-49.2
-51.4
-58.4
-50.2
-48.4
-77
-47
-46.6
-53.4
-52.2
-52.6
-50.4
-74.6
-52.4
-53.6
-48
-49.6
-51
-47.4
-52.4
-48.2
-49.4
-49.4
-48
-53.8
-48.8
-57.8
-49.8
-49.4
-51.6
-47.8
-56.8
-55
-50.6
-53.6
-53.8
-53.6
-53.2
-50.6
-54
-50
-78.8
-56.6
-52.2
-50.6
-49.6
-51.4
-49.2
-52.8
-47.2
-51.4
-50.6
-55
-57.6
-53.2
-54
-73
-54
-49.6
-55.4
-51.6
-52.2
-51.6
-51
-56.8
-48
-52.2
-51.2
-49.8
-54.4
-56.6
-53.4
-51.8
-50
-70.6
-55.4
-51.4
-51.2
-50.2
-56
-49
-53.2
-47.8
-55
-51
-57.8
-50
-49.4
-47.6
-50.6
-49.4
-53.6
-48.4
-51
-52.4
-52.2
-54.6
-53.4
-73.6
-52.4
-53
-77.2
-48.4
-50.4
-58.4
-77
-53
-50.6
-52.2
-55.2
-48.4
-53.8
-54.6
-54.8
-48.6
-52.8
-57.8
-74.8
-72.2
-50.4
-52.6
-57.2
-51.4
-55.8
-54.4
-49.2
-57.4
-53.8
-47.4
-76
-70.4
-47.6
-81.2
-47.4
-47.4
-52
-55.2
-51.8
-49.6
-56.6
-52.8
-51.6
-50.6
-49.8
-49.2
-50.6
-128.8
-54.4
-57.6
-57.4
-57.4
-78.2
-66.6
-59.6
-52.6
-54.6
-51
-57
-49.4
-52.8
-53.4
-47.2
-49.6
-52.8
-56.4
-67.6
-56.8
-51.6
-52.8
-53.2
-53
-51.8
-48
-49.2
-49.4
-50.2
-51.2
-52
-56.8
-54.6
-52.4
-51.4
-57.4
-48.8
-52.6
-51.8
-47
-49
-55.6
-50.2
-69.2
-52.8
-48
-53.4
-47.8
-50
-50.6
-50.8
-57
-46
-49
-50
-52.4
-51
-54.8
