agent: texplore
env: asterix
model: M5 Tree
Environment is episodic.
set statesPerDim to 0 for all dim
feature 0 has range 30
feature 1 has range 30
feature 2 has range 30
reward range: 1001
Parallel ETUCT tracking real state values
Planner using history size: 0
Start model learning thread
start parallel uct planning search thread
Created MultClass 0 with nModels: 5
Created m5 decision tree 0 multivariate regression (all feats) MIN_SDR: 0.003
Created m5 decision tree 6 multivariate regression (all feats) MIN_SDR: 0.003
Created m5 decision tree 12 multivariate regression (all feats) MIN_SDR: 0.003
Created m5 decision tree 18 multivariate regression (all feats) MIN_SDR: 0.003
Created m5 decision tree 24 multivariate regression (all feats) MIN_SDR: 0.003
Created MultClass 3 with nModels: 5
Created m5 decision tree 3 multivariate regression (all feats) MIN_SDR: 0.1001
Created m5 decision tree 9 multivariate regression (all feats) MIN_SDR: 0.1001
Created m5 decision tree 15 multivariate regression (all feats) MIN_SDR: 0.1001
Created m5 decision tree 21 multivariate regression (all feats) MIN_SDR: 0.1001
Created m5 decision tree 27 multivariate regression (all feats) MIN_SDR: 0.1001
Created MultClass 4 with nModels: 5
Created m5 decision tree 4 multivariate regression (all feats) MIN_SDR: 0.0001
Created m5 decision tree 10 multivariate regression (all feats) MIN_SDR: 0.0001
Created m5 decision tree 16 multivariate regression (all feats) MIN_SDR: 0.0001
Created m5 decision tree 22 multivariate regression (all feats) MIN_SDR: 0.0001
Created m5 decision tree 28 multivariate regression (all feats) MIN_SDR: 0.0001
Created MultClass 1 with nModels: 5
Created m5 decision tree 1 multivariate regression (all feats) MIN_SDR: 0.003
Created m5 decision tree 7 multivariate regression (all feats) MIN_SDR: 0.003
Created m5 decision tree 13 multivariate regression (all feats) MIN_SDR: 0.003
Created m5 decision tree 19 multivariate regression (all feats) MIN_SDR: 0.003
Created m5 decision tree 25 multivariate regression (all feats) MIN_SDR: 0.003
Created MultClass 2 with nModels: 5
Created m5 decision tree 2 multivariate regression (all feats) MIN_SDR: 0.003
Created m5 decision tree 8 multivariate regression (all feats) MIN_SDR: 0.003
Created m5 decision tree 14 multivariate regression (all feats) MIN_SDR: 0.003
Created m5 decision tree 20 multivariate regression (all feats) MIN_SDR: 0.003
Created m5 decision tree 26 multivariate regression (all feats) MIN_SDR: 0.003
-981
-993
-996
-996
-994
-977
-991
-996
-996
-994
-995
-992
-994
-979
-993
-997
-995
-995
-995
-992
-993
-996
-990
-994
-994
-994
-994
-995
-995
-992
-995
-996
-990
-995
-996
-994
-996
-991
-990
-994
-994
-993
-994
-994
-994
-994
-994
-995
-994
-995
-994
-991
-991
-991
-995
-991
-994
-995
-992
-994
-996
-995
-994
-994
-994
-991
-992
-992
-994
-992
-994
-994
-996
-994
-995
-996
-994
-994
-992
-989
-993
-992
-996
-995
-994
-995
-997
-994
-994
-995
-994
-993
-992
-995
-993
-980
-995
-997
-995
-994
-995
-994
-994
-995
-995
-995
-995
-993
-996
-995
-994
-992
-990
-994
-996
-989
-991
-994
-996
-994
-994
-995
-992
-992
-994
-995
-994
-992
-996
-994
-994
-994
-991
-995
-995
-995
-994
-994
-982
-993
-993
-992
-995
-994
-981
-993
-982
-995
-994
-993
-994
-981
-992
-995
-980
-994
-994
-994
-994
-994
-966
-982
-994
-983
-995
-990
-993
-980
-994
-994
-980
-994
-993
-980
-994
-994
-994
-995
-994
-994
-994
-994
-994
-994
-994
-994
-994
-994
-995
-991
-991
-994
-995
-983
-995
-990
-992
-991
-992
-995
-996
-993
-994
-994
-994
-994
-996
-994
-993
-994
-995
-994
-994
-995
-995
-995
-994
-994
-970
-982
-979
-991
-994
-994
-994
-992
-994
-994
-994
-993
-994
-994
-994
-993
-994
-994
-974
-994
-996
-994
-980
-994
-976
-994
-994
-992
-994
-995
-992
-995
-995
-995
-995
-994
-995
-995
-995
-994
-971
-995
-995
-995
-995
-995
-995
-995
-995
-994
-995
-995
-994
-994
-994
-995
-995
-994
-995
-994
-995
-994
-994
-994
-994
-994
-995
-994
-994
-994
-994
-994
-994
-994
-994
-994
-994
-994
-994
-994
-995
-994
-995
-994
-995
-979
-995
-994
-995
-994
-995
-994
-995
-994
-995
-995
-995
-995
-995
-995
-995
-995
-993
-993
-993
-995
-995
-995
-993
-995
-974
-995
-994
-995
-992
-992
-995
-991
-995
-994
-994
-994
-994
-995
-995
-994
-995
-994
-995
-995
-995
-993
-994
-994
-992
-994
-992
-994
-993
-995
-993
-992
-993
-994
-994
-994
-994
-995
-994
-995
-994
-994
-995
-981
-993
-971
-994
-994
-994
-980
-995
-979
-993
-993
-995
-993
-994
-979
-994
-994
-989
-995
-995
-993
-994
-977
-995
-995
-995
-995
-964
-994
-993
-993
-993
-992
-993
-994
-993
-995
-993
-993
-965
-995
-993
-995
-995
-994
-995
-994
-994
-994
-995
-994
-993
-980
-993
-962
-994
-993
-994
-993
-980
-994
-994
-994
-994
-994
-994
-994
-994
-994
-994
-993
-994
-993
-994
-993
-994
-993
-993
-993
-967
-993
-993
-994
-980
-979
-994
-977
-980
-979
-994
-996
-994
-993
-994
-993
-993
-993
-994
-993
-994
-993
-993
-994
-993
-993
-993
-995
-993
-995
-993
-995
-993
-995
-994
-995
-994
-993
-994
-993
-995
-994
-993
-995
-994
-993
-995
-994
-995
-994
-995
-994
-993
-993
-995
-993
-995
-993
-995
-980
-993
-995
-993
-995
-993
-995
-993
-993
-993
-995
-993
-995
-993
-993
-993
-993
-995
-993
-995
-993
-993
-993
-993
-993
-995
-993
-993
-993
-993
-993
-993
-978
-979
-996
-954
-955
-980
-967
-977
-981
-995
-981
-995
-995
-995
-995
-995
-995
-973
-995
-995
-981
-995
-995
-995
-995
-995
-995
-995
-995
-981
-995
-995
-995
-995
-995
-971
-981
-995
-980
-952
-970
-978
-978
-983
-979
-977
-980
-993
-977
-980
-980
-980
-980
-981
-967
-981
-995
-981
-925
-977
-979
-980
-979
-953
-994
-979
-980
-995
-995
-995
-995
-980
-995
-995
-995
-963
-995
-967
-980
-995
-989
-989
-990
-984
-980
-976
-982
-980
-995
-990
-995
-990
-989
-981
-990
-991
-952
-976
-977
-990
-990
-971
-971
-968
-981
-994
-978
-995
-994
-981
-995
-980
-979
-978
-978
-979
-970
-970
-973
-979
-993
-993
-993
-993
-993
-993
-993
-993
-993
-993
-993
-993
-993
-993
-993
-993
-995
-993
-995
-993
-995
-993
-995
-993
-995
-993
-995
-993
-993
-995
-993
-995
-993
-995
-993
-995
-993
-995
-993
-995
-993
-995
-993
-995
-993
-995
-993
-995
-993
-995
-993
-995
-993
-995
-993
-995
-993
-995
-993
-995
-995
-995
-995
-995
-995
-995
-995
-995
-995
-995
-995
-995
-993
-995
-993
-995
-993
-995
-993
-995
-993
-995
-995
-995
-995
-995
-995
-995
-993
-995
-995
-995
-995
-995
-993
-995
-995
-995
-995
-995
-995
-995
-995
-995
-995
-993
-995
-993
-995
-993
-995
-993
-995
-993
-995
-993
-995
-993
-995
-993
-995
-993
-995
-993
-995
-993
-995
-993
-995
-969
-995
-967
-993
-995
-993
-995
-993
-995
-994
-995
-994
-995
-994
-995
-994
-995
-994
-995
-994
-995
-994
-995
-994
-995
-994
-995
-994
-995
-994
-995
-994
-995
-994
-995
-994
-995
-994
-995
-994
-995
-994
-995
-994
-995
-994
-995
-994
-995
-994
-995
-994
-995
-994
-995
-994
-995
-994
-995
-994
-995
-994
-995
-994
-995
-994
-995
-994
-995
-994
-995
-994
-995
-994
-995
-994
-995
-994
-995
-994
-995
-994
-995
-994
-995
-994
-995
-994
-995
-994
-995
-994
-995
-994
-995
-994
-995
-994
-995
-994
-995
-994
-995
-994
-995
-994
-995
-994
-995
-994
-995
-994
-995
-994
-995
-994
-995
-994
-995
-994
-995
-994
-995
-994
-995
-994
-995
-994
-995
-994
-995
-994
-995
-994
-995
-994
-995
-994
-995
-994
-995
-994
-995
-994
-995
-994
-995
-994
-995
-994
-995
-994
-995
-994
-995
-994
-995
-994
-995
-994
-995
-994
-995
-994
-995
-994
-995
-994
-995
-994
-995
-994
-995
-994
-995
-994
-995
-994
-995
-994
-995
-994
-995
-994
-995
-994
-995
-994
-995
-994
-995
-994
-995
-994
-995
-994
-995
-994
-995
-994
-995
-994
-995
-994
-995
-994
-994
-995
-993
-995
