agent: texplore
env: asterix
model: M5 Tree
Environment is episodic.
set statesPerDim to 0 for all dim
feature 0 has range 30
feature 1 has range 30
feature 2 has range 30
reward range: 1001
Parallel ETUCT tracking real state values
Planner using history size: 0
Start model learning thread
start parallel uct planning search thread
Created MultClass 0 with nModels: 5
Created m5 decision tree 0 multivariate regression (all feats) MIN_SDR: 0.003
Created m5 decision tree 6 multivariate regression (all feats) MIN_SDR: 0.003
Created m5 decision tree 12 multivariate regression (all feats) MIN_SDR: 0.003
Created m5 decision tree 18 multivariate regression (all feats) MIN_SDR: 0.003
Created m5 decision tree 24 multivariate regression (all feats) MIN_SDR: 0.003
Created MultClass 3 with nModels: 5
Created m5 decision tree 3 multivariate regression (all feats) MIN_SDR: 0.1001
Created m5 decision tree 9 multivariate regression (all feats) MIN_SDR: 0.1001
Created m5 decision tree 15 multivariate regression (all feats) MIN_SDR: 0.1001
Created m5 decision tree 21 multivariate regression (all feats) MIN_SDR: 0.1001
Created m5 decision tree 27 multivariate regression (all feats) MIN_SDR: 0.1001
Created MultClass 4 with nModels: 5
Created m5 decision tree 4 multivariate regression (all feats) MIN_SDR: 0.0001
Created m5 decision tree 10 multivariate regression (all feats) MIN_SDR: 0.0001
Created m5 decision tree 16 multivariate regression (all feats) MIN_SDR: 0.0001
Created m5 decision tree 22 multivariate regression (all feats) MIN_SDR: 0.0001
Created m5 decision tree 28 multivariate regression (all feats) MIN_SDR: 0.0001
Created MultClass 1 with nModels: 5
Created m5 decision tree 1 multivariate regression (all feats) MIN_SDR: 0.003
Created m5 decision tree 7 multivariate regression (all feats) MIN_SDR: 0.003
Created m5 decision tree 13 multivariate regression (all feats) MIN_SDR: 0.003
Created m5 decision tree 19 multivariate regression (all feats) MIN_SDR: 0.003
Created m5 decision tree 25 multivariate regression (all feats) MIN_SDR: 0.003
Created MultClass 2 with nModels: 5
Created m5 decision tree 2 multivariate regression (all feats) MIN_SDR: 0.003
Created m5 decision tree 8 multivariate regression (all feats) MIN_SDR: 0.003
Created m5 decision tree 14 multivariate regression (all feats) MIN_SDR: 0.003
Created m5 decision tree 20 multivariate regression (all feats) MIN_SDR: 0.003
Created m5 decision tree 26 multivariate regression (all feats) MIN_SDR: 0.003
-995
-994
-994
-996
-993
-986
-991
-993
-993
-995
-978
-996
-994
-995
-994
-994
-996
-992
-996
-994
-993
-995
-976
-993
-995
-993
-993
-994
-993
-996
-996
-993
-994
-996
-994
-994
-995
-994
-994
-993
-994
-993
-993
-993
-995
-997
-993
-995
-993
-981
-995
-995
-995
-993
-993
-995
-995
-994
-995
-993
-995
-993
-989
-980
-994
-993
-993
-995
-996
-992
-993
-996
-995
-995
-996
-995
-996
-981
-995
-990
-991
-994
-990
-994
-991
-994
-994
-994
-994
-993
-993
-992
-994
-995
-993
-995
-995
-992
-993
-992
-993
-993
-993
-993
-994
-993
-993
-994
-981
-994
-993
-993
-993
-993
-994
-994
-995
-989
-995
-993
-992
-994
-995
-997
-997
-997
-997
-993
-995
-996
-995
-995
-995
-994
-994
-995
-994
-995
-994
-993
-996
-995
-993
-994
-994
-995
-994
-995
-995
-994
-995
-994
-995
-994
-994
-994
-982
-982
-993
-994
-994
-993
-995
-994
-995
-995
-995
-995
-994
-991
-994
-989
-992
-994
-993
-990
-993
-982
-994
-994
-993
-994
-994
-992
-993
-993
-993
-996
-993
-993
-993
-993
-996
-993
-995
-993
-996
-995
-993
-995
-993
-993
-993
-994
-993
-994
-993
-993
-994
-995
-995
-995
-995
-993
-995
-995
-995
-995
-995
-995
-995
-995
-996
-996
-996
-996
-995
-995
-995
-995
-994
-995
-995
-995
-994
-994
-995
-994
-995
-995
-995
-995
-994
-993
-995
-995
-994
-994
-995
-994
-995
-994
-995
-994
-994
-994
-994
-996
-993
-993
-994
-994
-993
-994
-994
-994
-993
-993
-993
-992
-994
-996
-994
-994
-995
-994
-994
-995
-995
-995
-995
-995
-994
-993
-995
-995
-994
-994
-993
-994
-994
-995
-996
-993
-994
-994
-995
-993
-994
-995
-994
-993
-996
-996
-995
-996
-993
-993
-991
-996
-994
-994
-995
-994
-994
-996
-996
-994
-992
-993
-994
-994
-994
-994
-994
-993
-994
-996
-996
-994
-996
-996
-996
-996
-994
-996
-994
-994
-994
-994
-993
-995
-994
-983
-992
-994
-994
-994
-994
-994
-994
-994
-994
-994
-994
-983
-994
-995
-994
-978
-994
-994
-994
-994
-995
-996
-994
-981
-992
-996
-992
-994
-981
-996
-996
-995
-994
-985
-960
-996
-992
-993
-993
-993
-983
-989
-982
-993
-993
-993
-993
-995
-989
-992
-992
-982
-992
-980
-992
-993
-995
-991
-992
-995
-989
-971
-995
-983
-991
-981
-989
-991
-984
-989
-989
-990
-993
-993
-993
-993
-993
-992
-993
-993
-995
-995
-995
-995
-995
-995
-995
-993
-995
-993
-995
-991
-995
-995
-990
-995
-990
-995
-990
-995
-990
-990
-995
-991
-995
-994
-992
-995
-995
-995
-995
-994
-991
-981
-976
-993
-983
-993
-996
-994
-994
-994
-995
-996
-995
-996
-993
-995
-994
-994
-991
-996
-994
-995
-994
-997
-994
-997
-994
-996
-994
-996
-994
-996
-995
-978
-994
-994
-994
-996
-993
-997
-992
-986
-992
-993
-996
-996
-992
-994
-994
-993
-994
-993
-993
-994
-993
-995
-980
-993
-994
-994
-995
-994
-994
-995
-995
-995
-993
-994
-995
-994
-996
-994
-996
-994
-996
-994
-995
-995
-995
-995
-993
-993
-993
-994
-993
-993
-994
-993
-995
-994
-991
-979
-995
-990
-995
-992
-990
-992
-992
-982
-977
-980
-980
-990
-994
-995
-994
-994
-993
-993
-993
-993
-993
-993
-992
-994
-994
-994
-992
-994
-992
-993
-992
-990
-992
-995
-992
-995
-992
-996
-992
-996
-994
-992
-994
-994
-993
-994
-994
-993
-994
-994
-996
-994
-996
-995
-994
-996
-993
-994
-995
-994
-994
-993
-994
-993
-994
-993
-995
-992
-994
-992
-995
-992
-996
-990
-977
-992
-992
-995
-992
-995
-992
-995
-992
-980
-994
-991
-990
-996
-993
-992
-990
-989
-991
-994
-994
-993
-993
-992
-994
-994
-994
-994
-994
-994
-994
-994
-994
-994
-994
-994
-994
-994
-993
-995
-995
-993
-993
-994
-993
-994
-994
-991
-991
-991
-994
-994
-993
-995
-995
-995
-995
-995
-995
-995
-995
-995
-995
-993
-993
-993
-993
-993
-994
-994
-995
-994
-994
-994
-994
-995
-995
-995
-995
-995
-995
-995
-994
-994
-994
-995
-995
-995
-995
-995
-995
-995
-995
-995
-995
-991
-993
-993
-994
-995
-995
-993
-991
-995
-994
-995
-994
-995
-995
-994
-995
-994
-995
-994
-995
-994
-995
-994
-995
-995
-995
-995
-995
-995
-993
-994
-994
-994
-991
-989
-995
-995
-994
-989
-995
-993
-995
-995
-995
-993
-994
-995
-995
-995
-995
-995
-994
-995
-995
-995
-995
-995
-994
-995
-994
-996
-995
-995
-995
-995
-995
-995
-995
-995
-994
-996
-995
-994
-995
-995
-994
-994
-996
-991
-995
-991
-991
-991
-991
-995
-995
-994
-995
-995
-991
-995
-994
-993
-993
-994
-993
-993
-993
-993
-995
-991
-993
-993
-993
-991
-991
-992
-992
-992
-992
-994
-988
-989
-994
-989
-994
-994
-994
-994
-991
-995
-994
-989
-991
-994
-995
-994
-993
-989
-976
-968
-994
-995
-995
-992
-993
-993
-989
-993
-988
-995
-979
-992
-994
-994
-992
-994
-994
-992
-994
-994
-992
-994
-992
-990
-993
-993
-993
-979
-978
-991
-982
-984
-990
-985
-994
-991
-984
-984
-991
-957
-982
-989
-989
-983
-993
-989
-989
-989
-979
-995
-994
-994
-989
-985
-989
-987
-994
-994
-993
-991
-972
-993
-988
-985
-989
-991
-991
-991
-988
-993
-991
-991
-991
-991
-991
-991
-991
-991
-992
-991
-991
-949
-989
-994
-991
-989
-994
-991
-991
-991
-994
-994
-976
-986
-991
-987
-994
-987
-994
-987
-991
-988
-988
-988
-988
-988
-994
-992
-988
-994
-987
-994
-991
-991
-991
-994
-962
-994
-977
-994
-994
-994
-994
-987
-982
-987
-994
-977
-989
-989
-977
-984
-989
-994
-954
-989
-994
-980
-989
-994
-989
-984
-989
-984
-989
-995
-995
-995
-995
-995
-978
-990
