agent: texplore
env: asterix
model: M5 Tree
Environment is episodic.
set statesPerDim to 0 for all dim
feature 0 has range 30
feature 1 has range 30
feature 2 has range 30
reward range: 1001
Parallel ETUCT tracking real state values
Planner using history size: 0
Start model learning thread
start parallel uct planning search thread
Created MultClass 0 with nModels: 5
Created m5 decision tree 0 multivariate regression (all feats) MIN_SDR: 0.003
Created m5 decision tree 6 multivariate regression (all feats) MIN_SDR: 0.003
Created m5 decision tree 12 multivariate regression (all feats) MIN_SDR: 0.003
Created m5 decision tree 18 multivariate regression (all feats) MIN_SDR: 0.003
Created m5 decision tree 24 multivariate regression (all feats) MIN_SDR: 0.003
Created MultClass 3 with nModels: 5
Created m5 decision tree 3 multivariate regression (all feats) MIN_SDR: 0.1001
Created m5 decision tree 9 multivariate regression (all feats) MIN_SDR: 0.1001
Created m5 decision tree 15 multivariate regression (all feats) MIN_SDR: 0.1001
Created m5 decision tree 21 multivariate regression (all feats) MIN_SDR: 0.1001
Created m5 decision tree 27 multivariate regression (all feats) MIN_SDR: 0.1001
Created MultClass 4 with nModels: 5
Created m5 decision tree 4 multivariate regression (all feats) MIN_SDR: 0.0001
Created m5 decision tree 10 multivariate regression (all feats) MIN_SDR: 0.0001
Created m5 decision tree 16 multivariate regression (all feats) MIN_SDR: 0.0001
Created m5 decision tree 22 multivariate regression (all feats) MIN_SDR: 0.0001
Created m5 decision tree 28 multivariate regression (all feats) MIN_SDR: 0.0001
Created MultClass 1 with nModels: 5
Created m5 decision tree 1 multivariate regression (all feats) MIN_SDR: 0.003
Created m5 decision tree 7 multivariate regression (all feats) MIN_SDR: 0.003
Created m5 decision tree 13 multivariate regression (all feats) MIN_SDR: 0.003
Created m5 decision tree 19 multivariate regression (all feats) MIN_SDR: 0.003
Created m5 decision tree 25 multivariate regression (all feats) MIN_SDR: 0.003
Created MultClass 2 with nModels: 5
Created m5 decision tree 2 multivariate regression (all feats) MIN_SDR: 0.003
Created m5 decision tree 8 multivariate regression (all feats) MIN_SDR: 0.003
Created m5 decision tree 14 multivariate regression (all feats) MIN_SDR: 0.003
Created m5 decision tree 20 multivariate regression (all feats) MIN_SDR: 0.003
Created m5 decision tree 26 multivariate regression (all feats) MIN_SDR: 0.003
-994
-994
-994
-992
-997
-997
-994
-994
-995
-978
-995
-996
-991
-995
-992
-973
-997
-981
-994
-996
-982
-994
-997
-994
-995
-994
-994
-994
-995
-995
-994
-996
-995
-994
-994
-995
-996
-996
-996
-996
-996
-994
-994
-994
-995
-993
-995
-996
-995
-994
-993
-996
-994
-996
-995
-993
-996
-994
-993
-994
-994
-990
-995
-990
-994
-993
-994
-993
-996
-994
-994
-994
-994
-994
-994
-994
-994
-996
-994
-994
-993
-994
-994
-993
-995
-995
-995
-995
-994
-993
-993
-994
-993
-996
-993
-994
-994
-996
-994
-996
-995
-995
-993
-994
-994
-994
-996
-994
-993
-993
-989
-993
-994
-992
-989
-993
-994
-990
-993
-994
-994
-994
-994
-994
-994
-994
-994
-993
-993
-995
-995
-995
-995
-996
-993
-995
-995
-996
-995
-996
-993
-995
-995
-995
-995
-995
-995
-995
-995
-995
-994
-990
-993
-996
-993
-996
-995
-993
-995
-996
-995
-995
-995
-995
-995
-995
-995
-995
-995
-993
-995
-995
-995
-995
-995
-996
-995
-996
-995
-996
-995
-995
-994
-995
-994
-996
-993
-995
-994
-993
-989
-994
-990
-993
-994
-996
-983
-992
-994
-993
-995
-976
-996
-996
-995
-992
-994
-994
-995
-996
-994
-994
-993
-993
-995
-995
-995
-995
-993
-995
-993
-993
-995
-993
-993
-993
-993
-993
-993
-994
-996
-996
-990
-993
-993
-993
-993
-995
-993
-993
-994
-993
-995
-994
-995
-993
-994
-993
-995
-994
-996
-993
-995
-994
-994
-994
-994
-994
-994
-993
-994
-994
-994
-995
-995
-992
-993
-996
-994
-994
-994
-994
-995
-995
-993
-994
-994
-994
-994
-994
-994
-994
-994
-995
-995
-995
-995
-995
-992
-995
-995
-995
-995
-995
-995
-995
-995
-995
-995
-996
-995
-994
-995
-994
-995
-996
-992
-996
-992
-996
-982
-995
-996
-991
-995
-996
-990
-995
-994
-993
-995
-994
-993
-995
-994
-993
-989
-995
-994
-995
-994
-995
-994
-995
-995
-995
-995
-995
-996
-987
-995
-995
-995
-996
-990
-995
-995
-994
-994
-995
-994
-995
-995
-995
-995
-995
-995
-994
-994
-994
-994
-995
-995
-995
-995
-995
-995
-995
-996
-989
-991
-995
-996
-988
-995
-996
-996
-996
-996
-987
-989
-988
-989
-988
-995
-990
-995
-996
-988
-995
-996
-989
-995
-996
-990
-995
-996
-988
-991
-995
-994
-995
-993
-991
-994
-995
-994
-995
-994
-995
-995
-995
-995
-994
-995
-995
-995
-995
-995
-995
-995
-995
-996
-945
-986
-995
-996
-973
-973
-975
-984
-973
-990
-996
-990
-996
-986
-995
-996
-990
-990
-990
-990
-990
-995
-993
-993
-995
-996
-990
-995
-993
-993
-993
-993
-993
-995
-995
-993
-994
-995
-995
-995
-995
-995
-996
-945
-995
-995
-993
-993
-995
-995
-995
-995
-995
-995
-995
-995
-995
-995
-995
-995
-995
-995
-995
-995
-995
-996
-990
-995
-995
-995
-995
-995
-993
-995
-993
-994
-990
-995
-995
-995
-996
-982
-995
-995
-993
-994
-995
-993
-994
-995
-995
-994
-995
-993
-994
-995
-993
-994
-995
-995
-993
-993
-993
-993
-993
-993
-994
-995
-993
-994
-995
-995
-993
-997
-994
-995
-994
-995
-994
-995
-995
-995
-995
-995
-994
-995
-994
-995
-993
-994
-995
-993
-994
-995
-993
-994
-995
-993
-994
-995
-995
-995
-995
-995
-995
-995
-994
-995
-994
-995
-995
-995
-995
-995
-995
-995
-994
-995
-994
-995
-994
-995
-994
-995
-994
-995
-994
-995
-994
-995
-994
-995
-994
-995
-993
-994
-995
-995
-995
-995
-995
-995
-995
-995
-995
-994
-995
-994
-995
-994
-995
-993
-994
-995
-993
-994
-994
-994
-994
-994
-994
-994
-994
-994
-994
-994
-994
-994
-994
-994
-993
-994
-995
-995
-995
-995
-995
-995
-994
-994
-994
-994
-994
-994
-994
-993
-995
-993
-994
-995
-993
-994
-995
-994
-993
-994
-995
-993
-994
-995
-993
-995
-994
-994
-994
-994
-994
-993
-995
-994
-993
-997
-997
-994
-995
-993
-994
-995
-993
-994
-995
-993
-994
-995
-993
-994
-995
-993
-994
-995
-993
-994
-995
-994
-995
-993
-995
-995
-993
-995
-993
-994
-995
-995
-993
-994
-993
-997
-997
-997
-997
-997
-997
-997
-997
-997
-997
-997
-997
-997
-997
-997
-997
-997
-997
-997
-997
-997
-997
-997
-993
-997
-994
-995
-990
-993
-997
-997
-997
-997
-997
-997
-997
-997
-997
-997
-997
-997
-997
-997
-997
-997
-997
-997
-997
-997
-997
-997
-997
-997
-997
-997
-997
-997
-997
-997
-993
-993
-993
-993
-993
-993
-993
-993
-993
-993
-993
-993
-993
-993
-993
-993
-993
-993
-993
-993
-993
-993
-993
-993
-993
-993
-993
-993
-993
-993
-993
-993
-993
-993
-993
-993
-993
-993
-993
-993
-993
-993
-993
-993
-993
-993
-993
-993
-993
-993
-993
-993
-993
-993
-993
-993
-993
-993
-993
-993
-993
-993
-993
-993
-993
-993
-993
-993
-993
-993
-993
-993
-993
-993
-993
-993
-993
-993
-993
-993
-993
-993
-993
-993
-993
-993
-993
-995
-990
-993
-993
-993
-993
-993
-994
-990
-990
-991
-991
-990
-990
-990
-990
-990
-990
-990
-990
-990
-991
-990
-990
-990
-990
-990
-990
-990
-990
-990
-990
-990
-990
-990
-990
-990
-990
-990
-990
-990
-990
-990
-990
-990
-990
-990
-991
-991
-990
-990
-990
-991
-990
-990
-990
-990
-990
-990
-990
-990
-990
-990
-990
-990
-990
-990
-990
-990
-990
-990
-990
-990
-990
-990
-990
-990
-990
-990
-990
-990
-990
-990
-990
-990
-990
-990
-990
-990
-990
-990
-990
-990
-990
-990
-990
-990
-990
-990
-990
-990
-990
-990
-990
-990
-990
-990
-990
-990
-990
-990
-990
-990
-990
-990
-990
-990
-990
-990
-990
-990
-990
-990
-990
-990
-990
-990
-990
-990
-990
-990
-990
-990
-990
-990
-990
-990
-990
-990
-990
-990
-990
-990
-990
