agent: texplore
env: asterix
model: M5 Tree
Environment is episodic.
set statesPerDim to 0 for all dim
feature 0 has range 30
feature 1 has range 30
feature 2 has range 30
reward range: 1001
Parallel ETUCT tracking real state values
Planner using history size: 0
start parallel uct planning search thread
Start model learning thread
Created MultClass 0 with nModels: 5
Created m5 decision tree 0 multivariate regression (all feats) MIN_SDR: 0.003
Created m5 decision tree 6 multivariate regression (all feats) MIN_SDR: 0.003
Created m5 decision tree 12 multivariate regression (all feats) MIN_SDR: 0.003
Created m5 decision tree 18 multivariate regression (all feats) MIN_SDR: 0.003
Created m5 decision tree 24 multivariate regression (all feats) MIN_SDR: 0.003
Created MultClass 3 with nModels: 5
Created m5 decision tree 3 multivariate regression (all feats) MIN_SDR: 0.1001
Created m5 decision tree 9 multivariate regression (all feats) MIN_SDR: 0.1001
Created m5 decision tree 15 multivariate regression (all feats) MIN_SDR: 0.1001
Created m5 decision tree 21 multivariate regression (all feats) MIN_SDR: 0.1001
Created m5 decision tree 27 multivariate regression (all feats) MIN_SDR: 0.1001
Created MultClass 4 with nModels: 5
Created m5 decision tree 4 multivariate regression (all feats) MIN_SDR: 0.0001
Created m5 decision tree 10 multivariate regression (all feats) MIN_SDR: 0.0001
Created m5 decision tree 16 multivariate regression (all feats) MIN_SDR: 0.0001
Created m5 decision tree 22 multivariate regression (all feats) MIN_SDR: 0.0001
Created m5 decision tree 28 multivariate regression (all feats) MIN_SDR: 0.0001
Created MultClass 1 with nModels: 5
Created m5 decision tree 1 multivariate regression (all feats) MIN_SDR: 0.003
Created m5 decision tree 7 multivariate regression (all feats) MIN_SDR: 0.003
Created m5 decision tree 13 multivariate regression (all feats) MIN_SDR: 0.003
Created m5 decision tree 19 multivariate regression (all feats) MIN_SDR: 0.003
Created m5 decision tree 25 multivariate regression (all feats) MIN_SDR: 0.003
Created MultClass 2 with nModels: 5
Created m5 decision tree 2 multivariate regression (all feats) MIN_SDR: 0.003
-996
Created m5 decision tree 8 multivariate regression (all feats) MIN_SDR: 0.003
Created m5 decision tree 14 multivariate regression (all feats) MIN_SDR: 0.003
Created m5 decision tree 20 multivariate regression (all feats) MIN_SDR: 0.003
Created m5 decision tree 26 multivariate regression (all feats) MIN_SDR: 0.003
-992
-992
-993
-995
-991
-993
-993
-993
-994
-996
-973
-994
-993
-981
-996
-996
-995
-996
-994
-987
-996
-991
-993
-973
-994
-987
-973
-996
-996
-987
-994
-996
-973
-959
-990
-995
-996
-987
-959
-988
-996
-996
-994
-989
-987
-994
-973
-994
-973
-973
-973
-987
-973
-994
-993
-994
-987
-987
-996
-994
-992
-992
-994
-993
-994
-994
-987
-994
-994
-996
-993
-994
-980
-996
-996
-987
-991
-996
-994
-994
-959
-993
-994
-992
-994
-973
-994
-994
-994
-994
-994
-991
-994
-993
-996
-994
-994
-994
-995
-994
-994
-994
-994
-996
-996
-994
-994
-994
-994
-987
-987
-987
-994
-991
-994
-994
-995
-994
-987
-991
-994
-992
-995
-992
-993
-989
-992
-995
-990
-993
-993
-991
-995
-994
-997
-995
-973
-992
-973
-995
-993
-987
-995
-992
-994
-995
-995
-994
-993
-992
-992
-987
-995
-995
-991
-991
-995
-993
-973
-995
-995
-995
-995
-987
-987
-997
-973
-981
-991
-996
-994
-992
-994
-995
-995
-987
-995
-994
-995
-995
-995
-973
-995
-994
-984
-991
-987
-990
-973
-994
-992
-992
-982
-991
-995
-995
-995
-995
-993
-996
-994
-994
-991
-987
-995
-994
-995
-931
-959
-995
-995
-959
-959
-959
-996
-996
-987
-973
-996
-994
-992
-995
-988
-994
-994
-995
-995
-995
-992
-993
-995
-987
-987
-987
-987
-988
-994
-995
-987
-995
-995
-994
-987
-993
-994
-995
-994
-987
-995
-995
-990
-996
-994
-993
-994
-992
-992
-992
-994
-994
-994
-992
-995
-995
-994
-995
-993
-994
-992
-992
-990
-995
-987
-989
-973
-990
-973
-973
-997
-997
-973
-987
-995
-994
-995
-995
-973
-987
-987
-995
-995
-987
-995
-987
-995
-987
-992
-987
-996
-945
-931
-931
-997
-997
-987
-987
-987
-987
-987
-987
-987
-995
-959
-959
-987
-973
-987
-994
-987
-987
-994
-987
-987
-995
-995
-995
-995
-995
-973
-994
-973
-987
-987
-994
-987
-994
-989
-994
-991
-994
-992
-995
-994
-973
-987
-990
-973
-994
-988
-973
-973
-987
-997
-973
-987
-991
-987
-973
-973
-997
-994
-994
-994
-994
-987
-987
-987
-994
-987
-987
-973
-973
-995
-987
-995
-995
-992
-992
-987
-987
-945
-973
-931
-931
-931
-959
-995
-995
-931
-959
-995
-992
-991
-995
-959
-993
-991
-995
-995
-973
-987
-987
-987
-987
-996
-987
-995
-987
-996
-996
-945
-973
-973
-996
-987
-996
-995
-995
-987
-987
-987
-987
-987
-987
-987
-987
-987
-987
-987
-987
-987
-987
-987
-987
-995
-987
-995
-995
-987
-987
-987
-987
-987
-987
-987
-987
-903
-931
-931
-995
-931
-931
-931
-992
-931
-990
-991
-931
-931
-931
-945
-945
-973
-994
-994
-994
-987
-987
-987
-987
-987
-987
-987
-987
-987
-987
-987
-987
-987
-945
-987
-987
-987
-994
-992
-991
-991
-987
-992
-987
-994
-994
-991
-987
-992
-987
-987
-987
-995
-995
-917
-987
-987
-833
-931
-987
-987
-987
-987
-987
-987
-987
-987
-987
-987
-987
-987
-987
-987
-987
-987
-987
-987
-987
-987
-987
-987
-987
-987
-987
-987
-987
-987
-987
-987
-987
-987
-987
-987
-987
-987
-987
-987
-987
-987
-987
-987
-987
-987
-987
-987
-987
-987
-987
-987
-987
-987
-987
-987
-987
-997
-987
-987
-987
-987
-987
-987
-987
-987
-987
-987
-987
-987
-987
-987
-987
-987
-987
-987
-987
-987
-987
-987
-987
-987
-987
-987
-987
-987
-987
-997
-987
-987
-987
-987
-987
-987
-996
-987
-987
-987
-987
-987
-996
-987
-987
-987
-987
-987
-997
-987
-997
-994
-987
-987
-987
-987
-987
-987
-987
-987
-987
-987
-987
-987
-987
-987
-987
-987
-996
-987
-996
-987
-997
-987
-994
-987
-996
-987
-997
-987
-995
-987
-997
-994
-994
-993
-993
-992
-987
-987
-991
-994
-987
-987
-995
-994
-987
-995
-994
-987
-995
-987
-995
-987
-991
-995
-987
-987
-987
-987
-987
-987
-987
-987
-987
-987
-973
-987
-996
-996
-987
-990
-973
-996
-996
-987
-987
-987
-987
-987
-995
-987
-992
-987
-995
-987
-995
-995
-995
-995
-987
-987
-987
-987
-987
-987
-987
-987
-987
-987
-987
-987
-987
-987
-987
-987
-987
-987
-987
-973
-990
-987
-987
-987
-987
-987
-987
-987
-987
-987
-987
-987
-987
-987
-997
-987
-997
-995
-987
-987
-987
-987
-987
-987
-987
-987
-987
-987
-987
-987
-987
-987
-995
-995
-973
-987
-987
-995
-995
-995
-995
-995
-995
-995
-995
-995
-995
-995
-995
-995
-995
-995
-995
-995
-995
-995
-995
-995
-995
-995
-995
-995
-987
-995
-987
-995
-987
-995
-987
-995
-987
-995
-987
-995
-987
-995
-987
-995
-987
-995
-987
-995
-987
-995
-987
-995
-987
-995
-987
-987
-987
-987
-987
-987
-987
-997
-987
-997
-987
-997
-987
-997
-987
-987
-973
-959
-987
-987
-959
-987
-987
-987
-988
-987
-997
-987
-987
-987
-973
-987
-987
-987
-987
-987
-987
-987
-987
-987
-987
-987
-987
-987
-987
-987
-987
-987
-987
-987
-987
-987
-987
-987
-987
-987
-987
-987
-987
-987
-973
-987
-987
-987
-987
-987
-987
-987
-987
-987
-987
-973
-987
-987
-987
-987
-987
-987
-987
-987
-987
-987
-987
-987
-987
-987
-987
-987
-987
-987
-987
-987
-987
-987
-987
-987
-987
-987
-987
-987
-987
-987
-987
-987
-987
-987
-987
-987
-987
-987
-987
-987
-987
-987
-987
-987
-987
-987
-987
-987
-987
-987
-987
-987
-987
-987
-987
-997
-987
-987
-987
-987
-987
-987
-987
-987
-987
-987
-987
-997
-987
-997
-987
-987
-997
-987
-997
-987
-997
-987
-997
-987
-987
-987
-987
-997
-987
-987
-987
-987
-987
-987
-987
-997
-988
-987
-987
-997
-987
-997
-987
-997
-987
-997
-987
-997
-987
-997
-987
-997
-987
-997
-987
-997
-987
-997
-987
-987
-997
-987
