agent: texplore
env: asterix
model: M5 Tree
Environment is episodic.
set statesPerDim to 0 for all dim
feature 0 has range 30
feature 1 has range 30
feature 2 has range 30
reward range: 1001
Parallel ETUCT tracking real state values
Planner using history size: 0
start parallel uct planning search thread
Start model learning thread
Created MultClass 0 with nModels: 5
Created m5 decision tree 0 multivariate regression (all feats) MIN_SDR: 0.003
Created m5 decision tree 6 multivariate regression (all feats) MIN_SDR: 0.003
Created m5 decision tree 12 multivariate regression (all feats) MIN_SDR: 0.003
Created m5 decision tree 18 multivariate regression (all feats) MIN_SDR: 0.003
Created m5 decision tree 24 multivariate regression (all feats) MIN_SDR: 0.003
Created MultClass 3 with nModels: 5
Created m5 decision tree 3 multivariate regression (all feats) MIN_SDR: 0.1001
Created m5 decision tree 9 multivariate regression (all feats) MIN_SDR: 0.1001
Created m5 decision tree 15 multivariate regression (all feats) MIN_SDR: 0.1001
Created m5 decision tree 21 multivariate regression (all feats) MIN_SDR: 0.1001
Created m5 decision tree 27 multivariate regression (all feats) MIN_SDR: 0.1001
Created MultClass 4 with nModels: 5
Created m5 decision tree 4 multivariate regression (all feats) MIN_SDR: 0.0001
Created m5 decision tree 10 multivariate regression (all feats) MIN_SDR: 0.0001
Created m5 decision tree 16 multivariate regression (all feats) MIN_SDR: 0.0001
Created m5 decision tree 22 multivariate regression (all feats) MIN_SDR: 0.0001
Created m5 decision tree 28 multivariate regression (all feats) MIN_SDR: 0.0001
Created MultClass 1 with nModels: 5
Created m5 decision tree 1 multivariate regression (all feats) MIN_SDR: 0.003
Created m5 decision tree 7 multivariate regression (all feats) MIN_SDR: 0.003
Created m5 decision tree 13 multivariate regression (all feats) MIN_SDR: 0.003
Created m5 decision tree 19 multivariate regression (all feats) MIN_SDR: 0.003
Created m5 decision tree 25 multivariate regression (all feats) MIN_SDR: 0.003
Created MultClass 2 with nModels: 5
Created m5 decision tree 2 multivariate regression (all feats) MIN_SDR: 0.003
Created m5 decision tree 8 multivariate regression (all feats) MIN_SDR: 0.003
Created m5 decision tree 14 multivariate regression (all feats) MIN_SDR: 0.003
Created m5 decision tree 20 multivariate regression (all feats) MIN_SDR: 0.003
Created m5 decision tree 26 multivariate regression (all feats) MIN_SDR: 0.003
-992
-992
-994
-994
-992
-995
-980
-995
-992
-996
-994
-995
-994
-992
-995
-992
-994
-995
-995
-995
-995
-994
-994
-979
-994
-996
-995
-996
-990
-995
-994
-996
-996
-989
-989
-996
-995
-995
-995
-996
-994
-996
-995
-996
-995
-995
-991
-996
-994
-995
-996
-995
-973
-991
-995
-994
-989
-996
-994
-991
-992
-993
-996
-993
-994
-995
-994
-991
-995
-994
-995
-993
-995
-994
-996
-996
-993
-996
-980
-992
-992
-978
-993
-994
-995
-983
-995
-996
-994
-991
-993
-994
-995
-993
-994
-996
-993
-994
-994
-994
-992
-992
-991
-994
-991
-994
-993
-997
-994
-995
-995
-995
-992
-996
-994
-993
-990
-996
-993
-997
-993
-996
-992
-991
-997
-995
-984
-994
-994
-982
-994
-981
-994
-981
-982
-975
-993
-977
-989
-975
-981
-979
-980
-993
-993
-995
-993
-996
-993
-993
-994
-993
-994
-993
-994
-995
-981
-992
-981
-990
-992
-994
-994
-994
-994
-994
-991
-994
-995
-994
-994
-995
-995
-994
-994
-994
-992
-989
-995
-992
-994
-995
-995
-995
-995
-991
-994
-994
-995
-995
-995
-994
-995
-994
-994
-994
-994
-995
-983
-994
-962
-995
-994
-992
-994
-992
-994
-994
-994
-994
-994
-994
-994
-994
-994
-992
-994
-966
-995
-995
-982
-981
-992
-977
-992
-994
-995
-994
-994
-974
-994
-994
-994
-994
-994
-994
-994
-994
-995
-994
-994
-994
-992
-992
-992
-972
-960
-985
-993
-994
-994
-974
-975
-981
-995
-992
-994
-995
-992
-995
-995
-993
-995
-994
-995
-993
-995
-995
-995
-995
-994
-995
-995
-980
-992
-994
-992
-980
-980
-924
-995
-982
-994
-969
-995
-994
-995
-980
-993
-964
-969
-990
-981
-983
-995
-980
-980
-995
-995
-994
-995
-980
-995
-983
-995
-994
-966
-994
-994
-955
-992
-938
-980
-995
-967
-995
-995
-995
-995
-995
-956
-983
-995
-985
-992
-995
-995
-971
-995
-980
-953
-980
-992
-996
-983
-993
-980
-979
-994
-995
-979
-978
-994
-981
-994
-971
-981
-983
-994
-969
-981
-980
-992
-994
-992
-995
-994
-992
-994
-989
-995
-994
-992
-992
-992
-992
-995
-994
-995
-989
-996
-989
-996
-994
-994
-995
-994
-992
-992
-992
-994
-992
-976
-994
-979
-994
-994
-992
-992
-994
-994
-995
-994
-994
-982
-994
-995
-994
-982
-994
-968
-982
-995
-983
-994
-995
-995
-984
-981
-995
-995
-994
-994
-993
-995
-995
-995
-995
-995
-996
-980
-994
-997
-981
-992
-994
-980
-994
-991
-996
-994
-980
-994
-994
-994
-992
-997
-997
-992
-994
-992
-996
-996
-994
-996
-992
-983
-994
-992
-992
-992
-994
-992
-996
-984
-996
-995
-996
-994
-994
-992
-994
-994
-993
-994
-993
-994
-996
-994
-994
-996
-994
-993
-995
-993
-996
-996
-996
-994
-993
-993
-993
-994
-993
-994
-994
-994
-996
-994
-995
-994
-992
-996
-996
-995
-994
-992
-994
-994
-994
-994
-984
-994
-994
-994
-994
-994
-994
-994
-994
-994
-996
-994
-994
-994
-994
-992
-994
-994
-996
-994
-995
-994
-991
-991
-995
-991
-993
-982
-994
-994
-994
-993
-993
-993
-993
-993
-996
-995
-996
-996
-996
-993
-993
-996
-994
-997
-994
-995
-996
-994
-994
-994
-994
-993
-996
-980
-994
-981
-994
-994
-993
-994
-995
-994
-994
-995
-994
-994
-993
-994
-993
-995
-995
-980
-984
-995
-993
-994
-994
-992
-990
-993
-994
-993
-994
-993
-996
-994
-994
-994
-994
-994
-995
-996
-997
-989
-990
-997
-994
-995
-938
-994
-995
-973
-994
-994
-995
-995
-962
-995
-994
-970
-995
-995
-994
-994
-995
-995
-986
-995
-995
-995
-995
-995
-994
-995
-997
-995
-995
-994
-984
-994
-995
-994
-994
-995
-995
-994
-995
-992
-995
-995
-995
-995
-995
-994
-993
-989
-994
-994
-994
-994
-996
-991
-994
-994
-995
-995
-984
-994
-978
-981
-994
-994
-993
-994
-994
-994
-995
-995
-995
-994
-994
-994
-995
-994
-994
-990
-990
-993
-988
-994
-993
-990
-996
-996
-996
-996
-996
-996
-996
-996
-996
-996
-988
-996
-994
-994
-994
-993
-994
-992
-992
-994
-993
-993
-993
-972
-993
-972
-993
-995
-993
-993
-995
-995
-995
-995
-993
-993
-981
-980
-993
-993
-993
-988
-993
-990
-982
-993
-993
-993
-993
-994
-990
-994
-993
-994
-966
-992
-993
-993
-993
-993
-993
-993
-994
-996
-993
-993
-993
-994
-980
-994
-980
-995
-992
-993
-992
-993
-992
-995
-992
-992
-992
-992
-980
-993
-982
-996
-996
-996
-996
-996
-996
-995
-993
-994
-993
-992
-992
-994
-996
-993
-973
-993
-992
-992
-989
-992
-995
-992
-992
-994
-993
-975
-992
-992
-994
-992
-992
-992
-993
-990
-993
-988
-995
-988
-995
-994
-991
-994
-989
-995
-967
-989
-995
-994
-994
-992
-994
-981
-994
-994
-994
-993
-994
-992
-993
-984
-984
-972
-985
-991
-975
-992
-992
-985
-993
-989
-990
-993
-992
-994
-992
-994
-983
-993
-992
-992
-994
-992
-992
-992
-992
-980
-992
-992
-994
-992
-989
-996
-992
-992
-992
-993
-991
-996
-993
-994
-991
-992
-994
-989
-991
-992
-991
-994
-989
-995
-989
-995
-991
-991
-994
-990
-991
-991
-969
-994
-994
-994
-993
-995
-994
-991
-995
-994
-990
-994
-994
-994
-994
-994
-994
-994
-994
-994
-994
-994
-994
-993
-994
-994
-994
-993
-993
-991
-995
-994
-963
-989
-996
-976
-959
-973
-989
-973
-994
-994
-994
-994
-994
-994
-979
-994
-994
-994
-994
-994
-994
-994
-994
-994
-983
-996
-997
-987
-981
-994
-993
-994
-994
-994
-994
-993
-994
-994
-994
-994
-994
-994
-994
-994
-994
-994
-982
-969
-992
-980
-996
-992
-994
-994
-994
-994
-994
-994
-994
-994
-994
-994
-994
-981
-991
-995
-995
-995
-995
-995
-995
-983
-979
-994
-995
-983
-995
-982
-994
