agent: texplore
env: asterix
model: M5 Tree
Environment is episodic.
set statesPerDim to 0 for all dim
feature 0 has range 30
feature 1 has range 30
feature 2 has range 30
reward range: 1001
Parallel ETUCT tracking real state values
Planner using history size: 0
Start model learning thread
start parallel uct planning search thread
Created MultClass 0 with nModels: 5
Created m5 decision tree 0 multivariate regression (all feats) MIN_SDR: 0.003
Created m5 decision tree 6 multivariate regression (all feats) MIN_SDR: 0.003
Created m5 decision tree 12 multivariate regression (all feats) MIN_SDR: 0.003
Created m5 decision tree 18 multivariate regression (all feats) MIN_SDR: 0.003
Created m5 decision tree 24 multivariate regression (all feats) MIN_SDR: 0.003
Created MultClass 3 with nModels: 5
Created m5 decision tree 3 multivariate regression (all feats) MIN_SDR: 0.1001
Created m5 decision tree 9 multivariate regression (all feats) MIN_SDR: 0.1001
Created m5 decision tree 15 multivariate regression (all feats) MIN_SDR: 0.1001
Created m5 decision tree 21 multivariate regression (all feats) MIN_SDR: 0.1001
Created m5 decision tree 27 multivariate regression (all feats) MIN_SDR: 0.1001
Created MultClass 4 with nModels: 5
Created m5 decision tree 4 multivariate regression (all feats) MIN_SDR: 0.0001
Created m5 decision tree 10 multivariate regression (all feats) MIN_SDR: 0.0001
Created m5 decision tree 16 multivariate regression (all feats) MIN_SDR: 0.0001
Created m5 decision tree 22 multivariate regression (all feats) MIN_SDR: 0.0001
Created m5 decision tree 28 multivariate regression (all feats) MIN_SDR: 0.0001
Created MultClass 1 with nModels: 5
Created m5 decision tree 1 multivariate regression (all feats) MIN_SDR: 0.003
Created m5 decision tree 7 multivariate regression (all feats) MIN_SDR: 0.003
Created m5 decision tree 13 multivariate regression (all feats) MIN_SDR: 0.003
Created m5 decision tree 19 multivariate regression (all feats) MIN_SDR: 0.003
Created m5 decision tree 25 multivariate regression (all feats) MIN_SDR: 0.003
Created MultClass 2 with nModels: 5
Created m5 decision tree 2 multivariate regression (all feats) MIN_SDR: 0.003
Created m5 decision tree 8 multivariate regression (all feats) MIN_SDR: 0.003
Created m5 decision tree 14 multivariate regression (all feats) MIN_SDR: 0.003
Created m5 decision tree 20 multivariate regression (all feats) MIN_SDR: 0.003
Created m5 decision tree 26 multivariate regression (all feats) MIN_SDR: 0.003
-995
-992
-992
-996
-994
-995
-995
-993
-994
-996
-994
-992
-992
-994
-995
-991
-995
-994
-994
-992
-992
-981
-995
-976
-983
-995
-994
-995
-987
-994
-996
-982
-994
-995
-992
-995
-994
-995
-995
-995
-995
-953
-994
-996
-992
-992
-996
-995
-996
-981
-994
-994
-994
-995
-994
-992
-995
-995
-994
-993
-981
-996
-965
-994
-994
-992
-995
-992
-994
-994
-994
-994
-994
-994
-994
-994
-994
-994
-994
-989
-991
-995
-994
-994
-994
-994
-994
-995
-992
-995
-996
-995
-995
-992
-995
-989
-982
-995
-995
-992
-992
-994
-994
-995
-994
-994
-994
-994
-992
-995
-994
-994
-994
-995
-996
-996
-994
-994
-994
-994
-994
-994
-991
-994
-994
-994
-994
-994
-994
-994
-995
-994
-994
-994
-994
-994
-979
-983
-994
-992
-994
-989
-991
-994
-994
-994
-995
-994
-995
-994
-994
-995
-994
-996
-995
-994
-995
-994
-994
-996
-996
-996
-994
-996
-994
-996
-994
-996
-994
-994
-996
-995
-994
-995
-994
-992
-995
-994
-994
-994
-994
-994
-994
-994
-996
-994
-994
-996
-994
-994
-994
-994
-996
-996
-994
-994
-983
-994
-982
-954
-968
-983
-982
-994
-985
-981
-981
-982
-995
-979
-993
-995
-993
-994
-994
-997
-994
-993
-993
-993
-993
-984
-994
-987
-994
-961
-993
-997
-993
-966
-973
-994
-994
-994
-994
-996
-992
-990
-966
-984
-982
-994
-994
-994
-995
-992
-994
-988
-994
-994
-994
-994
-994
-994
-980
-994
-963
-965
-989
-997
-997
-993
-997
-993
-994
-993
-997
-993
-997
-994
-997
-994
-997
-994
-997
-997
-997
-993
-997
-980
-997
-992
-997
-978
-991
-991
-997
-994
-993
-997
-994
-993
-997
-993
-997
-993
-997
-997
-997
-997
-993
-997
-997
-996
-994
-997
-996
-997
-996
-997
-997
-993
-997
-993
-997
-996
-993
-997
-997
-997
-997
-997
-997
-997
-994
-993
-994
-993
-994
-993
-994
-993
-993
-993
-993
-995
-994
-994
-993
-992
-993
-994
-994
-992
-992
-994
-994
-994
-994
-992
-994
-994
-994
-992
-995
-995
-992
-992
-992
-994
-991
-994
-994
-995
-989
-994
-994
-994
-964
-992
-991
-992
-995
-995
-995
-980
-976
-994
-994
-994
-997
-995
-994
-997
-980
-980
-994
-983
-994
-994
-994
-994
-994
-994
-966
-980
-969
-980
-994
-994
-997
-994
-997
-994
-997
-994
-997
-995
-994
-997
-997
-997
-997
-997
-997
-997
-992
-976
-997
-966
-997
-997
-997
-997
-997
-997
-997
-997
-997
-997
-997
-997
-997
-997
-997
-997
-997
-997
-997
-997
-997
-997
-997
-997
-997
-997
-997
-997
-997
-997
-997
-997
-997
-997
-997
-997
-997
-997
-997
-997
-997
-997
-997
-997
-997
-997
-997
-997
-997
-997
-997
-997
-997
-980
-994
-994
-992
-997
-994
-997
-994
-997
-996
-951
-994
-997
-963
-982
-983
-994
-996
-980
-997
-980
-997
-992
-997
-994
-997
-996
-994
-997
-996
-994
-997
-996
-995
-988
-995
-994
-997
-994
-997
-994
-997
-994
-997
-994
-997
-994
-997
-994
-997
-994
-997
-994
-997
-994
-997
-994
-997
-994
-997
-994
-997
-994
-997
-994
-997
-994
-997
-994
-997
-994
-997
-994
-997
-994
-997
-994
-997
-994
-997
-994
-997
-994
-997
-994
-997
-983
-997
-989
-982
-997
-980
-997
-991
-992
-991
-989
-991
-997
-988
-969
-994
-997
-994
-997
-994
-997
-995
-990
-997
-994
-997
-994
-997
-994
-997
-992
-991
-997
-994
-997
-994
-994
-994
-990
-983
-995
-995
-984
-988
-992
-993
-994
-994
-994
-994
-994
-994
-994
-990
-994
-994
-994
-994
-994
-994
-994
-994
-988
-994
-994
-994
-994
-994
-983
-995
-995
-995
-995
-995
-995
-995
-995
-984
-983
-994
-959
-995
-997
-997
-995
-994
-981
-994
-994
-996
-993
-994
-994
-994
-995
-983
-989
-995
-995
-994
-989
-993
-991
-994
-989
-959
-983
-989
-948
-992
-995
-995
-995
-995
-995
-994
-994
-994
-994
-994
-994
-994
-996
-995
-996
-996
-996
-996
-993
-996
-996
-996
-996
-983
-976
-980
-980
-992
-996
-996
-996
-996
-996
-995
-995
-994
-994
-994
-994
-994
-995
-995
-995
-995
-994
-994
-994
-995
-995
-995
-995
-995
-982
-986
-988
-988
-989
-961
-995
-985
-989
-989
-989
-989
-989
-843
-946
-991
-991
-987
-987
-989
-987
-980
-996
-981
-983
-994
-975
-979
-987
-931
-987
-990
-987
-987
-947
-994
-988
-990
-987
-959
-990
-984
-984
-980
-974
-991
-991
-993
-991
-993
-992
-992
-992
-992
-980
-970
-992
-992
-992
-992
-992
-975
-979
-983
-981
-992
-980
-992
-981
-979
-963
-992
-960
-982
-980
-975
-979
-995
-992
-995
-992
-993
-993
-992
-991
-982
-992
-993
-995
-995
-959
-984
-984
-982
-983
-993
-993
-947
-987
-991
-991
-982
-988
-990
-982
-991
-987
-977
-977
-988
-974
-988
-967
-989
-992
-992
-991
-992
-988
-993
-993
-993
-993
-993
-993
-993
-995
-994
-993
-992
-994
-988
-995
-995
-995
-994
-994
-995
-995
-992
-987
-995
-995
-994
-994
-993
-994
-995
-995
-995
-995
-994
-995
-995
-994
-995
-995
-994
-995
-994
-995
-994
-995
-994
-995
-994
-995
-994
-995
-997
-997
-997
-997
-994
-995
-997
-997
-997
-994
-987
-995
-993
-995
-992
-987
-987
-989
-969
-995
-987
-987
-995
-995
-995
-994
-996
-995
-994
-989
-968
-987
-987
-987
-995
-992
-995
-990
-988
-995
-995
-983
-995
-981
-989
-991
-995
-992
-995
-970
-995
-967
-989
-989
-995
-981
-984
-994
-991
-991
-995
-994
-991
-995
-978
-995
-991
-991
-992
-981
-991
-996
-996
-996
-996
-996
-992
-987
-991
-993
-993
-993
-991
-991
-996
-991
-996
-987
-991
-990
-987
-990
-990
-995
-990
-995
-990
-995
-990
-995
-990
-988
-980
-991
-992
-982
-995
-983
-992
-968
