agent: texplore
env: asterix
model: M5 Tree
Environment is episodic.
set statesPerDim to 0 for all dim
feature 0 has range 30
feature 1 has range 30
feature 2 has range 30
reward range: 1001
Parallel ETUCT tracking real state values
Planner using history size: 0
Start model learning thread
start parallel uct planning search thread
Created MultClass 0 with nModels: 5
Created m5 decision tree 0 multivariate regression (all feats) MIN_SDR: 0.003
Created m5 decision tree 6 multivariate regression (all feats) MIN_SDR: 0.003
Created m5 decision tree 12 multivariate regression (all feats) MIN_SDR: 0.003
Created m5 decision tree 18 multivariate regression (all feats) MIN_SDR: 0.003
Created m5 decision tree 24 multivariate regression (all feats) MIN_SDR: 0.003
Created MultClass 3 with nModels: 5
Created m5 decision tree 3 multivariate regression (all feats) MIN_SDR: 0.1001
Created m5 decision tree 9 multivariate regression (all feats) MIN_SDR: 0.1001
Created m5 decision tree 15 multivariate regression (all feats) MIN_SDR: 0.1001
Created m5 decision tree 21 multivariate regression (all feats) MIN_SDR: 0.1001
Created m5 decision tree 27 multivariate regression (all feats) MIN_SDR: 0.1001
Created MultClass 4 with nModels: 5
Created m5 decision tree 4 multivariate regression (all feats) MIN_SDR: 0.0001
Created m5 decision tree 10 multivariate regression (all feats) MIN_SDR: 0.0001
Created m5 decision tree 16 multivariate regression (all feats) MIN_SDR: 0.0001
Created m5 decision tree 22 multivariate regression (all feats) MIN_SDR: 0.0001
Created m5 decision tree 28 multivariate regression (all feats) MIN_SDR: 0.0001
Created MultClass 1 with nModels: 5
Created m5 decision tree 1 multivariate regression (all feats) MIN_SDR: 0.003
Created m5 decision tree 7 multivariate regression (all feats) MIN_SDR: 0.003
Created m5 decision tree 13 multivariate regression (all feats) MIN_SDR: 0.003
Created m5 decision tree 19 multivariate regression (all feats) MIN_SDR: 0.003
Created m5 decision tree 25 multivariate regression (all feats) MIN_SDR: 0.003
Created MultClass 2 with nModels: 5
Created m5 decision tree 2 multivariate regression (all feats) MIN_SDR: 0.003
Created m5 decision tree 8 multivariate regression (all feats) MIN_SDR: 0.003
Created m5 decision tree 14 multivariate regression (all feats) MIN_SDR: 0.003
Created m5 decision tree 20 multivariate regression (all feats) MIN_SDR: 0.003
Created m5 decision tree 26 multivariate regression (all feats) MIN_SDR: 0.003
-995
-994
-996
-993
-996
-994
-994
-996
-992
-994
-995
-995
-993
-994
-997
-996
-996
-995
-994
-995
-995
-995
-973
-995
-992
-988
-995
-996
-994
-995
-992
-994
-972
-996
-996
-994
-996
-996
-992
-995
-993
-992
-993
-990
-996
-995
-993
-995
-994
-996
-984
-992
-982
-995
-959
-987
-994
-972
-986
-987
-986
-994
-989
-996
-959
-991
-992
-980
-994
-981
-994
-986
-995
-982
-992
-997
-995
-997
-995
-995
-994
-994
-994
-995
-995
-994
-994
-994
-992
-996
-996
-977
-994
-989
-994
-988
-994
-987
-996
-986
-994
-994
-994
-986
-994
-986
-993
-989
-990
-996
-987
-996
-996
-995
-995
-994
-994
-989
-995
-981
-992
-995
-993
-995
-993
-994
-991
-995
-973
-995
-994
-993
-990
-993
-996
-973
-994
-990
-994
-987
-994
-994
-985
-996
-993
-997
-994
-996
-993
-997
-996
-994
-994
-994
-993
-993
-996
-992
-994
-996
-994
-992
-992
-994
-992
-994
-983
-992
-993
-994
-989
-996
-988
-986
-994
-996
-994
-994
-992
-982
-986
-994
-994
-973
-994
-994
-989
-996
-994
-994
-997
-994
-996
-997
-986
-994
-973
-993
-988
-988
-992
-995
-994
-994
-995
-994
-994
-987
-984
-994
-994
-992
-991
-994
-994
-994
-996
-995
-993
-995
-994
-994
-992
-995
-994
-995
-973
-988
-995
-988
-995
-996
-996
-996
-995
-996
-995
-995
-994
-994
-994
-995
-994
-994
-996
-995
-994
-995
-996
-994
-988
-986
-994
-984
-996
-987
-996
-996
-996
-996
-996
-996
-996
-996
-996
-996
-996
-996
-996
-996
-995
-994
-987
-995
-986
-988
-986
-992
-986
-995
-987
-988
-990
-996
-986
-991
-986
-987
-986
-989
-994
-976
-989
-992
-992
-993
-991
-993
-995
-996
-988
-995
-994
-988
-986
-991
-990
-988
-989
-994
-987
-994
-988
-995
-994
-995
-989
-995
-986
-986
-994
-995
-995
-995
-990
-984
-987
-987
-977
-973
-995
-987
-991
-987
-988
-980
-989
-987
-987
-987
-987
-996
-996
-990
-987
-987
-996
-987
-987
-987
-995
-995
-991
-995
-992
-994
-987
-994
-987
-995
-988
-997
-995
-995
-987
-994
-995
-995
-995
-995
-995
-996
-995
-986
-996
-991
-995
-996
-991
-987
-995
-986
-994
-987
-990
-991
-991
-996
-990
-987
-995
-990
-992
-995
-990
-994
-995
-987
-990
-995
-987
-987
-988
-988
-995
-987
-995
-996
-995
-997
-995
-994
-996
-994
-997
-995
-994
-994
-994
-991
-983
-995
-994
-995
-978
-994
-994
-996
-986
-987
-973
-994
-995
-989
-973
-989
-989
-994
-989
-994
-989
-994
-989
-995
-994
-989
-994
-989
-973
-988
-994
-987
-972
-994
-988
-987
-994
-986
-974
-986
-992
-986
-992
-986
-994
-986
-993
-986
-993
-987
-993
-987
-992
-978
-987
-977
-987
-981
-991
-991
-991
-991
-994
-987
-991
-991
-980
-987
-992
-987
-992
-987
-992
-987
-992
-987
-992
-987
-993
-987
-994
-987
-994
-987
-994
-987
-994
-987
-994
-987
-993
-987
-993
-994
-994
-994
-994
-994
-994
-994
-993
-986
-993
-994
-993
-995
-995
-994
-987
-994
-994
-995
-994
-992
-995
-996
-995
-995
-995
-987
-992
-994
-994
-995
-992
-995
-994
-994
-994
-994
-994
-994
-994
-995
-987
-986
-994
-995
-947
-994
-995
-995
-995
-995
-995
-995
-988
-995
-986
-995
-988
-986
-988
-988
-986
-987
-987
-995
-987
-995
-986
-995
-987
-987
-987
-987
-986
-987
-995
-985
-986
-985
-985
-992
-995
-994
-994
-987
-995
-995
-987
-995
-987
-992
-987
-992
-987
-995
-987
-996
-994
-987
-995
-987
-995
-992
-991
-995
-991
-995
-994
-995
-995
-995
-995
-995
-995
-995
-995
-995
-995
-995
-995
-995
-995
-995
-995
-994
-994
-992
-992
-994
-994
-994
-994
-994
-994
-994
-994
-994
-992
-992
-992
-992
-992
-992
-995
-992
-992
-992
-992
-992
-987
-987
-987
-987
-989
-989
-989
-989
-989
-989
-989
-989
-989
-989
-989
-989
-989
-988
-988
-988
-988
-995
-995
-995
-995
-995
-995
-995
-995
-995
-995
-987
-987
-987
-987
-987
-987
-995
-995
-995
-995
-995
-995
-995
-987
-987
-987
-987
-987
-987
-987
-987
-987
-987
-987
-987
-987
-987
-987
-987
-987
-987
-987
-987
-987
-987
-987
-987
-987
-987
-990
-990
-990
-990
-990
-990
-990
-990
-990
-990
-990
-990
-990
-990
-990
-990
-990
-990
-990
-990
-987
-987
-987
-987
-987
-987
-987
-987
-987
-987
-987
-987
-987
-987
-987
-987
-987
-987
-987
-987
-987
-987
-987
-987
-987
-995
-995
-995
-995
-987
-987
-987
-987
-987
-990
-990
-990
-990
-990
-990
-990
-990
-990
-990
-990
-990
-990
-990
-990
-990
-990
-990
-990
-990
-990
-990
-990
-990
-992
-990
-994
-990
-994
-990
-994
-990
-995
-995
-995
-995
-995
-995
-995
-989
-989
-989
-989
-989
-989
-990
-987
-987
-987
-987
-987
-987
-987
-987
-987
-987
-987
-987
-987
-987
-987
-987
-987
-987
-987
-987
-987
-987
-994
-994
-994
-996
-987
-996
-990
-996
-990
-990
-994
-994
-987
-994
-987
-994
-987
-995
-987
-995
-987
-995
-987
-995
-987
-995
-987
-995
-986
-995
-986
-995
-992
-976
-986
-986
-986
-990
-990
-991
-990
-990
-990
-990
-990
-990
-990
-990
-990
-991
-994
-994
-994
-994
-994
-994
-994
-994
-994
-994
-994
-994
-994
-994
-994
-994
-994
-981
-980
-980
-980
-980
-973
-991
-973
-991
-973
-991
-975
-991
-975
-991
-994
-994
-994
-994
-994
-994
-994
-994
-994
-994
-994
-994
-994
-994
-994
-991
-994
-994
-994
-994
-994
-994
-994
-994
-994
-994
-994
-994
-994
-994
-994
-991
-991
-984
-994
-986
-991
-994
-991
-994
-990
-990
-990
-990
-990
-990
-990
-990
-990
-990
-990
-990
-990
-990
-990
-990
-990
-991
-994
-991
-994
-991
-994
-990
