agent: texplore
env: asterix
model: M5 Tree
Environment is episodic.
set statesPerDim to 0 for all dim
feature 0 has range 30
feature 1 has range 30
feature 2 has range 30
reward range: 1001
Parallel ETUCT tracking real state values
Planner using history size: 0
start parallel uct planning search thread
Start model learning thread
Created MultClass 0 with nModels: 5
Created m5 decision tree 0 multivariate regression (all feats) MIN_SDR: 0.003
Created m5 decision tree 6 multivariate regression (all feats) MIN_SDR: 0.003
Created m5 decision tree 12 multivariate regression (all feats) MIN_SDR: 0.003
Created m5 decision tree 18 multivariate regression (all feats) MIN_SDR: 0.003
Created m5 decision tree 24 multivariate regression (all feats) MIN_SDR: 0.003
Created MultClass 3 with nModels: 5
Created m5 decision tree 3 multivariate regression (all feats) MIN_SDR: 0.1001
Created m5 decision tree 9 multivariate regression (all feats) MIN_SDR: 0.1001
Created m5 decision tree 15 multivariate regression (all feats) MIN_SDR: 0.1001
Created m5 decision tree 21 multivariate regression (all feats) MIN_SDR: 0.1001
Created m5 decision tree 27 multivariate regression (all feats) MIN_SDR: 0.1001
Created MultClass 4 with nModels: 5
Created m5 decision tree 4 multivariate regression (all feats) MIN_SDR: 0.0001
Created m5 decision tree 10 multivariate regression (all feats) MIN_SDR: 0.0001
Created m5 decision tree 16 multivariate regression (all feats) MIN_SDR: 0.0001
Created m5 decision tree 22 multivariate regression (all feats) MIN_SDR: 0.0001
Created m5 decision tree 28 multivariate regression (all feats) MIN_SDR: 0.0001
Created MultClass 1 with nModels: 5
Created m5 decision tree 1 multivariate regression (all feats) MIN_SDR: 0.003
Created m5 decision tree 7 multivariate regression (all feats) MIN_SDR: 0.003
Created m5 decision tree 13 multivariate regression (all feats) MIN_SDR: 0.003
Created m5 decision tree 19 multivariate regression (all feats) MIN_SDR: 0.003
Created m5 decision tree 25 multivariate regression (all feats) MIN_SDR: 0.003
Created MultClass 2 with nModels: 5
Created m5 decision tree 2 multivariate regression (all feats) MIN_SDR: 0.003
Created m5 decision tree 8 multivariate regression (all feats) MIN_SDR: 0.003
Created m5 decision tree 14 multivariate regression (all feats) MIN_SDR: 0.003
Created m5 decision tree 20 multivariate regression (all feats) MIN_SDR: 0.003
Created m5 decision tree 26 multivariate regression (all feats) MIN_SDR: 0.003
-995
-992
-993
-995
-994
-992
-983
-994
-993
-993
-982
-995
-988
-997
-990
-997
-986
-994
-995
-994
-992
-996
-989
-994
-995
-991
-996
-972
-989
-984
-992
-995
-994
-981
-995
-994
-984
-995
-992
-996
-995
-993
-994
-992
-995
-994
-994
-996
-997
-996
-981
-994
-992
-994
-992
-994
-981
-994
-981
-985
-983
-995
-980
-983
-996
-980
-996
-990
-996
-997
-997
-984
-996
-996
-996
-996
-996
-990
-996
-995
-997
-989
-996
-983
-996
-996
-997
-989
-996
-997
-988
-996
-997
-997
-988
-983
-980
-990
-996
-997
-991
-997
-990
-996
-997
-990
-996
-997
-991
-996
-997
-984
-996
-997
-997
-997
-997
-991
-997
-983
-996
-997
-983
-996
-997
-991
-996
-975
-985
-996
-997
-988
-996
-997
-987
-996
-997
-987
-996
-997
-987
-996
-989
-988
-996
-997
-988
-996
-997
-988
-996
-997
-988
-996
-997
-988
-996
-997
-985
-996
-997
-988
-996
-997
-988
-996
-989
-988
-996
-997
-990
-996
-988
-996
-997
-988
-989
-989
-988
-989
-988
-989
-989
-990
-961
-989
-988
-988
-996
-997
-990
-996
-988
-996
-989
-990
-989
-989
-996
-997
-988
-988
-990
-990
-996
-997
-991
-996
-997
-973
-988
-996
-997
-991
-996
-997
-991
-996
-997
-991
-996
-997
-991
-987
-997
-996
-996
-996
-996
-996
-996
-996
-996
-996
-996
-996
-996
-996
-997
-987
-997
-988
-996
-997
-988
-996
-997
-988
-996
-997
-989
-996
-997
-989
-996
-997
-989
-996
-997
-989
-996
-997
-989
-996
-997
-982
-996
-997
-988
-996
-997
-988
-996
-997
-988
-996
-997
-988
-996
-997
-989
-996
-997
-988
-996
-996
-997
-996
-997
-989
-996
-997
-988
-994
-995
-995
-995
-995
-995
-995
-995
-995
-995
-979
-996
-996
-996
-996
-996
-996
-997
-997
-989
-996
-996
-996
-996
-996
-996
-997
-989
-980
-978
-996
-997
-988
-996
-997
-988
-996
-997
-988
-996
-997
-988
-996
-997
-988
-996
-997
-989
-996
-997
-989
-996
-997
-989
-996
-997
-989
-996
-997
-989
-996
-997
-989
-996
-997
-989
-996
-997
-989
-996
-997
-989
-996
-996
-997
-989
-996
-997
-996
-996
-996
-980
-994
-996
-978
-995
-995
-995
-996
-997
-988
-976
-976
-978
-995
-996
-996
-996
-996
-996
-996
-996
-996
-996
-997
-988
-996
-997
-988
-996
-997
-988
-996
-997
-988
-995
-996
-996
-997
-988
-996
-997
-988
-996
-997
-960
-996
-997
-977
-996
-997
-977
-996
-996
-996
-996
-997
-988
-976
-996
-996
-996
-996
-996
-996
-997
-988
-996
-997
-997
-988
-996
-997
-988
-996
-996
-997
-988
-996
-997
-986
-988
-996
-997
-996
-974
-996
-997
-988
-996
-997
-988
-996
-997
-988
-996
-992
-996
-992
-996
-992
-996
-974
-996
-973
-988
-996
-997
-945
-977
-996
-997
-992
-994
-994
-994
-994
-994
-994
-994
-994
-994
-994
-994
-994
-994
-994
-996
-992
-989
-994
-994
-994
-994
-994
-994
-994
-994
-994
-994
-994
-989
-994
-989
-996
-997
-960
-996
-997
-996
-996
-996
-996
-996
-996
-996
-996
-996
-996
-997
-990
-981
-997
-996
-996
-996
-996
-996
-996
-996
-996
-996
-996
-996
-996
-996
-996
-996
-996
-996
-996
-996
-996
-996
-996
-996
-996
-996
-996
-996
-996
-996
-996
-996
-996
-996
-996
-996
-996
-996
-996
-996
-996
-996
-996
-996
-996
-996
-996
-996
-996
-996
-996
-996
-996
-996
-996
-996
-995
-994
-994
-994
-996
-981
-996
-995
-996
-995
-996
-981
-996
-981
-989
-996
-997
-996
-995
-994
-994
-994
-994
-994
-992
-994
-992
-994
-990
-997
-996
-996
-996
-996
-996
-996
-996
-996
-996
-996
-996
-996
-997
-996
-996
-996
-996
-996
-996
-996
-996
-996
-996
-996
-996
-996
-996
-996
-996
-996
-996
-996
-996
-996
-996
-996
-996
-996
-996
-996
-996
-996
-996
-996
-996
-996
-996
-996
-996
-996
-996
-996
-996
-996
-996
-996
-996
-996
-996
-996
-996
-996
-996
-996
-996
-996
-996
-996
-996
-996
-996
-996
-996
-996
-996
-996
-996
-996
-996
-996
-996
-996
-996
-996
-996
-996
-996
-996
-996
-996
-996
-996
-996
-996
-996
-996
-996
-996
-997
-996
-997
-994
-995
-995
-995
-992
-992
-982
-992
-994
-992
-996
-997
-996
-996
-996
-997
-990
-995
-996
-994
-995
-996
-997
-994
-995
-995
-995
-995
-992
-990
-989
-994
-996
-997
-994
-995
-995
-995
-995
-990
-989
-994
-995
-995
-995
-995
-995
-995
-995
-995
-995
-995
-995
-995
-995
-995
-995
-995
-995
-989
-990
-989
-994
-995
-989
-990
-988
-994
-995
-989
-989
-989
-973
-988
-989
-994
-994
-994
-995
-995
-995
-995
-989
-945
-997
-975
-996
-976
-995
-975
-996
-975
-996
-975
-996
-975
-996
-975
-996
-997
-989
-996
-997
-989
-975
-996
-975
-996
-975
-996
-975
-996
-975
-996
-975
-996
-997
-989
-996
-997
-989
-996
-976
-969
-979
-994
-963
-997
-996
-969
-996
-980
-994
-994
-994
-994
-963
-997
-994
-976
-964
-997
-994
-994
-994
-994
-994
-994
-994
-994
-994
-994
-994
-994
-994
-994
-976
-995
-995
-995
-980
-980
-994
-980
-997
-994
-994
-995
-995
-995
-995
-995
-995
-995
-996
-997
-994
-995
-995
-995
-995
-995
-995
-995
-995
-995
-995
-995
-995
-995
-995
-995
-995
-995
-995
-995
-995
-995
-995
-995
-995
-995
-995
-995
-995
-995
-995
-995
-995
-995
-995
-995
-995
-995
-995
-995
-995
-995
-995
-995
-995
-995
-995
-995
-995
-995
-995
-995
-995
-995
-995
-995
-995
-995
-995
-995
-995
-995
-995
-995
-995
-995
-995
-995
-995
-995
-995
-995
-996
-997
-994
-995
-995
-995
-995
-995
-995
-995
-995
-995
-995
-995
-995
-995
-995
-995
-995
-995
-995
-995
-995
-978
-995
-995
-977
-975
-989
-996
