agent: texplore
env: asterix
model: M5 Tree
Environment is episodic.
set statesPerDim to 0 for all dim
feature 0 has range 30
feature 1 has range 30
feature 2 has range 30
reward range: 1001
Parallel ETUCT tracking real state values
Planner using history size: 0
Start model learning thread
start parallel uct planning search thread
Created MultClass 0 with nModels: 5
Created m5 decision tree 0 multivariate regression (all feats) MIN_SDR: 0.003
Created m5 decision tree 6 multivariate regression (all feats) MIN_SDR: 0.003
Created m5 decision tree 12 multivariate regression (all feats) MIN_SDR: 0.003
Created m5 decision tree 18 multivariate regression (all feats) MIN_SDR: 0.003
Created m5 decision tree 24 multivariate regression (all feats) MIN_SDR: 0.003
Created MultClass 3 with nModels: 5
Created m5 decision tree 3 multivariate regression (all feats) MIN_SDR: 0.1001
Created m5 decision tree 9 multivariate regression (all feats) MIN_SDR: 0.1001
Created m5 decision tree 15 multivariate regression (all feats) MIN_SDR: 0.1001
Created m5 decision tree 21 multivariate regression (all feats) MIN_SDR: 0.1001
Created m5 decision tree 27 multivariate regression (all feats) MIN_SDR: 0.1001
Created MultClass 4 with nModels: 5
Created m5 decision tree 4 multivariate regression (all feats) MIN_SDR: 0.0001
Created m5 decision tree 10 multivariate regression (all feats) MIN_SDR: 0.0001
Created m5 decision tree 16 multivariate regression (all feats) MIN_SDR: 0.0001
Created m5 decision tree 22 multivariate regression (all feats) MIN_SDR: 0.0001
Created m5 decision tree 28 multivariate regression (all feats) MIN_SDR: 0.0001
Created MultClass 1 with nModels: 5
Created m5 decision tree 1 multivariate regression (all feats) MIN_SDR: 0.003
Created m5 decision tree 7 multivariate regression (all feats) MIN_SDR: 0.003
Created m5 decision tree 13 multivariate regression (all feats) MIN_SDR: 0.003
Created m5 decision tree 19 multivariate regression (all feats) MIN_SDR: 0.003
Created m5 decision tree 25 multivariate regression (all feats) MIN_SDR: 0.003
Created MultClass 2 with nModels: 5
Created m5 decision tree 2 multivariate regression (all feats) MIN_SDR: 0.003
Created m5 decision tree 8 multivariate regression (all feats) MIN_SDR: 0.003
Created m5 decision tree 14 multivariate regression (all feats) MIN_SDR: 0.003
Created m5 decision tree 20 multivariate regression (all feats) MIN_SDR: 0.003
Created m5 decision tree 26 multivariate regression (all feats) MIN_SDR: 0.003
-992
-995
-988
-994
-996
-995
-995
-994
-990
-995
-997
-996
-995
-995
-994
-993
-991
-995
-995
-992
-997
-991
-997
-991
-996
-997
-983
-997
-996
-997
-990
-996
-997
-987
-996
-997
-988
-997
-986
-994
-994
-994
-996
-996
-990
-994
-991
-994
-991
-995
-981
-994
-994
-991
-995
-995
-996
-995
-976
-993
-994
-996
-995
-995
-996
-995
-991
-983
-995
-994
-996
-996
-991
-973
-992
-996
-997
-996
-992
-994
-996
-995
-992
-980
-994
-997
-994
-994
-994
-994
-994
-994
-994
-994
-994
-996
-992
-994
-996
-995
-995
-995
-994
-992
-994
-996
-994
-996
-994
-996
-995
-994
-992
-994
-996
-996
-994
-997
-996
-996
-996
-992
-996
-994
-994
-994
-994
-994
-994
-994
-975
-993
-995
-996
-993
-996
-981
-995
-992
-992
-994
-994
-994
-994
-994
-994
-995
-996
-995
-995
-995
-996
-996
-995
-995
-995
-995
-995
-995
-995
-995
-995
-995
-995
-995
-995
-995
-995
-995
-995
-995
-996
-996
-995
-995
-995
-995
-995
-995
-995
-993
-994
-994
-994
-994
-994
-994
-994
-994
-994
-994
-994
-994
-994
-994
-994
-994
-994
-991
-995
-992
-994
-994
-994
-994
-991
-995
-994
-994
-994
-994
-994
-994
-995
-995
-994
-995
-993
-995
-994
-994
-995
-993
-994
-995
-994
-995
-994
-994
-994
-994
-995
-995
-994
-995
-994
-994
-994
-994
-994
-994
-995
-994
-995
-995
-994
-994
-994
-994
-994
-995
-993
-994
-994
-994
-994
-994
-994
-994
-995
-994
-994
-994
-995
-981
-995
-981
-995
-994
-994
-995
-969
-991
-994
-995
-994
-995
-994
-994
-994
-995
-994
-994
-994
-994
-994
-994
-994
-995
-976
-995
-994
-994
-995
-994
-995
-983
-993
-995
-994
-995
-993
-995
-995
-994
-994
-995
-994
-994
-994
-994
-995
-993
-995
-994
-994
-995
-959
-993
-994
-994
-995
-994
-995
-994
-994
-994
-995
-994
-994
-995
-995
-994
-994
-995
-994
-994
-995
-995
-994
-994
-994
-994
-995
-994
-994
-995
-994
-994
-995
-995
-995
-995
-994
-995
-994
-994
-994
-995
-995
-995
-995
-994
-994
-995
-993
-994
-994
-995
-983
-994
-995
-983
-994
-994
-995
-994
-995
-994
-995
-994
-994
-995
-994
-995
-976
-995
-995
-969
-994
-994
-995
-993
-995
-995
-994
-995
-995
-994
-995
-994
-995
-994
-994
-994
-994
-995
-994
-995
-993
-994
-994
-994
-995
-994
-995
-994
-994
-994
-995
-994
-995
-994
-994
-994
-994
-995
-965
-992
-966
-994
-994
-994
-995
-995
-994
-995
-994
-995
-983
-994
-995
-994
-995
-994
-994
-994
-995
-994
-995
-995
-994
-994
-994
-995
-994
-994
-995
-993
-994
-995
-994
-995
-994
-994
-994
-994
-994
-995
-994
-994
-994
-995
-995
-993
-994
-995
-995
-995
-994
-995
-995
-994
-994
-994
-994
-995
-994
-995
-994
-994
-995
-994
-994
-994
-994
-995
-995
-993
-995
-995
-995
-993
-995
-994
-994
-994
-995
-993
-994
-995
-994
-994
-994
-995
-995
-994
-994
-994
-994
-995
-993
-994
-995
-993
-994
-995
-994
-995
-993
-994
-995
-994
-994
-994
-995
-993
-994
-995
-994
-995
-994
-994
-995
-995
-993
-994
-994
-994
-994
-994
-995
-994
-994
-995
-993
-994
-994
-994
-994
-994
-995
-994
-995
-993
-995
-994
-995
-995
-994
-995
-993
-995
-994
-994
-995
-993
-994
-995
-994
-995
-994
-995
-994
-995
-995
-994
-995
-994
-995
-994
-994
-994
-995
-995
-995
-994
-995
-994
-995
-994
-995
-994
-995
-994
-995
-994
-994
-994
-994
-994
-995
-995
-994
-995
-994
-994
-995
-995
-993
-994
-994
-994
-994
-994
-994
-995
-994
-995
-994
-995
-994
-995
-993
-995
-994
-994
-995
-994
-995
-993
-995
-994
-995
-995
-994
-994
-995
-995
-994
-994
-995
-994
-994
-995
-995
-993
-995
-994
-995
-994
-994
-995
-969
-976
-980
-994
-994
-994
-995
-994
-994
-994
-995
-994
-994
-995
-994
-994
-994
-994
-995
-995
-994
-994
-994
-995
-994
-995
-994
-995
-994
-994
-995
-974
-994
-994
-995
-994
-995
-994
-994
-995
-994
-995
-995
-995
-995
-995
-994
-995
-995
-976
-992
-994
-994
-995
-994
-995
-994
-995
-995
-994
-994
-995
-994
-995
-993
-994
-995
-994
-994
-994
-995
-994
-995
-993
-995
-994
-994
-994
-995
-995
-994
-994
-995
-994
-995
-995
-993
-995
-995
-994
-994
-994
-994
-995
-994
-995
-994
-995
-993
-995
-994
-994
-995
-993
-994
-994
-994
-995
-994
-994
-995
-995
-993
-994
-994
-994
-995
-993
-995
-994
-995
-995
-994
-994
-994
-994
-995
-983
-995
-994
-995
-995
-994
-994
-995
-994
-995
-994
-995
-982
-994
-994
-995
-995
-994
-994
-994
-995
-994
-995
-976
-995
-994
-995
-995
-983
-994
-994
-995
-976
-995
-994
-994
-994
-994
-994
-995
-995
-995
-995
-994
-995
-995
-995
-994
-994
-995
-993
-995
-993
-994
-994
-995
-994
-994
-994
-994
-995
-995
-993
-994
-994
-994
-994
-994
-994
-994
-994
-995
-971
-994
-995
-994
-994
-995
-963
-995
-976
-982
-994
-995
-983
-982
-982
-983
-994
-995
-995
-994
-994
-995
-995
-994
-994
-995
-994
-995
-994
-996
-995
-995
-994
-995
-995
-996
-976
-970
-994
-994
-995
-996
-976
-983
-994
-995
-995
-994
-995
-995
-994
-994
-994
-995
-976
-995
-976
-995
-995
-974
-994
-994
-995
-971
-976
-995
-994
-995
-966
-996
-990
-995
-994
-996
-980
-994
-995
-982
-995
-974
-994
-994
-995
-976
-982
-994
-994
-994
-994
-995
-974
-994
-994
-994
-995
-996
-983
-994
-996
-980
-994
-996
-981
-996
-989
-994
-996
-980
-994
-996
-976
-939
-994
-994
-995
-967
-976
-995
-995
-995
-994
-995
-994
-995
-976
-995
-976
-983
-994
-995
-994
-994
-995
-995
-994
-994
-994
-995
