agent: texplore
env: asterix
model: M5 Tree
Environment is episodic.
set statesPerDim to 0 for all dim
feature 0 has range 30
feature 1 has range 30
feature 2 has range 30
reward range: 1001
Parallel ETUCT tracking real state values
Planner using history size: 0
Start model learning thread
start parallel uct planning search thread
Created MultClass 0 with nModels: 5
Created m5 decision tree 0 multivariate regression (all feats) MIN_SDR: 0.003
Created m5 decision tree 6 multivariate regression (all feats) MIN_SDR: 0.003
Created m5 decision tree 12 multivariate regression (all feats) MIN_SDR: 0.003
Created m5 decision tree 18 multivariate regression (all feats) MIN_SDR: 0.003
Created m5 decision tree 24 multivariate regression (all feats) MIN_SDR: 0.003
Created MultClass 3 with nModels: 5
Created m5 decision tree 3 multivariate regression (all feats) MIN_SDR: 0.1001
Created m5 decision tree 9 multivariate regression (all feats) MIN_SDR: 0.1001
Created m5 decision tree 15 multivariate regression (all feats) MIN_SDR: 0.1001
Created m5 decision tree 21 multivariate regression (all feats) MIN_SDR: 0.1001
Created m5 decision tree 27 multivariate regression (all feats) MIN_SDR: 0.1001
Created MultClass 4 with nModels: 5
Created m5 decision tree 4 multivariate regression (all feats) MIN_SDR: 0.0001
Created m5 decision tree 10 multivariate regression (all feats) MIN_SDR: 0.0001
Created m5 decision tree 16 multivariate regression (all feats) MIN_SDR: 0.0001
Created m5 decision tree 22 multivariate regression (all feats) MIN_SDR: 0.0001
Created m5 decision tree 28 multivariate regression (all feats) MIN_SDR: 0.0001
Created MultClass 1 with nModels: 5
Created m5 decision tree 1 multivariate regression (all feats) MIN_SDR: 0.003
Created m5 decision tree 7 multivariate regression (all feats) MIN_SDR: 0.003
Created m5 decision tree 13 multivariate regression (all feats) MIN_SDR: 0.003
Created m5 decision tree 19 multivariate regression (all feats) MIN_SDR: 0.003
Created m5 decision tree 25 multivariate regression (all feats) MIN_SDR: 0.003
Created MultClass 2 with nModels: 5
Created m5 decision tree 2 multivariate regression (all feats) MIN_SDR: 0.003
Created m5 decision tree 8 multivariate regression (all feats) MIN_SDR: 0.003
Created m5 decision tree 14 multivariate regression (all feats) MIN_SDR: 0.003
Created m5 decision tree 20 multivariate regression (all feats) MIN_SDR: 0.003
Created m5 decision tree 26 multivariate regression (all feats) MIN_SDR: 0.003
-980
-995
-994
-995
-996
-989
-994
-991
-996
-994
-994
-995
-995
-996
-996
-995
-994
-991
-995
-996
-991
-994
-995
-996
-991
-992
-995
-993
-995
-994
-994
-996
-992
-994
-996
-993
-995
-996
-996
-996
-994
-996
-994
-993
-995
-995
-996
-993
-995
-995
-995
-994
-995
-992
-995
-996
-995
-993
-977
-995
-995
-996
-981
-995
-995
-993
-994
-994
-995
-994
-996
-995
-994
-996
-994
-992
-996
-995
-995
-990
-982
-993
-997
-996
-992
-981
-996
-996
-994
-996
-992
-991
-995
-993
-975
-997
-997
-997
-994
-995
-995
-991
-993
-993
-993
-994
-997
-997
-997
-995
-995
-980
-995
-993
-994
-995
-994
-994
-997
-994
-985
-987
-994
-974
-995
-995
-994
-995
-994
-994
-994
-995
-994
-994
-995
-994
-994
-995
-995
-990
-993
-980
-995
-995
-983
-995
-995
-995
-993
-996
-994
-996
-995
-993
-995
-994
-995
-995
-995
-995
-995
-994
-995
-995
-996
-995
-989
-995
-977
-938
-992
-995
-990
-979
-976
-995
-975
-995
-992
-992
-995
-996
-982
-990
-994
-982
-994
-994
-995
-994
-996
-996
-995
-995
-991
-996
-992
-994
-996
-994
-992
-994
-997
-994
-995
-996
-994
-993
-995
-995
-995
-977
-977
-996
-994
-960
-994
-960
-994
-994
-994
-996
-994
-996
-994
-996
-994
-996
-982
-979
-994
-994
-995
-996
-997
-983
-994
-996
-993
-993
-996
-996
-993
-992
-981
-996
-980
-981
-994
-996
-996
-994
-996
-994
-996
-975
-994
-996
-994
-996
-974
-996
-994
-996
-994
-993
-996
-977
-995
-994
-996
-997
-996
-994
-996
-996
-996
-996
-996
-976
-994
-996
-994
-996
-960
-996
-996
-976
-996
-995
-994
-994
-995
-995
-994
-992
-994
-994
-994
-994
-992
-994
-994
-994
-996
-992
-996
-994
-994
-994
-994
-994
-994
-995
-996
-992
-996
-994
-995
-994
-994
-994
-994
-994
-994
-991
-996
-996
-994
-994
-996
-996
-996
-996
-994
-994
-994
-995
-976
-980
-996
-994
-991
-995
-995
-995
-994
-996
-918
-994
-996
-995
-994
-985
-994
-996
-945
-967
-997
-997
-995
-996
-996
-996
-996
-996
-996
-996
-996
-996
-996
-996
-996
-996
-996
-996
-996
-996
-996
-996
-996
-996
-996
-996
-996
-994
-996
-996
-996
-996
-996
-996
-996
-996
-996
-996
-996
-996
-996
-996
-996
-996
-996
-996
-996
-996
-996
-996
-996
-996
-996
-996
-996
-996
-996
-996
-996
-996
-996
-996
-996
-996
-996
-996
-994
-996
-996
-996
-994
-996
-996
-989
-992
-962
-994
-996
-993
-995
-995
-995
-995
-995
-995
-995
-995
-995
-975
-996
-992
-995
-992
-992
-992
-992
-995
-974
-996
-995
-992
-995
-994
-990
-994
-994
-995
-994
-996
-994
-995
-994
-979
-982
-994
-977
-994
-992
-995
-995
-990
-994
-995
-995
-994
-994
-994
-992
-993
-993
-993
-993
-993
-993
-994
-994
-994
-994
-994
-994
-994
-995
-947
-994
-995
-932
-994
-995
-982
-990
-995
-977
-994
-994
-994
-995
-994
-994
-994
-994
-994
-993
-993
-993
-993
-990
-994
-994
-994
-994
-994
-994
-994
-994
-994
-994
-994
-996
-995
-995
-995
-995
-994
-994
-994
-994
-994
-995
-995
-995
-995
-995
-995
-995
-995
-995
-995
-995
-995
-995
-995
-995
-995
-995
-995
-995
-994
-994
-994
-995
-995
-975
-996
-994
-995
-995
-995
-988
-994
-995
-995
-995
-994
-994
-994
-994
-994
-994
-994
-994
-994
-994
-994
-994
-994
-994
-994
-994
-994
-994
-994
-994
-994
-994
-994
-994
-995
-994
-994
-994
-994
-994
-994
-994
-994
-994
-994
-994
-991
-994
-993
-994
-994
-994
-994
-994
-994
-994
-994
-994
-994
-994
-994
-993
-993
-993
-993
-993
-994
-994
-994
-994
-994
-994
-994
-994
-994
-994
-994
-994
-994
-994
-994
-994
-993
-994
-994
-993
-994
-976
-980
-994
-975
-994
-987
-994
-994
-977
-990
-994
-993
-993
-994
-994
-993
-993
-993
-993
-993
-993
-993
-993
-993
-993
-993
-993
-993
-993
-994
-993
-994
-994
-994
-994
-994
-994
-994
-994
-994
-994
-994
-994
-994
-994
-994
-994
-994
-994
-994
-994
-994
-994
-994
-994
-994
-994
-994
-994
-994
-994
-994
-994
-994
-994
-994
-994
-994
-994
-994
-994
-994
-994
-994
-994
-994
-994
-994
-994
-994
-994
-994
-993
-993
-993
-994
-994
-994
-994
-994
-994
-994
-994
-994
-994
-994
-994
-994
-994
-994
-994
-993
-993
-993
-994
-994
-994
-994
-994
-994
-994
-994
-994
-994
-994
-994
-994
-994
-994
-994
-994
-994
-994
-994
-994
-994
-994
-994
-994
-994
-994
-994
-994
-994
-994
-994
-994
-994
-994
-994
-994
-994
-994
-994
-994
-994
-994
-994
-994
-994
-994
-994
-994
-994
-994
-994
-994
-994
-994
-994
-994
-994
-994
-994
-994
-994
-994
-994
-994
-994
-994
-994
-994
-994
-994
-994
-994
-994
-994
-994
-994
-994
-994
-994
-994
-994
-994
-994
-994
-994
-994
-994
-994
-994
-994
-994
-994
-994
-994
-994
-994
-994
-994
-994
-994
-994
-994
-996
-994
-994
-996
-996
-994
-994
-994
-994
-994
-994
-994
-990
-994
-994
-994
-994
-994
-994
-994
-994
-994
-994
-994
-994
-994
-994
-995
-995
-994
-994
-994
-994
-993
-993
-993
-994
-994
-994
-993
-993
-994
-994
-994
-994
-994
-994
-994
-994
-994
-994
-994
-994
-994
-993
-993
-994
-994
-994
-994
-995
-996
-996
-996
-996
-996
-996
-996
-996
-994
-996
-996
-996
-996
-996
-996
-996
-996
-994
-994
-994
-996
-996
-996
-996
-996
-996
-996
-994
-996
-996
-994
-995
-996
-996
-996
-996
-996
-994
-996
-996
-996
-996
-996
-996
-996
-996
-996
-996
-996
-996
-996
-995
-996
-994
-996
-996
-996
-996
-996
-996
-996
-994
-994
-994
-994
-994
-994
-996
-996
-996
-994
-994
-994
-994
-994
