agent: texplore
env: asterix
model: M5 Tree
Environment is episodic.
set statesPerDim to 0 for all dim
feature 0 has range 30
feature 1 has range 30
feature 2 has range 30
reward range: 1001
Parallel ETUCT tracking real state values
Planner using history size: 0
Start model learning thread
start parallel uct planning search thread
Created MultClass 0 with nModels: 5
Created m5 decision tree 0 multivariate regression (all feats) MIN_SDR: 0.003
Created m5 decision tree 6 multivariate regression (all feats) MIN_SDR: 0.003
Created m5 decision tree 12 multivariate regression (all feats) MIN_SDR: 0.003
Created m5 decision tree 18 multivariate regression (all feats) MIN_SDR: 0.003
Created m5 decision tree 24 multivariate regression (all feats) MIN_SDR: 0.003
Created MultClass 3 with nModels: 5
Created m5 decision tree 3 multivariate regression (all feats) MIN_SDR: 0.1001
Created m5 decision tree 9 multivariate regression (all feats) MIN_SDR: 0.1001
Created m5 decision tree 15 multivariate regression (all feats) MIN_SDR: 0.1001
Created m5 decision tree 21 multivariate regression (all feats) MIN_SDR: 0.1001
Created m5 decision tree 27 multivariate regression (all feats) MIN_SDR: 0.1001
Created MultClass 4 with nModels: 5
Created m5 decision tree 4 multivariate regression (all feats) MIN_SDR: 0.0001
Created m5 decision tree 10 multivariate regression (all feats) MIN_SDR: 0.0001
Created m5 decision tree 16 multivariate regression (all feats) MIN_SDR: 0.0001
Created m5 decision tree 22 multivariate regression (all feats) MIN_SDR: 0.0001
Created m5 decision tree 28 multivariate regression (all feats) MIN_SDR: 0.0001
Created MultClass 1 with nModels: 5
Created m5 decision tree 1 multivariate regression (all feats) MIN_SDR: 0.003
Created m5 decision tree 7 multivariate regression (all feats) MIN_SDR: 0.003
Created m5 decision tree 13 multivariate regression (all feats) MIN_SDR: 0.003
Created m5 decision tree 19 multivariate regression (all feats) MIN_SDR: 0.003
Created m5 decision tree 25 multivariate regression (all feats) MIN_SDR: 0.003
Created MultClass 2 with nModels: 5
Created m5 decision tree 2 multivariate regression (all feats) MIN_SDR: 0.003
Created m5 decision tree 8 multivariate regression (all feats) MIN_SDR: 0.003
Created m5 decision tree 14 multivariate regression (all feats) MIN_SDR: 0.003
Created m5 decision tree 20 multivariate regression (all feats) MIN_SDR: 0.003
-994
Created m5 decision tree 26 multivariate regression (all feats) MIN_SDR: 0.003
-989
-993
-994
-994
-994
-995
-994
-995
-994
-995
-995
-993
-995
-994
-994
-995
-990
-993
-995
-993
-996
-995
-994
-993
-991
-995
-994
-994
-994
-995
-994
-994
-996
-994
-994
-995
-994
-994
-994
-995
-994
-995
-994
-994
-994
-992
-991
-996
-991
-994
-991
-996
-995
-994
-995
-994
-995
-995
-996
-995
-991
-994
-995
-995
-945
-995
-995
-994
-995
-994
-995
-990
-996
-996
-996
-996
-996
-974
-997
-997
-995
-995
-995
-974
-990
-994
-995
-990
-994
-995
-986
-987
-974
-995
-995
-995
-995
-995
-995
-995
-995
-994
-994
-994
-994
-994
-994
-994
-994
-994
-994
-994
-994
-994
-996
-994
-994
-994
-994
-994
-994
-995
-994
-995
-994
-995
-974
-994
-995
-994
-995
-994
-994
-987
-994
-994
-994
-994
-974
-995
-994
-996
-996
-996
-996
-996
-996
-994
-996
-995
-974
-995
-995
-995
-995
-995
-990
-974
-996
-974
-987
-995
-995
-994
-973
-994
-973
-974
-995
-995
-995
-995
-996
-995
-997
-996
-996
-996
-996
-997
-996
-996
-996
-996
-994
-994
-994
-994
-994
-994
-994
-994
-994
-994
-994
-996
-997
-992
-995
-994
-994
-994
-994
-994
-994
-994
-994
-994
-994
-994
-994
-994
-994
-994
-994
-996
-997
-996
-994
-994
-995
-995
-994
-994
-995
-995
-996
-995
-995
-995
-995
-995
-995
-995
-996
-994
-994
-994
-994
-974
-996
-995
-996
-995
-994
-974
-994
-974
-994
-974
-994
-973
-973
-995
-996
-995
-994
-995
-996
-995
-996
-995
-996
-996
-996
-994
-994
-995
-996
-995
-995
-992
-994
-995
-973
-996
-994
-994
-994
-994
-974
-994
-994
-994
-994
-995
-973
-997
-994
-994
-994
-995
-995
-973
-997
-996
-996
-994
-994
-994
-994
-994
-994
-994
-994
-994
-994
-994
-994
-994
-994
-994
-994
-994
-994
-994
-994
-994
-996
-997
-994
-996
-994
-994
-994
-994
-994
-994
-994
-994
-994
-994
-994
-995
-985
-995
-973
-994
-995
-973
-994
-995
-973
-994
-994
-994
-996
-994
-995
-995
-995
-995
-973
-997
-997
-997
-997
-996
-994
-994
-994
-994
-994
-994
-994
-995
-974
-996
-996
-996
-996
-996
-994
-995
-973
-996
-994
-994
-994
-994
-994
-994
-994
-994
-994
-994
-994
-994
-994
-994
-994
-994
-994
-995
-987
-995
-987
-995
-987
-995
-987
-995
-987
-995
-987
-995
-987
-995
-987
-995
-987
-995
-973
-994
-995
-973
-994
-995
-973
-994
-995
-973
-994
-995
-973
-994
-995
-973
-996
-994
-994
-995
-973
-994
-995
-973
-994
-995
-973
-994
-995
-973
-994
-995
-973
-994
-995
-973
-994
-995
-973
-994
-995
-973
-994
-995
-973
-994
-995
-973
-994
-995
-973
-995
-994
-995
-973
-994
-995
-972
-994
-995
-994
-995
-994
-995
-994
-995
-973
-995
-995
-994
-973
-995
-973
-994
-995
-973
-994
-995
-973
-994
-995
-973
-994
-995
-973
-994
-995
-973
-994
-995
-973
-994
-995
-973
-994
-995
-973
-994
-995
-973
-994
-995
-974
-994
-995
-973
-994
-995
-973
-994
-995
-973
-994
-995
-973
-994
-995
-973
-994
-995
-973
-994
-995
-973
-994
-995
-973
-994
-995
-973
-994
-995
-973
-994
-995
-973
-994
-995
-973
-994
-995
-973
-995
-994
-972
-995
-994
-973
-996
-994
-994
-994
-994
-994
-994
-994
-995
-994
-995
-994
-995
-994
-995
-994
-995
-995
-995
-995
-995
-995
-995
-995
-994
-995
-995
-973
-994
-995
-994
-995
-994
-995
-994
-995
-996
-994
-995
-990
-973
-994
-995
-973
-994
-995
-942
-996
-996
-995
-995
-994
-973
-995
-994
-973
-995
-994
-973
-995
-994
-972
-995
-995
-994
-973
-995
-994
-973
-995
-995
-995
-995
-995
-994
-994
-994
-942
-995
-995
-995
-994
-995
-994
-995
-994
-994
-994
-970
-995
-995
-994
-995
-994
-995
-994
-994
-994
-994
-994
-995
-996
-996
-996
-996
-996
-996
-994
-994
-994
-994
-994
-994
-994
-994
-994
-994
-994
-970
-973
-996
-994
-994
-994
-994
-994
-994
-994
-970
-994
-994
-994
-994
-994
-994
-994
-994
-994
-995
-994
-995
-994
-995
-994
-987
-995
-994
-995
-994
-995
-994
-995
-994
-987
-987
-987
-995
-973
-995
-973
-995
-973
-987
-995
-973
-995
-995
-861
-972
-994
-995
-994
-995
-994
-995
-994
-973
-996
-972
-973
-995
-995
-994
-994
-994
-994
-994
-994
-994
-994
-994
-995
-994
-995
-994
-995
-996
-994
-995
-995
-995
-995
-974
-996
-996
-996
-994
-994
-994
-994
-994
-995
-970
-994
-995
-994
-995
-994
-994
-994
-995
-994
-994
-994
-994
-994
-994
-994
-994
-994
-994
-994
-994
-994
-994
-994
-994
-994
-995
-996
-994
-995
-994
-995
-994
-995
-994
-995
-973
-994
-995
-973
-994
-995
-973
-994
-995
-994
-995
-994
-995
-973
-997
-997
-995
-973
-994
-995
-973
-994
-995
-973
-994
-995
-973
-995
-994
-995
-995
-995
-995
-995
-995
-995
-995
-995
-995
-995
-994
-995
-994
-994
-994
-994
-994
-994
-994
-994
-994
-995
-995
-995
-944
-972
-995
-959
-995
-994
-995
-994
-995
-994
-995
-994
-995
-994
-995
-995
-994
-995
-995
-995
-995
-994
-995
-994
-995
-994
-959
-995
-994
-959
-973
-994
-995
-994
-995
-994
-995
-994
-995
-995
-995
-995
-995
-995
-994
-995
-994
-995
-994
-860
-995
-995
-995
-972
-972
-944
-972
-972
-972
-995
-995
-995
-994
-995
-995
201
-994
201
201
-990
-995
-990
-995
-990
-995
-990
-995
-990
-995
-990
-995
-990
-995
-987
-987
-987
201
-987
-987
-987
-987
-987
-987
-987
-987
-987
-987
-987
-987
-987
-987
-987
-987
-987
-987
-987
-987
-987
-987
-987
-987
-987
-987
-987
-987
-987
-987
-987
-987
-987
-987
-987
-987
-987
-987
-987
-987
-987
-987
-987
-987
-987
-987
-987
-987
-987
-987
