agent: texplore
env: asterix
model: M5 Tree
Environment is episodic.
set statesPerDim to 0 for all dim
feature 0 has range 30
feature 1 has range 30
feature 2 has range 30
reward range: 1001
Parallel ETUCT tracking real state values
Planner using history size: 0
Start model learning thread
start parallel uct planning search thread
Created MultClass 0 with nModels: 5
Created m5 decision tree 0 multivariate regression (all feats) MIN_SDR: 0.003
Created m5 decision tree 6 multivariate regression (all feats) MIN_SDR: 0.003
Created m5 decision tree 12 multivariate regression (all feats) MIN_SDR: 0.003
Created m5 decision tree 18 multivariate regression (all feats) MIN_SDR: 0.003
Created m5 decision tree 24 multivariate regression (all feats) MIN_SDR: 0.003
Created MultClass 3 with nModels: 5
Created m5 decision tree 3 multivariate regression (all feats) MIN_SDR: 0.1001
Created m5 decision tree 9 multivariate regression (all feats) MIN_SDR: 0.1001
Created m5 decision tree 15 multivariate regression (all feats) MIN_SDR: 0.1001
Created m5 decision tree 21 multivariate regression (all feats) MIN_SDR: 0.1001
Created m5 decision tree 27 multivariate regression (all feats) MIN_SDR: 0.1001
Created MultClass 4 with nModels: 5
Created m5 decision tree 4 multivariate regression (all feats) MIN_SDR: 0.0001
Created m5 decision tree 10 multivariate regression (all feats) MIN_SDR: 0.0001
Created m5 decision tree 16 multivariate regression (all feats) MIN_SDR: 0.0001
Created m5 decision tree 22 multivariate regression (all feats) MIN_SDR: 0.0001
Created m5 decision tree 28 multivariate regression (all feats) MIN_SDR: 0.0001
Created MultClass 1 with nModels: 5
Created m5 decision tree 1 multivariate regression (all feats) MIN_SDR: 0.003
Created m5 decision tree 7 multivariate regression (all feats) MIN_SDR: 0.003
Created m5 decision tree 13 multivariate regression (all feats) MIN_SDR: 0.003
Created m5 decision tree 19 multivariate regression (all feats) MIN_SDR: 0.003
Created m5 decision tree 25 multivariate regression (all feats) MIN_SDR: 0.003
Created MultClass 2 with nModels: 5
Created m5 decision tree 2 multivariate regression (all feats) MIN_SDR: 0.003
Created m5 decision tree 8 multivariate regression (all feats) MIN_SDR: 0.003
Created m5 decision tree 14 multivariate regression (all feats) MIN_SDR: 0.003
Created m5 decision tree 20 multivariate regression (all feats) MIN_SDR: 0.003
Created m5 decision tree 26 multivariate regression (all feats) MIN_SDR: 0.003
-994
-991
-995
-996
-995
-982
-994
-995
-992
-994
-995
-995
-990
-985
-995
-996
-997
-997
-997
-997
-997
-997
-997
-997
-997
-997
-997
-997
-997
-997
-997
-997
-997
-997
-997
-997
-997
-997
-997
-997
-997
-997
-997
-997
-997
-997
-997
-997
-997
-997
-997
-981
-996
-979
-995
-995
-995
-994
-995
-995
-995
-996
-992
-992
-993
-996
-993
-995
-996
-991
-988
-988
-995
-995
-995
-991
-995
-993
-994
-993
-995
-994
-993
-993
-992
-993
-975
-992
-993
-992
-993
-993
-991
-992
-992
-992
-974
-972
-971
-973
-967
-993
-995
-996
-992
-996
-969
-988
-988
-988
-988
-996
-986
-988
-988
-991
-991
-991
-988
-988
-987
-988
-987
-987
-987
-988
-989
-996
-996
-996
-996
-996
-996
-996
-996
-989
-995
-996
-987
-996
-986
-988
-988
-988
-987
-987
-996
-986
-987
-996
-987
-988
-996
-986
-991
-987
-991
-973
-993
-992
-992
-992
-992
-991
-991
-993
-992
-991
-996
-992
-992
-991
-973
-991
-993
-992
-992
-993
-974
-992
-994
-993
-992
-992
-992
-992
-993
-993
-994
-973
-993
-994
-995
-994
-994
-994
-995
-994
-994
-995
-995
-995
-995
-995
-993
-993
-977
-994
-974
-995
-988
-994
-988
-995
-987
-988
-972
-995
-991
-993
-995
-973
-995
-995
-995
-995
-996
-995
-996
-995
-995
-995
-995
-995
-995
-995
-996
-995
-996
-995
-996
-992
-995
-996
-991
-995
-995
-995
-995
-995
-994
-996
-995
-993
-994
-995
-994
-994
-995
-994
-995
-994
-995
-994
-995
-996
-995
-996
-995
-995
-995
-995
-995
-995
-995
-994
-996
-995
-996
-992
-995
-996
-988
-973
-992
-992
-991
-995
-996
-973
-991
-995
-996
-989
-996
-988
-995
-996
-995
-996
-995
-995
-995
-996
-995
-995
-995
-995
-995
-995
-995
-995
-995
-995
-995
-995
-996
-995
-996
-992
-995
-996
-992
-995
-996
-973
-995
-996
-988
-995
-996
-995
-996
-987
-987
-987
-993
-995
-996
-991
-993
-993
-993
-993
-993
-993
-993
-993
-993
-993
-993
-993
-973
-995
-992
-973
-992
-995
-996
-992
-995
-995
-995
-995
-995
-996
-995
-996
-992
-995
-995
-995
-996
-992
-996
-996
-996
-996
-996
-996
-996
-996
-996
-988
-987
-987
-996
-996
-987
-996
-988
-992
-993
-993
-993
-993
-993
-993
-993
-993
-993
-993
-996
-993
-996
-993
-996
-993
-993
-993
-993
-993
-993
-993
-993
-988
-995
-986
-995
-991
-993
-993
-993
-994
-995
-991
-994
-995
-995
-995
-995
-995
-995
-995
-995
-995
-995
-995
-996
-991
-988
-992
-995
-996
-992
-995
-996
-992
-995
-996
-992
-995
-996
-992
-995
-996
-995
-996
-995
-996
-995
-996
-992
-995
-996
-992
-995
-996
-992
-995
-996
-992
-995
-996
-992
-995
-996
-992
-995
-996
-996
-992
-995
-996
-992
-992
-992
-992
-992
-992
-992
-992
-992
-992
-992
-992
-992
-992
-992
-992
-992
-992
-992
-992
-992
-992
-992
-992
-992
-992
-992
-992
-992
-992
-992
-992
-992
-992
-992
-992
-992
-992
-988
-996
-996
-996
-996
-996
-996
-996
-996
-996
-996
-996
-996
-996
-996
-996
-996
-996
-996
-996
-996
-996
-996
-996
-997
-997
-997
-997
-997
-997
-997
-997
-997
-997
-997
-997
-997
-997
-997
-997
-997
-997
-997
-997
-997
-997
-997
-973
-996
-973
-996
-988
-996
-988
-996
-988
-996
-988
-996
-988
-996
-988
-996
-988
-996
-991
-992
-992
-992
-988
-996
-973
-996
-973
-996
-973
-996
-989
-988
-996
-989
-996
-996
-996
-996
-996
-996
-996
-996
-996
-996
-996
-996
-996
-996
-996
-996
-996
-996
-996
-996
-996
-996
-996
-996
-996
-996
-996
-996
-996
-996
-996
-996
-996
-996
-996
-996
-996
-996
-996
-996
-996
-996
-996
-996
-996
-996
-996
-996
-996
-989
-992
-992
-995
-996
-996
-995
-992
-993
-993
-993
-995
-996
-997
-997
-997
-997
-997
-997
-997
-997
-997
-997
-997
-997
-997
-997
-997
-997
-997
-997
-997
-997
-997
-997
-997
-997
-997
-997
-997
-997
-997
-997
-997
-997
-997
-997
-997
-997
-997
-997
-997
-997
-997
-997
-997
-997
-997
-997
-997
-997
-997
-997
-997
-997
-997
-997
-997
-997
-997
-997
-997
-997
-997
-997
-997
-997
-997
-997
-997
-997
-997
-997
-997
-997
-997
-997
-997
-997
-997
-997
-997
-997
-997
-997
-997
-997
-997
-997
-997
-997
-997
-997
-997
-997
-997
-997
-997
-997
-997
-997
-997
-997
-997
-997
-997
-997
-997
-997
-997
-997
-997
-997
-997
-997
-997
-996
-996
-996
-996
-996
-996
-996
-996
-996
-996
-996
-992
-993
-995
-992
-995
-996
-996
-996
-996
-996
-996
-996
-996
-992
-993
-993
-995
-996
-996
-996
-996
-996
-996
-996
-996
-996
-995
-995
-995
-997
-997
-997
-997
-997
-997
-997
-997
-997
-996
-995
-996
-995
-995
-995
-995
-995
-995
-995
-995
-995
-995
-995
-995
-995
-995
-995
-995
-995
-995
-995
-995
-995
-995
-995
-995
-995
-995
-995
-995
-995
-995
-995
-995
-995
-995
-995
-995
-995
-995
-995
-995
-995
-995
-995
-995
-995
-995
-995
-995
-995
-995
-995
-995
-995
-995
-995
-995
-995
-995
-995
-995
-995
-995
-995
-995
-995
-995
-995
-995
-995
-995
-995
-995
-995
-995
-995
-995
-995
-995
-995
-995
-995
-995
-995
-995
-995
-995
-995
-995
-995
-995
-995
-995
-995
-995
-995
-995
-995
-995
-992
-994
-992
-993
-993
-993
-993
-993
-994
-995
-995
-995
-995
-995
-995
-995
-995
-995
-995
-995
-995
-995
-995
-995
-995
-995
-995
-995
-995
-995
-995
-995
-995
-995
-995
-995
-995
-995
-995
-995
-995
-995
-992
-993
-993
-993
-993
-993
-993
-993
-993
-993
-993
-994
-995
-995
-992
-994
-995
-995
-995
-995
-995
-995
-995
-995
-995
-995
-995
-995
-995
-995
