agent: texplore
env: asterix
model: M5 Tree
Environment is episodic.
set statesPerDim to 0 for all dim
feature 0 has range 30
feature 1 has range 30
feature 2 has range 30
reward range: 1001
Parallel ETUCT tracking real state values
Planner using history size: 0
Start model learning thread
start parallel uct planning search thread
Created MultClass 0 with nModels: 5
Created m5 decision tree 0 multivariate regression (all feats) MIN_SDR: 0.003
Created m5 decision tree 6 multivariate regression (all feats) MIN_SDR: 0.003
Created m5 decision tree 12 multivariate regression (all feats) MIN_SDR: 0.003
Created m5 decision tree 18 multivariate regression (all feats) MIN_SDR: 0.003
Created m5 decision tree 24 multivariate regression (all feats) MIN_SDR: 0.003
Created MultClass 3 with nModels: 5
Created m5 decision tree 3 multivariate regression (all feats) MIN_SDR: 0.1001
Created m5 decision tree 9 multivariate regression (all feats) MIN_SDR: 0.1001
Created m5 decision tree 15 multivariate regression (all feats) MIN_SDR: 0.1001
Created m5 decision tree 21 multivariate regression (all feats) MIN_SDR: 0.1001
Created m5 decision tree 27 multivariate regression (all feats) MIN_SDR: 0.1001
Created MultClass 4 with nModels: 5
Created m5 decision tree 4 multivariate regression (all feats) MIN_SDR: 0.0001
Created m5 decision tree 10 multivariate regression (all feats) MIN_SDR: 0.0001
Created m5 decision tree 16 multivariate regression (all feats) MIN_SDR: 0.0001
Created m5 decision tree 22 multivariate regression (all feats) MIN_SDR: 0.0001
Created m5 decision tree 28 multivariate regression (all feats) MIN_SDR: 0.0001
Created MultClass 1 with nModels: 5
Created m5 decision tree 1 multivariate regression (all feats) MIN_SDR: 0.003
Created m5 decision tree 7 multivariate regression (all feats) MIN_SDR: 0.003
Created m5 decision tree 13 multivariate regression (all feats) MIN_SDR: 0.003
-996
Created m5 decision tree 19 multivariate regression (all feats) MIN_SDR: 0.003
Created m5 decision tree 25 multivariate regression (all feats) MIN_SDR: 0.003
Created MultClass 2 with nModels: 5
Created m5 decision tree 2 multivariate regression (all feats) MIN_SDR: 0.003
Created m5 decision tree 8 multivariate regression (all feats) MIN_SDR: 0.003
Created m5 decision tree 14 multivariate regression (all feats) MIN_SDR: 0.003
Created m5 decision tree 20 multivariate regression (all feats) MIN_SDR: 0.003
Created m5 decision tree 26 multivariate regression (all feats) MIN_SDR: 0.003
-997
-994
-994
-995
-997
-960
-994
-990
-994
-995
-992
-992
-982
-994
-994
-994
-987
-994
-995
-996
-995
-993
-995
-994
-996
-982
-981
-994
-995
-992
-994
-994
-994
-995
-994
-995
-993
-994
-995
-995
-995
-995
-994
-995
-994
-994
-992
-994
-995
-994
-995
-996
-981
-995
-991
-993
-993
-993
-993
-993
-993
-994
-994
-994
-994
-994
-996
-994
-994
-994
-992
-994
-994
-994
-994
-994
-994
-994
-993
-993
-994
-994
-993
-993
-993
-993
-993
-993
-995
-991
-991
-991
-991
-995
-992
-992
-991
-991
-991
-992
-992
-992
-991
-992
-992
-993
-992
-993
-992
-993
-992
-993
-992
-994
-993
-993
-993
-993
-989
-995
-994
-991
-992
-989
-993
-991
-992
-992
-991
-992
-993
-993
-992
-992
-992
-992
-990
-992
-991
-991
-991
-992
-992
-992
-993
-993
-991
-992
-992
-992
-992
-991
-991
-992
-991
-992
-992
-978
-992
-991
-991
-991
-991
-992
-993
-993
-993
-992
-993
-992
-992
-992
-992
-991
-992
-994
-994
-991
-991
-991
-992
-992
-992
-980
-994
-994
-980
-970
-994
-994
-994
-994
-994
-994
-992
-963
-993
-991
-992
-992
-991
-991
-993
-990
-992
-990
-992
-990
-990
-990
-993
-993
-990
-993
-990
-990
-993
-993
-993
-993
-993
-993
-990
-990
-990
-990
-990
-990
-990
-990
-990
-990
-992
-992
-988
-989
-984
-992
-992
-992
-993
-992
-992
-992
-992
-993
-992
-992
-992
-992
-992
-992
-992
-984
-982
-989
-983
-988
-983
-990
-983
-982
-931
-992
-991
-992
-991
-991
-993
-993
-990
-991
-991
-992
-982
-819
-990
-985
-990
-990
-990
-990
-992
-992
-992
-992
-992
-992
-992
-992
-992
-992
-992
-992
-992
-992
-992
-992
-992
-990
-990
-931
-991
-985
-984
-992
-992
-992
-992
-992
-992
-992
-992
-992
-992
-992
-992
-992
-992
-992
-992
-992
-992
-992
-992
-992
-992
-992
-992
-992
-992
-992
-992
-992
-992
-992
-992
-992
-992
-992
-992
-992
-992
-992
-992
-992
-992
-992
-992
-992
-992
-992
-992
-992
-992
-992
-992
-991
-977
-982
-991
-981
-981
-991
-991
-991
-991
-991
-991
-991
-991
-991
-991
-991
-991
-991
-991
-991
-991
-991
-991
-991
-991
-991
-991
-991
-991
-991
-991
-991
-991
-991
-991
-991
-991
-991
-991
-991
-991
-991
-991
-991
-991
-991
-991
-991
-991
-991
-991
-991
-991
-992
-992
-992
-992
-992
-992
-992
-992
-992
-992
-992
-992
-992
-992
-992
-992
-992
-992
-992
-992
-992
-992
-992
-992
-992
-992
-992
-992
-992
-992
-992
-992
-992
-992
-992
-992
-992
-992
-992
-991
-991
-991
-991
-991
-991
-989
-990
-990
-991
-991
-984
-991
-991
-991
-991
-991
-991
-991
-991
-991
-991
-991
-991
-991
-991
-991
-992
-991
-989
-989
-992
-992
-992
-984
-985
-996
-986
-987
-996
-973
-985
-984
-996
-983
-984
-985
-989
-986
-989
-991
-991
-991
-991
-991
-991
-958
-984
-991
-972
-994
-959
-991
-959
-991
-972
-991
-959
-991
-973
-973
-973
-973
-985
-990
-930
-990
-874
-984
-990
-984
-990
-984
-990
-984
-990
-984
-990
-990
-984
-990
-984
-990
-990
-983
-983
-984
-977
-960
-992
-992
-984
-990
-984
-990
-984
-990
-984
-990
-984
-990
-989
-984
-989
-984
-985
-985
-985
-985
-985
-985
-985
-985
-991
-984
-985
-984
-991
-991
-991
-991
-991
-991
-991
-984
-984
-985
-983
-984
-982
-977
-984
-984
-979
-976
-976
-976
-992
-992
-992
-992
-992
-992
-992
-992
-992
-990
-996
-990
-996
-990
-996
-992
-992
-992
-990
-996
-992
-992
-990
-996
-990
-992
-983
-983
-983
-983
-983
-984
-996
-984
-996
-984
-996
-984
-996
-984
-996
-984
-996
-984
-996
-991
-996
-991
-991
-992
-992
-992
-991
-991
-991
-991
-991
-991
-991
-991
-959
-983
-991
-981
-981
-981
-991
-991
-991
-991
-991
-991
-991
-981
-991
-991
-991
-991
-979
-979
-979
-978
-978
-978
-979
-978
-982
-983
-982
-983
-991
-996
-991
-996
-991
-991
-991
-991
-991
-991
-996
-991
-996
-991
-996
-991
-991
-991
-991
-990
-990
-990
-990
-990
-990
-990
-990
-990
-990
-990
-990
-990
-990
-990
-990
-991
-991
-991
-991
-991
-991
-991
-991
-991
-991
-991
-991
-991
-991
-991
-991
-991
-991
-991
-991
-991
-991
-991
-991
-991
-991
-991
-991
-991
-991
-991
-991
-991
-991
-991
-983
-991
-991
-991
-991
-991
-991
-992
-992
-992
-992
-985
-991
-985
-991
-975
-984
-991
-984
-991
-991
-990
-989
-990
-990
-990
-991
-991
-991
-991
-991
-991
-991
-991
-991
-991
-991
-991
-991
-991
-991
-991
-991
-991
-991
-991
-991
-991
-991
-991
-991
-991
-991
-991
-991
-991
-991
-991
-991
-991
-991
-991
-991
-991
-991
-991
-991
-991
-991
-991
-991
-991
-990
-990
-990
-990
-990
-990
-991
-992
-992
-992
-992
-992
-992
-992
-992
-991
-991
-991
-991
-992
-992
-991
-991
-992
-992
-992
-992
-992
-992
-992
-992
-992
-992
-992
-991
-991
-991
-991
-991
-991
-991
-990
-991
-991
-991
-991
-991
-991
-991
-991
-991
-991
-991
-991
-991
-991
-991
-990
-990
-990
-990
-992
-992
-991
-991
-991
-991
-991
-991
-992
-992
-991
-991
-991
-991
-991
-991
-990
-991
-991
-990
-990
-990
-990
-990
-990
-990
-990
-990
-971
-992
-992
-992
-992
-992
-992
-992
-992
-992
-992
-984
-990
-984
-990
-984
-990
-983
-983
-984
-983
-982
-982
-984
-984
-985
-990
-985
-990
-985
-990
-985
-990
-984
-985
-990
-984
-984
-983
-983
-982
-960
-982
-982
-982
-982
-960
-960
-982
-984
-990
-973
-975
-975
-973
-983
-975
-975
-984
-973
-982
-982
-982
-976
-982
-982
-982
-982
-977
-977
-977
-977
-977
-977
-977
-977
-977
-977
-977
-977
-977
