agent: texplore
env: asterix
model: M5 Tree
Environment is episodic.
set statesPerDim to 0 for all dim
feature 0 has range 30
feature 1 has range 30
feature 2 has range 30
reward range: 1001
Parallel ETUCT tracking real state values
Planner using history size: 0
start parallel uct planning search thread
Start model learning thread
Created MultClass 0 with nModels: 5
Created m5 decision tree 0 multivariate regression (all feats) MIN_SDR: 0.003
Created m5 decision tree 6 multivariate regression (all feats) MIN_SDR: 0.003
Created m5 decision tree 12 multivariate regression (all feats) MIN_SDR: 0.003
Created m5 decision tree 18 multivariate regression (all feats) MIN_SDR: 0.003
Created m5 decision tree 24 multivariate regression (all feats) MIN_SDR: 0.003
Created MultClass 3 with nModels: 5
Created m5 decision tree 3 multivariate regression (all feats) MIN_SDR: 0.1001
Created m5 decision tree 9 multivariate regression (all feats) MIN_SDR: 0.1001
Created m5 decision tree 15 multivariate regression (all feats) MIN_SDR: 0.1001
Created m5 decision tree 21 multivariate regression (all feats) MIN_SDR: 0.1001
Created m5 decision tree 27 multivariate regression (all feats) MIN_SDR: 0.1001
Created MultClass 4 with nModels: 5
Created m5 decision tree 4 multivariate regression (all feats) MIN_SDR: 0.0001
Created m5 decision tree 10 multivariate regression (all feats) MIN_SDR: 0.0001
Created m5 decision tree 16 multivariate regression (all feats) MIN_SDR: 0.0001
Created m5 decision tree 22 multivariate regression (all feats) MIN_SDR: 0.0001
Created m5 decision tree 28 multivariate regression (all feats) MIN_SDR: 0.0001
Created MultClass 1 with nModels: 5
Created m5 decision tree 1 multivariate regression (all feats) MIN_SDR: 0.003
Created m5 decision tree 7 multivariate regression (all feats) MIN_SDR: 0.003
Created m5 decision tree 13 multivariate regression (all feats) MIN_SDR: 0.003
Created m5 decision tree 19 multivariate regression (all feats) MIN_SDR: 0.003
Created m5 decision tree 25 multivariate regression (all feats) MIN_SDR: 0.003
Created MultClass 2 with nModels: 5
Created m5 decision tree 2 multivariate regression (all feats) MIN_SDR: 0.003
Created m5 decision tree 8 multivariate regression (all feats) MIN_SDR: 0.003
Created m5 decision tree 14 multivariate regression (all feats) MIN_SDR: 0.003
Created m5 decision tree 20 multivariate regression (all feats) MIN_SDR: 0.003
Created m5 decision tree 26 multivariate regression (all feats) MIN_SDR: 0.003
-995
-997
-996
-995
-994
-995
-990
-992
-995
-995
-994
-994
-988
-993
-995
-993
-993
-996
-995
-995
-994
-996
-994
-995
-994
-993
-994
-995
-994
-990
-992
-990
-993
-988
-994
-994
-992
-987
-993
-990
-995
-988
-991
-991
-995
-993
-992
-991
-995
-991
-991
-992
-992
-990
-990
-995
-995
-991
-995
-992
-994
-995
-992
-980
-995
-995
-994
-995
-995
-995
-995
-995
-995
-993
-995
-991
-995
-995
-995
-990
-995
-995
-995
-995
-995
-995
-993
-988
-984
-993
-995
-991
-994
-994
-992
-995
-995
-995
-995
-995
-995
-995
-995
-995
-995
-993
-995
-993
-995
-995
-995
-992
-995
-995
-995
-993
-990
-994
-995
-992
-974
-992
-980
-991
-995
-996
-995
-990
-983
-996
-995
-995
-991
-993
-995
-996
-995
-993
-994
-995
-995
-995
-994
-995
-991
-995
-994
-992
-995
-995
-995
-995
-995
-995
-981
-996
-994
-993
-995
-995
-995
-995
-973
-995
-995
-995
-995
-996
-995
-992
-994
-992
-994
-995
-995
-995
-990
-992
-994
-994
-995
-995
-995
-995
-995
-995
-995
-995
-994
-987
-987
-990
-990
-996
-991
-995
-995
-995
-995
-995
-987
-991
-996
-996
-991
-995
-993
-992
-995
-992
-991
-991
-995
-995
-995
-995
-995
-995
-995
-995
-995
-995
-995
-995
-995
-995
-995
-995
-995
-995
-995
-995
-995
-995
-995
-995
-995
-995
-995
-995
-995
-995
-995
-995
-995
-995
-995
-995
-995
-995
-995
-995
-995
-995
-995
-995
-995
-995
-995
-996
-995
-995
-995
-995
-995
-995
-995
-995
-995
-995
-995
-995
-995
-995
-995
-995
-995
-995
-996
-995
-995
-995
-995
-995
-987
-994
-995
-995
-995
-995
-995
-995
-995
-995
-995
-995
-995
-995
-995
-996
-996
-996
-995
-996
-996
-996
-995
-995
-995
-995
-995
-995
-995
-995
-995
-995
-995
-995
-995
-995
-995
-995
-995
-996
-994
-995
-995
-995
-995
-995
-995
-995
-996
-994
-994
-991
-995
-995
-991
-987
-987
-994
-995
-995
-995
-995
-995
-995
-996
-996
-996
-996
-995
-995
-995
-995
-995
-995
-995
-995
-995
-995
-995
-996
-996
-996
-996
-996
-996
-996
-996
-996
-996
-996
-996
-996
-996
-996
-996
-996
-996
-995
-995
-995
-996
-995
-995
-994
-995
-995
-995
-996
-996
-996
-996
-996
-996
-995
-995
-995
-995
-996
-995
-994
-991
-995
-995
-995
-996
-995
-996
-995
-996
-995
-996
-995
-996
-995
-996
-995
-996
-989
-996
-995
-996
-995
-996
-995
-996
-995
-996
-977
-982
-995
-996
-995
-996
-995
-982
-980
-991
-929
-996
-983
-991
-991
-993
-996
-991
-994
-991
-994
-995
-968
-992
-992
-991
-992
-978
-994
-995
-995
-995
-995
-995
-995
-995
-995
-995
-995
-982
-992
-996
-992
-968
-987
-971
-996
-987
-996
-989
-996
-977
-996
-975
-996
-996
-996
-995
-996
-996
-996
-996
-995
-995
-996
-996
-996
-995
-994
-995
-995
-995
-995
-995
-995
-995
-996
-996
-995
-995
-996
-996
-996
-996
-996
-996
-996
-996
-996
-996
-996
-996
-996
-996
-996
-996
-996
-996
-996
-996
-996
-996
-996
-996
-996
-996
-996
-996
-996
-996
-996
-996
-996
-996
-996
-996
-996
-996
-996
-996
-996
-996
-996
-996
-996
-996
-996
-996
-996
-996
-996
-996
-996
-996
-996
-996
-996
-996
-996
-996
-996
-996
-996
-996
-996
-996
-996
-996
-996
-996
-996
-996
-995
-995
-995
-995
-996
-996
-996
-995
-995
-995
-996
-996
-995
-996
-995
-995
-996
-996
-996
-996
-996
-996
-996
-996
-996
-996
-996
-996
-995
-995
-995
-995
-995
-996
-996
-995
-995
-995
-995
-995
-995
-995
-995
-995
-995
-995
-996
-996
-996
-996
-996
-996
-996
-996
-996
-996
-996
-996
-996
-996
-996
-996
-996
-996
-996
-996
-996
-996
-996
-996
-996
-996
-996
-996
-996
-996
-996
-996
-996
-996
-996
-996
-996
-996
-996
-996
-996
-996
-996
-996
-996
-996
-996
-996
-996
-996
-996
-996
-996
-996
-995
-996
-996
-996
-996
-995
-996
-996
-995
-995
-996
-996
-996
-996
-996
-996
-996
-996
-996
-996
-996
-996
-996
-996
-996
-996
-996
-996
-996
-996
-996
-996
-996
-996
-996
-996
-996
-996
-996
-996
-996
-996
-996
-996
-996
-996
-996
-996
-996
-996
-996
-996
-996
-996
-996
-996
-996
-996
-996
-996
-996
-996
-996
-996
-996
-996
-996
-996
-996
-996
-996
-996
-996
-996
-996
-996
-996
-996
-996
-996
-996
-996
-996
-996
-996
-996
-996
-996
-996
-996
-996
-996
-996
-996
-996
-996
-996
-996
-996
-996
-996
-996
-996
-996
-996
-996
-996
-996
-996
-996
-996
-996
-996
-996
-996
-996
-996
-996
-996
-996
-996
-996
-996
-996
-996
-996
-996
-996
-996
-996
-996
-996
-996
-996
-996
-996
-996
-996
-996
-996
-996
-996
-996
-996
-996
-996
-996
-996
-996
-996
-996
-996
-996
-996
-996
-996
-996
-996
-996
-996
-996
-996
-996
-996
-996
-996
-996
-996
-996
-996
-996
-996
-996
-996
-996
-996
-996
-996
-996
-996
-996
-996
-996
-996
-996
-996
-996
-996
-996
-996
-996
-996
-996
-996
-996
-996
-996
-996
-996
-996
-996
-996
-996
-996
-996
-996
-996
-996
-996
-996
-996
-996
-996
-996
-996
-996
-996
-996
-996
-996
-996
-996
-996
-996
-996
-996
-996
-996
-996
-996
-996
-996
-996
-996
-996
-996
-996
-996
-996
-996
-996
-996
-996
-996
-996
-996
-996
-996
-996
-996
-996
-996
-996
-996
-996
-996
-996
-996
-996
-996
-996
-996
-996
-996
-996
-996
-996
-996
-996
-996
-996
-996
-996
-996
-996
-996
-996
-996
-996
-996
-996
-996
-996
-996
-996
-996
-996
-996
-996
-996
-996
-996
-996
-996
-996
-996
-996
-996
-996
-996
-996
-996
-996
-996
-996
-996
-996
-996
-996
-996
-996
-996
-996
-996
-996
-996
-996
