agent: texplore
env: asterix
model: M5 Tree
Environment is episodic.
set statesPerDim to 0 for all dim
feature 0 has range 30
feature 1 has range 30
feature 2 has range 30
reward range: 1001
Parallel ETUCT tracking real state values
Planner using history size: 0
Start model learning thread
start parallel uct planning search thread
Created MultClass 0 with nModels: 5
Created m5 decision tree 0 multivariate regression (all feats) MIN_SDR: 0.003
Created m5 decision tree 6 multivariate regression (all feats) MIN_SDR: 0.003
Created m5 decision tree 12 multivariate regression (all feats) MIN_SDR: 0.003
Created m5 decision tree 18 multivariate regression (all feats) MIN_SDR: 0.003
Created m5 decision tree 24 multivariate regression (all feats) MIN_SDR: 0.003
Created MultClass 3 with nModels: 5
Created m5 decision tree 3 multivariate regression (all feats) MIN_SDR: 0.1001
Created m5 decision tree 9 multivariate regression (all feats) MIN_SDR: 0.1001
Created m5 decision tree 15 multivariate regression (all feats) MIN_SDR: 0.1001
Created m5 decision tree 21 multivariate regression (all feats) MIN_SDR: 0.1001
Created m5 decision tree 27 multivariate regression (all feats) MIN_SDR: 0.1001
Created MultClass 4 with nModels: 5
Created m5 decision tree 4 multivariate regression (all feats) MIN_SDR: 0.0001
Created m5 decision tree 10 multivariate regression (all feats) MIN_SDR: 0.0001
Created m5 decision tree 16 multivariate regression (all feats) MIN_SDR: 0.0001
Created m5 decision tree 22 multivariate regression (all feats) MIN_SDR: 0.0001
Created m5 decision tree 28 multivariate regression (all feats) MIN_SDR: 0.0001
Created MultClass 1 with nModels: 5
Created m5 decision tree 1 multivariate regression (all feats) MIN_SDR: 0.003
Created m5 decision tree 7 multivariate regression (all feats) MIN_SDR: 0.003
Created m5 decision tree 13 multivariate regression (all feats) MIN_SDR: 0.003
Created m5 decision tree 19 multivariate regression (all feats) MIN_SDR: 0.003
Created m5 decision tree 25 multivariate regression (all feats) MIN_SDR: 0.003
Created MultClass 2 with nModels: 5
Created m5 decision tree 2 multivariate regression (all feats) MIN_SDR: 0.003
Created m5 decision tree 8 multivariate regression (all feats) MIN_SDR: 0.003
Created m5 decision tree 14 multivariate regression (all feats) MIN_SDR: 0.003
-995
Created m5 decision tree 20 multivariate regression (all feats) MIN_SDR: 0.003
Created m5 decision tree 26 multivariate regression (all feats) MIN_SDR: 0.003
-996
-993
-994
-994
-994
-995
-984
-991
-996
-994
-992
-994
-991
-995
-994
-980
-995
-994
-995
-994
-994
-997
-995
-997
-994
-995
-996
-990
-993
-995
-992
-991
-994
-993
-979
-994
-994
-995
-995
-995
-996
-994
-990
-996
-994
-994
-988
-996
-996
-995
-995
-994
-994
-994
-977
-996
-993
-995
-994
-997
-997
-994
-993
-966
-997
-995
-994
-996
-979
-995
-990
-975
-994
-995
-992
-994
-996
-981
-992
-990
-995
-996
-995
-994
-993
-993
-994
-996
-996
-996
-994
-992
-994
-996
-994
-995
-996
-994
-991
-994
-994
-994
-983
-995
-978
-995
-995
-993
-995
-994
-994
-994
-993
-993
-996
-997
-994
-989
-994
-995
-995
-995
-995
-966
-982
-994
-995
-996
-996
-995
-995
-995
-995
-995
-995
-990
-994
-995
-995
-976
-995
-997
-994
-993
-994
-992
-994
-993
-995
-994
-992
-995
-966
-994
-974
-997
-983
-993
-994
-994
-994
-994
-975
-990
-994
-994
-996
-990
-980
-994
-994
-995
-994
-996
-994
-992
-993
-995
-994
-995
-994
-997
-995
-994
-993
-983
-994
-996
-995
-994
-991
-994
-994
-994
-995
-995
-995
-992
-994
-994
-994
-994
-995
-994
-995
-994
-994
-994
-994
-996
-995
-995
-995
-994
-994
-995
-994
-995
-997
-994
-996
-994
-994
-992
-991
-994
-994
-997
-992
-995
-994
-994
-994
-994
-994
-992
-994
-990
-994
-995
-994
-994
-994
-994
-994
-989
-994
-994
-995
-994
-992
-995
-994
-994
-992
-978
-991
-994
-994
-995
-994
-995
-991
-991
-992
-995
-980
-994
-983
-995
-982
-994
-995
-992
-995
-995
-995
-994
-996
-996
-980
-994
-982
-993
-995
-994
-992
-992
-995
-994
-989
-963
-993
-978
-992
-992
-992
-994
-993
-991
-981
-995
-975
-989
-982
-995
-994
-989
-991
-991
-995
-991
-995
-994
-991
-992
-995
-995
-995
-995
-995
-994
-994
-994
-990
-994
-978
-980
-995
-995
-994
-995
-995
-994
-994
-994
-994
-995
-995
-991
-994
-993
-995
-994
-994
-994
-995
-995
-994
-995
-996
-984
-995
-996
-994
-980
-994
-994
-994
-995
-996
-995
-995
-996
-991
-996
-980
-994
-994
-995
-994
-991
-993
-990
-995
-995
-996
-993
-995
-994
-994
-994
-993
-994
-994
-993
-994
-980
-994
-994
-994
-994
-994
-994
-996
-994
-994
-994
-994
-980
-981
-994
-994
-994
-981
-990
-995
-996
-970
-994
-982
-994
-969
-961
-994
-994
-992
-994
-992
-994
-984
-994
-994
-994
-990
-994
-994
-994
-994
-966
-994
-994
-994
-992
-992
-982
-992
-984
-973
-981
-995
-952
-996
-994
-994
-994
-994
-992
-994
-994
-994
-994
-990
-994
-994
-992
-992
-994
-994
-994
-994
-994
-994
-992
-994
-994
-980
-980
-994
-994
-994
-994
-994
-994
-994
-994
-994
-994
-994
-994
-994
-994
-982
-994
-994
-994
-994
-980
-994
-994
-994
-994
-962
-982
-994
-982
-982
-982
-984
-994
-994
-986
-994
-996
-991
-995
-994
-972
-994
-986
-994
-994
-994
-994
-994
-994
-995
-995
-994
-994
-995
-994
-992
-994
-994
-994
-994
-994
-994
-994
-994
-995
-992
-994
-994
-994
-994
-994
-994
-994
-994
-994
-994
-994
-994
-994
-994
-994
-994
-994
-994
-990
-996
-994
-992
-994
-994
-994
-994
-994
-996
-995
-996
-995
-995
-994
-993
-993
-995
-993
-993
-994
-996
-995
-994
-994
-994
-995
-995
-994
-994
-994
-994
-994
-994
-994
-994
-994
-994
-994
-994
-994
-994
-996
-994
-994
-993
-993
-990
-994
-994
-994
-994
-994
-994
-994
-994
-994
-994
-996
-991
-991
-996
-994
-996
-994
-995
-994
-995
-994
-991
-994
-996
-996
-994
-996
-991
-995
-994
-995
-996
-994
-996
-994
-977
-994
-997
-991
-994
-994
-996
-997
-996
-997
-991
-991
-994
-994
-997
-997
-997
-997
-997
-997
-994
-995
-991
-997
-995
-991
-997
-995
-991
-997
-994
-994
-994
-994
-992
-994
-994
-994
-994
-994
-994
-994
-994
-994
-994
-994
-994
-996
-994
-995
-995
-995
-991
-996
-996
-994
-994
-994
-994
-994
-994
-994
-994
-994
-995
-994
-994
-992
-992
-994
-994
-994
-991
-994
-994
-994
-994
-994
-994
-991
-994
-991
-991
-993
-992
-992
-990
-996
-995
-994
-994
-994
-994
-994
-992
-992
-994
-994
-994
-994
-996
-994
-995
-994
-994
-994
-994
-996
-996
-996
-992
-994
-994
-991
-991
-992
-994
-994
-994
-994
-994
-991
-994
-994
-993
-993
-994
-994
-994
-994
-994
-994
-994
-994
-994
-995
-994
-992
-994
-994
-994
-994
-992
-994
-992
-994
-993
-994
-995
-992
-992
-993
-994
-994
-994
-994
-994
-994
-994
-994
-994
-994
-995
-995
-994
-994
-994
-994
-994
-994
-994
-994
-994
-994
-994
-994
-995
-996
-996
-995
-994
-994
-994
-994
-967
-995
-995
-994
-993
-992
-994
-994
-964
-992
-995
-995
-995
-994
-994
-994
-994
-994
-981
-995
-995
-992
-992
-994
-994
-996
-996
-996
-996
-996
-996
-994
-994
-994
-994
-991
-994
-989
-994
-994
-990
-996
-995
-991
-996
-996
-996
-996
-996
-996
-996
-996
-995
-996
-995
-991
-996
-996
-994
-996
-994
-996
-996
-996
-996
-996
-996
-996
-996
-996
-996
-996
-995
-995
-995
-996
-996
-996
-996
-996
-994
-994
-974
-996
-962
-996
-994
-994
-994
-994
-992
-994
-992
-994
-992
-991
-994
-994
-990
-994
-994
-992
-994
-994
-995
-992
-985
-994
-994
-994
-994
-994
-995
-994
-995
-994
-995
-994
-995
-994
-994
-994
-992
-994
-994
-994
-992
-992
-994
-995
-980
-994
-994
-982
-995
-996
-991
-991
-991
-991
-983
-984
-994
-994
-994
-994
-992
-994
-985
-994
-994
-991
-978
-982
-994
-994
-991
-991
-983
-994
-994
-992
-994
-992
-994
-994
-994
-994
-992
-994
-992
-992
-986
-992
-980
-990
-992
-994
-991
-964
-994
