agent: texplore
env: asterix
model: M5 Tree
Environment is episodic.
set statesPerDim to 0 for all dim
feature 0 has range 30
feature 1 has range 30
feature 2 has range 30
reward range: 1001
Parallel ETUCT tracking real state values
Planner using history size: 0
start parallel uct planning search thread
Start model learning thread
Created MultClass 0 with nModels: 5
Created m5 decision tree 0 multivariate regression (all feats) MIN_SDR: 0.003
Created m5 decision tree 6 multivariate regression (all feats) MIN_SDR: 0.003
Created m5 decision tree 12 multivariate regression (all feats) MIN_SDR: 0.003
Created m5 decision tree 18 multivariate regression (all feats) MIN_SDR: 0.003
Created m5 decision tree 24 multivariate regression (all feats) MIN_SDR: 0.003
Created MultClass 3 with nModels: 5
Created m5 decision tree 3 multivariate regression (all feats) MIN_SDR: 0.1001
Created m5 decision tree 9 multivariate regression (all feats) MIN_SDR: 0.1001
Created m5 decision tree 15 multivariate regression (all feats) MIN_SDR: 0.1001
Created m5 decision tree 21 multivariate regression (all feats) MIN_SDR: 0.1001
Created m5 decision tree 27 multivariate regression (all feats) MIN_SDR: 0.1001
Created MultClass 4 with nModels: 5
Created m5 decision tree 4 multivariate regression (all feats) MIN_SDR: 0.0001
Created m5 decision tree 10 multivariate regression (all feats) MIN_SDR: 0.0001
Created m5 decision tree 16 multivariate regression (all feats) MIN_SDR: 0.0001
Created m5 decision tree 22 multivariate regression (all feats) MIN_SDR: 0.0001
Created m5 decision tree 28 multivariate regression (all feats) MIN_SDR: 0.0001
Created MultClass 1 with nModels: 5
Created m5 decision tree 1 multivariate regression (all feats) MIN_SDR: 0.003
Created m5 decision tree 7 multivariate regression (all feats) MIN_SDR: 0.003
Created m5 decision tree 13 multivariate regression (all feats) MIN_SDR: 0.003
Created m5 decision tree 19 multivariate regression (all feats) MIN_SDR: 0.003
Created m5 decision tree 25 multivariate regression (all feats) MIN_SDR: 0.003
Created MultClass 2 with nModels: 5
Created m5 decision tree 2 multivariate regression (all feats) MIN_SDR: 0.003
Created m5 decision tree 8 multivariate regression (all feats) MIN_SDR: 0.003
-996
Created m5 decision tree 14 multivariate regression (all feats) MIN_SDR: 0.003
Created m5 decision tree 20 multivariate regression (all feats) MIN_SDR: 0.003
Created m5 decision tree 26 multivariate regression (all feats) MIN_SDR: 0.003
-994
-994
-995
-991
-996
-997
-994
-992
-993
-994
-993
-992
-994
-994
-994
-996
-992
-993
-992
-993
-995
-994
-995
-979
-993
-994
-995
-995
-981
-995
-995
-994
-992
-995
-995
-992
-995
-988
-994
-992
-992
-995
-994
-995
-995
-994
-992
-990
-994
-992
-994
-977
-991
-980
-993
-993
-992
-968
-995
-993
-994
-995
-994
-995
-994
-996
-994
-989
-994
-995
-977
-994
-994
-992
-994
-996
-993
-996
-994
-966
-988
-991
-991
-994
-994
-992
-995
-994
-995
-970
-994
-994
-994
-995
-995
-988
-995
-994
-994
-994
-994
-986
-995
-994
-994
-994
-962
-994
-994
-989
-990
-979
-984
-992
-993
-980
-994
-994
-990
-990
-993
-994
-993
-980
-987
-995
-994
-995
-954
-995
-994
-963
-993
-993
-993
-993
-994
-994
-994
-994
-994
-994
-994
-992
-994
-992
-994
-992
-993
-996
-996
-996
-994
-993
-979
-995
-996
-996
-996
-995
-994
-994
-997
-995
-995
-993
-995
-994
-994
-994
-992
-992
-995
-994
-978
-979
-995
-994
-981
-995
-980
-994
-992
-982
-993
-980
-978
-971
-995
-980
-995
-995
-997
-994
-995
-995
-994
-973
-981
-995
-995
-995
-995
-995
-997
-997
-997
-994
-994
-991
-994
-991
-991
-991
-993
-994
-996
-991
-997
-993
-994
-993
-993
-993
-994
-994
-994
-994
-993
-994
-993
-993
-975
-995
-995
-978
-993
-984
-991
-993
-982
-989
-995
-995
-997
-959
-991
-995
-994
-994
-994
-995
-995
-994
-994
-995
-977
-994
-995
-995
-993
-990
-991
-994
-992
-994
-995
-993
-993
-992
-993
-993
-993
-994
-994
-993
-993
-994
-981
-995
-993
-997
-990
-979
-994
-994
-996
-994
-997
-997
-997
-997
-997
-994
-994
-994
-967
-993
-997
-997
-997
-997
-996
-995
-994
-995
-992
-983
-993
-995
-996
-994
-994
-994
-984
-994
-994
-994
-997
-997
-994
-994
-994
-994
-981
-993
-994
-994
-994
-994
-994
-994
-996
-994
-994
-994
-994
-994
-994
-994
-994
-994
-994
-994
-994
-994
-994
-994
-994
-996
-993
-996
-994
-994
-994
-996
-994
-994
-994
-994
-989
-994
-994
-996
-994
-994
-994
-994
-994
-994
-994
-994
-994
-994
-994
-993
-992
-992
-992
-992
-994
-993
-978
-994
-994
-993
-979
-994
-994
-994
-981
-993
-993
-994
-994
-982
-994
-997
-979
-994
-994
-994
-994
-985
-985
-990
-983
-991
-990
-994
-995
-996
-990
-992
-992
-993
-994
-994
-993
-997
-993
-997
-993
-980
-994
-994
-993
-995
-979
-994
-996
-993
-992
-994
-994
-992
-996
-992
-977
-994
-996
-994
-983
-983
-983
-990
-996
-997
-977
-990
-991
-994
-990
-983
-960
-991
-994
-994
-994
-991
-994
-978
-978
-995
-996
-977
-978
-992
-990
-989
-994
-991
-997
-994
-995
-993
-995
-994
-994
-994
-995
-994
-994
-994
-994
-994
-994
-976
-994
-994
-995
-992
-994
-980
-988
-995
-993
-993
-991
-997
-994
-994
-994
-995
-994
-994
-995
-993
-993
-993
-992
-994
-997
-992
-994
-996
-994
-996
-993
-996
-996
-994
-994
-994
-996
-994
-994
-993
-992
-979
-982
-992
-992
-979
-993
-993
-994
-994
-994
-994
-994
-994
-994
-994
-994
-979
-996
-996
-995
-996
-976
-994
-995
-995
-994
-994
-996
-994
-994
-994
-995
-995
-995
-992
-994
-994
-982
-980
-981
-969
-983
-993
-993
-993
-995
-993
-993
-993
-993
-993
-993
-993
-993
-993
-983
-982
-996
-983
-982
-994
-979
-992
-996
-992
-996
-992
-996
-996
-994
-994
-994
-994
-994
-994
-979
-997
-997
-995
-980
-994
-994
-996
-978
-980
-994
-994
-994
-996
-996
-996
-996
-996
-996
-996
-996
-995
-994
-980
-994
-980
-994
-980
-994
-994
-994
-981
-994
-994
-996
-996
-996
-996
-996
-995
-995
-994
-966
-968
-996
-995
-996
-997
-996
-994
-996
-996
-994
-994
-994
-964
-994
-994
-994
-994
-996
-994
-978
-994
-977
-978
-994
-995
-995
-995
-992
-994
-992
-994
-994
-994
-992
-992
-994
-992
-994
-992
-992
-995
-995
-992
-992
-994
-994
-992
-992
-994
-994
-994
-994
-992
-994
-994
-994
-992
-994
-994
-992
-992
-992
-992
-992
-992
-992
-992
-992
-992
-992
-994
-992
-994
-992
-992
-992
-992
-992
-992
-994
-994
-992
-994
-996
-994
-994
-994
-992
-992
-994
-992
-995
-995
-994
-994
-992
-994
-992
-995
-995
-995
-995
-995
-995
-995
-995
-995
-995
-995
-995
-995
-995
-995
-995
-995
-994
-992
-994
-995
-995
-992
-994
-992
-978
-977
-992
-992
-992
-992
-982
-992
-994
-994
-994
-994
-994
-994
-994
-982
-983
-992
-995
-992
-996
-983
-994
-995
-991
-995
-991
-983
-994
-995
-994
-992
-995
-977
-977
-995
-994
-995
-980
-995
-996
-980
-979
-992
-991
-991
-988
-987
-991
-988
-996
-978
-989
-991
-991
-989
-989
-991
-991
-987
-996
-996
-994
-990
-995
-994
-991
-991
-982
-982
-984
-994
-930
-969
-990
-959
-987
-988
-981
-994
-982
-981
-994
-994
-994
-994
-994
-994
-983
-978
-984
-979
-992
-954
-984
-982
-982
-981
-964
-982
-992
-992
-982
-982
-994
-994
-994
-994
-994
-959
-994
-994
-994
-994
-994
-995
-987
-966
-980
-984
-991
-995
-991
-991
-994
-991
-994
-991
-995
-980
-994
-978
-981
-991
-994
-995
-994
-995
-991
-980
-991
-994
-994
-991
-991
-994
-991
-982
-991
-991
-994
-994
-994
-996
-994
-994
-993
-983
-996
-991
-994
-994
-996
-991
-991
-994
-995
-994
-990
-996
-993
-993
-996
-990
-959
-959
-985
-990
-984
-991
-996
-993
-991
-993
-995
-996
-996
-993
-995
-993
-993
-993
-991
-991
-996
-991
-996
-991
-991
-991
-984
-984
-980
-990
-993
-993
-991
-990
-991
-991
-990
-985
-993
-992
-993
-978
-993
-992
-992
-995
-992
-992
-992
-994
-994
-994
-994
-994
-992
