agent: texplore
env: asterix
model: M5 Tree
Environment is episodic.
set statesPerDim to 0 for all dim
feature 0 has range 30
feature 1 has range 30
feature 2 has range 30
reward range: 1001
Parallel ETUCT tracking real state values
Planner using history size: 0
start parallel uct planning search thread
Start model learning thread
Created MultClass 0 with nModels: 5
Created m5 decision tree 0 multivariate regression (all feats) MIN_SDR: 0.003
Created m5 decision tree 6 multivariate regression (all feats) MIN_SDR: 0.003
Created m5 decision tree 12 multivariate regression (all feats) MIN_SDR: 0.003
Created m5 decision tree 18 multivariate regression (all feats) MIN_SDR: 0.003
Created m5 decision tree 24 multivariate regression (all feats) MIN_SDR: 0.003
Created MultClass 3 with nModels: 5
Created m5 decision tree 3 multivariate regression (all feats) MIN_SDR: 0.1001
Created m5 decision tree 9 multivariate regression (all feats) MIN_SDR: 0.1001
Created m5 decision tree 15 multivariate regression (all feats) MIN_SDR: 0.1001
Created m5 decision tree 21 multivariate regression (all feats) MIN_SDR: 0.1001
Created m5 decision tree 27 multivariate regression (all feats) MIN_SDR: 0.1001
Created MultClass 4 with nModels: 5
Created m5 decision tree 4 multivariate regression (all feats) MIN_SDR: 0.0001
Created m5 decision tree 10 multivariate regression (all feats) MIN_SDR: 0.0001
Created m5 decision tree 16 multivariate regression (all feats) MIN_SDR: 0.0001
Created m5 decision tree 22 multivariate regression (all feats) MIN_SDR: 0.0001
Created m5 decision tree 28 multivariate regression (all feats) MIN_SDR: 0.0001
Created MultClass 1 with nModels: 5
Created m5 decision tree 1 multivariate regression (all feats) MIN_SDR: 0.003
-995
Created m5 decision tree 7 multivariate regression (all feats) MIN_SDR: 0.003
Created m5 decision tree 13 multivariate regression (all feats) MIN_SDR: 0.003
Created m5 decision tree 19 multivariate regression (all feats) MIN_SDR: 0.003
Created m5 decision tree 25 multivariate regression (all feats) MIN_SDR: 0.003
Created MultClass 2 with nModels: 5
Created m5 decision tree 2 multivariate regression (all feats) MIN_SDR: 0.003
Created m5 decision tree 8 multivariate regression (all feats) MIN_SDR: 0.003
Created m5 decision tree 14 multivariate regression (all feats) MIN_SDR: 0.003
Created m5 decision tree 20 multivariate regression (all feats) MIN_SDR: 0.003
Created m5 decision tree 26 multivariate regression (all feats) MIN_SDR: 0.003
-993
-991
-995
-995
-995
-995
-994
-993
-995
-984
-992
-995
-988
-993
-990
-992
-991
-990
-991
-989
-989
-993
-995
-993
-992
-990
-981
-990
-991
-991
-995
-995
-994
-995
-993
-994
-995
-992
-994
-992
-992
-992
-991
-994
-995
-990
-987
-995
-991
-991
-994
-994
-992
-989
-990
-994
-995
-993
-996
-995
-994
-995
-994
-995
-996
-982
-995
-994
-995
-994
-994
-996
-994
-990
-993
-992
-992
-994
-994
-994
-995
-995
-995
-993
-994
-991
-995
-996
-996
-996
-981
-994
-983
-995
-994
-996
-996
-995
-994
-994
-995
-992
-995
-994
-992
-993
-995
-993
-995
-994
-994
-994
-994
-994
-994
-994
-994
-994
-994
-995
-995
-995
-994
-994
-995
-995
-994
-995
-994
-996
-995
-995
-995
-995
-994
-994
-994
-994
-994
-994
-994
-994
-994
-994
-992
-992
-992
-991
-988
-994
-990
-991
-994
-995
-995
-994
-996
-996
-996
-996
-996
-996
-996
-989
-991
-989
-990
-995
-990
-993
-996
-995
-996
-997
-989
-995
-991
-991
-996
-995
-993
-990
-996
-995
-996
-995
-996
-996
-996
-996
-989
-993
-990
-993
-993
-993
-994
-993
-993
-994
-993
-994
-993
-990
-994
-993
-991
-991
-994
-994
-991
-995
-995
-991
-994
-994
-995
-995
-995
-994
-990
-994
-994
-969
-994
-995
-989
-994
-994
-994
-994
-994
-994
-995
-996
-995
-994
-995
-995
-995
-996
-996
-995
-993
-993
-994
-994
-995
-995
-995
-994
-994
-994
-991
-995
-995
-995
-991
-991
-994
-994
-994
-994
-993
-994
-994
-994
-994
-994
-996
-997
-995
-995
-996
-996
-996
-991
-996
-991
-994
-994
-995
-993
-993
-995
-994
-995
-993
-993
-995
-994
-994
-993
-995
-994
-993
-993
-994
-995
-994
-991
-993
-994
-993
-994
-995
-991
-993
-996
-991
-995
-995
-989
-995
-993
-993
-994
-993
-995
-994
-991
-993
-995
-993
-993
-994
-994
-993
-991
-997
-995
-995
-994
-991
-993
-995
-995
-994
-995
-995
-995
-994
-993
-997
-995
-993
-996
-996
-993
-996
-996
-989
-994
-993
-993
-995
-994
-993
-994
-994
-996
-995
-993
-994
-995
-995
-996
-995
-995
-996
-991
-992
-992
-991
-995
-992
-992
-991
-992
-992
-991
-995
-992
-992
-996
-991
-995
-996
-993
-994
-995
-991
-992
-994
-991
-995
-993
-994
-995
-993
-991
-991
-995
-995
-995
-973
-993
-994
-995
-994
-994
-994
-993
-991
-995
-994
-991
-994
-994
-994
-994
-995
-994
-992
-994
-995
-994
-994
-994
-993
-994
-993
-995
-994
-991
-994
-996
-994
-994
-995
-995
-993
-996
-994
-996
-996
-995
-995
-996
-996
-991
-994
-994
-991
-994
-991
-993
-996
-992
-992
-992
-994
-992
-996
-992
-996
-995
-992
-996
-996
-996
-995
-994
-996
-992
-995
-992
-996
-997
-996
-996
-996
-996
-996
-996
-996
-989
-994
-996
-997
-983
-996
-997
-994
-996
-997
-996
-996
-996
-996
-996
-997
-995
-996
-996
-996
-995
-994
-983
-994
-996
-996
-996
-983
-995
-996
-996
-996
-994
-996
-994
-995
-983
-995
-996
-996
-980
-994
-994
-994
-980
-996
-979
-996
-995
-994
-994
-995
-996
-996
-996
-994
-994
-995
-983
-995
-996
-996
-996
-995
-996
-996
-996
-995
-995
-972
-995
-972
-994
-994
-994
-995
-996
-990
-995
-990
-991
-991
-991
-991
-991
-995
-996
-990
-995
-994
-991
-994
-996
-996
-990
-994
-991
-994
-996
-996
-991
-995
-995
-995
-995
-995
-995
-995
-995
-995
-994
-991
-994
-994
-991
-995
-995
-995
-994
-993
-993
-991
-994
-991
-995
-995
-994
-994
-991
-995
-995
-995
-995
-995
-995
-991
-995
-991
-995
-995
-995
-995
-995
-994
-991
-994
-991
-995
-994
-994
-994
-994
-991
-995
-995
-995
-997
-995
-995
-995
-995
-995
-995
-995
-990
-993
-994
-993
-993
-994
-994
-994
-994
-994
-994
-994
-994
-994
-994
-994
-994
-994
-994
-994
-994
-994
-994
-994
-994
-994
-994
-994
-994
-994
-994
-994
-994
-994
-984
-995
-995
-994
-994
-983
-994
-994
-994
-994
-994
-972
-995
-997
-997
-995
-997
-997
-995
-995
-995
-995
-995
-994
-994
-994
-994
-984
-994
-994
-983
-995
-994
-983
-994
-983
-994
-983
-994
-994
-994
-994
-994
-995
-995
-994
-994
-994
-994
-994
-994
-994
-994
-994
-995
-995
-995
-994
-995
-994
-994
-995
-995
-994
-994
-994
-995
-995
-995
-995
-994
-994
-994
-995
-992
-996
-996
-994
-994
-995
-995
-995
-994
-995
-994
-995
-959
-994
-995
-959
-994
-984
-995
-995
-994
-994
-994
-996
-997
-994
-995
-945
-995
-995
-995
-995
-995
-995
-995
-995
-995
-972
-995
-995
-997
-997
-995
-994
-994
-994
-994
-994
-994
-994
-994
-994
-994
-994
-994
-994
-994
-994
-994
-994
-994
-994
-994
-994
-994
-994
-994
-994
-994
-994
-994
-994
-994
-996
-994
-994
-994
-994
-994
-996
-994
-996
-996
-994
-994
-994
-994
-994
-994
-994
-994
-994
-994
-996
-994
-994
-994
-994
-994
-996
-994
-994
-996
-994
-994
-994
-996
-992
-982
-989
-994
-994
-996
-994
-994
-994
-994
-994
-995
-995
-994
-996
-989
-996
-996
-996
-985
-996
-996
-984
-994
-990
-984
-985
-994
-994
-985
-985
-985
-994
-996
-985
-994
-994
-985
-994
-994
-996
-985
-994
-996
-994
-985
-994
-994
-985
-994
-985
-973
-987
-973
-973
-994
-974
-982
-982
-974
-982
-970
-994
-989
-996
-997
-989
-994
-996
-996
-996
-996
-996
-996
-997
-989
-994
-989
-994
-989
-996
-989
-994
-994
-994
-996
-989
-994
-994
-996
-989
-994
-994
-996
-989
-994
-989
-994
-989
-996
-996
-996
-996
-997
-996
-996
-996
-996
-996
-989
-994
-996
-989
-994
-996
-994
-996
-988
-994
-996
-988
-989
-994
-996
-994
-996
-989
-994
-994
-989
-994
-996
-997
-989
