agent: texplore
env: asterix
model: M5 Tree
Environment is episodic.
set statesPerDim to 0 for all dim
feature 0 has range 30
feature 1 has range 30
feature 2 has range 30
reward range: 1001
Parallel ETUCT tracking real state values
Planner using history size: 0
Start model learning thread
start parallel uct planning search thread
Created MultClass 0 with nModels: 5
Created m5 decision tree 0 multivariate regression (all feats) MIN_SDR: 0.003
Created m5 decision tree 6 multivariate regression (all feats) MIN_SDR: 0.003
Created m5 decision tree 12 multivariate regression (all feats) MIN_SDR: 0.003
Created m5 decision tree 18 multivariate regression (all feats) MIN_SDR: 0.003
Created m5 decision tree 24 multivariate regression (all feats) MIN_SDR: 0.003
Created MultClass 3 with nModels: 5
Created m5 decision tree 3 multivariate regression (all feats) MIN_SDR: 0.1001
Created m5 decision tree 9 multivariate regression (all feats) MIN_SDR: 0.1001
Created m5 decision tree 15 multivariate regression (all feats) MIN_SDR: 0.1001
Created m5 decision tree 21 multivariate regression (all feats) MIN_SDR: 0.1001
Created m5 decision tree 27 multivariate regression (all feats) MIN_SDR: 0.1001
Created MultClass 4 with nModels: 5
Created m5 decision tree 4 multivariate regression (all feats) MIN_SDR: 0.0001
Created m5 decision tree 10 multivariate regression (all feats) MIN_SDR: 0.0001
Created m5 decision tree 16 multivariate regression (all feats) MIN_SDR: 0.0001
Created m5 decision tree 22 multivariate regression (all feats) MIN_SDR: 0.0001
Created m5 decision tree 28 multivariate regression (all feats) MIN_SDR: 0.0001
Created MultClass 1 with nModels: 5
Created m5 decision tree 1 multivariate regression (all feats) MIN_SDR: 0.003
Created m5 decision tree 7 multivariate regression (all feats) MIN_SDR: 0.003
Created m5 decision tree 13 multivariate regression (all feats) MIN_SDR: 0.003
Created m5 decision tree 19 multivariate regression (all feats) MIN_SDR: 0.003
Created m5 decision tree 25 multivariate regression (all feats) MIN_SDR: 0.003
Created MultClass 2 with nModels: 5
Created m5 decision tree 2 multivariate regression (all feats) MIN_SDR: 0.003
Created m5 decision tree 8 multivariate regression (all feats) MIN_SDR: 0.003
Created m5 decision tree 14 multivariate regression (all feats) MIN_SDR: 0.003
Created m5 decision tree 20 multivariate regression (all feats) MIN_SDR: 0.003
Created m5 decision tree 26 multivariate regression (all feats) MIN_SDR: 0.003
-992
-991
-996
-997
-995
-991
-994
-993
-992
-996
-995
-994
-994
-990
-994
-994
-995
-993
-994
-996
-991
-946
-993
-994
-993
-996
-992
-992
-996
-994
-994
-994
-992
-995
-994
-995
-995
-990
-992
-991
-995
-993
-994
-994
-995
-995
-988
-995
-995
-992
-993
-994
-994
-994
-994
-993
-994
-994
-995
-990
-992
-993
-991
-993
-994
-994
-994
-994
-995
-991
-994
-993
-990
-992
-993
-994
-991
-988
-985
-987
-987
-994
-833
-987
-987
-987
-987
-994
-975
-986
-987
-994
-987
-987
-987
-987
-987
-987
-987
-987
-987
-987
-987
-987
-987
-987
-987
-987
-987
-987
-987
-987
-987
-987
-987
-987
-987
-987
-987
-987
-987
-987
-987
-983
-959
-987
-987
-987
-987
-987
-987
-987
-987
-987
-987
-987
-987
-987
-987
-987
-987
-987
-987
-987
-987
-987
-987
-987
-987
-987
-987
-987
-987
-987
-987
-987
-987
-987
-987
-987
-987
-987
-987
-987
-987
-987
-987
-987
-987
-987
-987
-987
-987
-987
-987
-987
-987
-987
-987
-987
-987
-987
-987
-987
-987
-987
-987
-987
-987
-959
-987
-987
-987
-987
-987
-987
-987
-987
-987
-987
-987
-987
-987
-987
-987
-987
-987
-987
-987
-987
-987
-987
-987
-987
-987
-987
-987
-987
-987
-987
-987
-987
-987
-987
-987
-987
-987
-987
-987
-987
-987
-987
-987
-987
-987
-987
-987
-987
-987
-987
-987
-987
-987
-987
-930
-987
-987
-987
-987
-987
-987
-987
-987
-987
-987
-987
-987
-987
-987
-987
-987
-987
-987
-987
-987
-987
-987
-987
-987
-987
-987
-987
-987
-987
-987
-987
-987
-987
-987
-987
-987
-987
-987
-987
-987
-987
-987
-987
-987
-987
-987
-987
-987
-987
-987
-987
-987
-987
-987
-987
-987
-987
-987
-987
-987
-987
-987
-987
-987
-987
-987
-987
-987
-987
-987
-987
-987
-987
-987
-987
-987
-987
-987
-987
-987
-987
-987
-987
-987
-987
-987
-987
-987
-987
-987
-987
-987
-987
-987
-987
-987
-987
-987
-987
-987
-987
-987
-987
-987
-987
-987
-987
-987
-987
-987
-987
-987
-987
-987
-987
-987
-987
-987
-987
-987
-987
-987
-987
-987
-987
-987
-987
-987
-987
-987
-987
-987
-987
-987
-987
-987
-987
-987
-987
-987
-987
-987
-987
-987
-987
-987
-987
-987
-987
-987
-987
-987
-987
-987
-987
-987
-987
-987
-987
-987
-987
-987
-987
-987
-987
-987
-987
-987
-987
-987
-987
-987
-987
-987
-987
-987
-987
-987
-987
-987
-987
-975
-987
-987
-987
-987
-987
-987
-987
-987
-987
-987
-987
-987
-987
-987
-987
-987
-987
-987
-987
-987
-987
-987
-987
-987
-987
-987
-987
-987
-987
-987
-987
-987
-987
-987
-987
-987
-987
-987
-987
-987
-987
-987
-987
-987
-987
-987
-987
-987
-987
-987
-987
-987
-987
-987
-987
-987
-987
-987
-987
-987
-987
-959
-987
-987
-987
-987
-987
-987
-987
-987
-987
-987
-987
-987
-987
-987
-987
-987
-987
-987
-987
-987
-987
-987
-987
-987
-987
-987
-987
-987
-987
-987
-987
-987
-987
-987
-987
-987
-987
-987
-987
-987
-987
-987
-987
-987
-987
-987
-987
-987
-987
-987
-987
-987
-987
-987
-987
-987
-987
-987
-987
-987
-987
-987
-987
-987
-987
-987
-987
-987
-987
-987
-987
-987
-987
-987
-987
-987
-987
-987
-987
-987
-987
-987
-987
-987
-987
-987
-987
-931
-987
-959
-985
-984
-987
-959
-987
-987
-987
-987
-987
-987
-987
-987
-987
-987
-987
-987
-987
-987
-987
-987
-987
-987
-987
-987
-987
-987
-987
-987
-987
-959
-987
-959
-987
-987
-987
-987
-987
-987
-987
-987
-987
-987
-987
-987
-987
-875
-973
-959
-987
-987
-987
-987
-987
-987
-987
-987
-987
-987
-987
-987
-987
-987
-987
-987
-987
-987
-987
-987
-987
-987
-987
-987
-987
-987
-987
-987
-987
-987
-987
-987
-987
-987
-987
-987
-931
-987
-996
201
-806
-931
-987
-996
-929
-875
-987
-987
-931
-987
-996
201
-917
-945
-973
-975
-987
-987
-987
-988
-987
-987
-959
-987
-987
-987
-987
-987
-987
-987
-987
-987
-987
-835
-987
-987
-987
-987
-987
-945
-892
-943
-945
201
-973
-973
-984
-974
-974
-987
-987
-987
-987
-987
-987
-987
-987
-987
-987
-987
-987
-987
-987
-987
-987
-946
-987
-974
-959
-861
-987
-987
-987
-987
-987
-987
-987
-987
-875
-973
-987
-987
-987
-987
201
-875
201
-987
201
201
-890
-974
-806
-974
-974
-889
-836
-974
-976
-862
-974
-920
-976
-898
-983
-901
-956
-815
-900
-862
201
-956
201
-816
-928
-997
-900
-900
-984
-983
-956
-956
-984
-984
-956
-984
-899
-955
-946
-926
-956
-983
-983
-994
-956
-974
-962
-988
-988
-988
-990
-990
-990
-988
-990
-990
-990
-997
-997
-997
-997
-997
-990
-997
-997
-990
-997
-989
-988
-997
-990
-994
-990
-997
-990
-974
-997
-997
-997
-997
-862
-997
-981
-834
-974
-997
-945
-963
-997
-983
-970
-997
-975
-997
-956
-993
-983
-961
-997
-983
-984
-997
-997
-947
-997
-834
-997
-974
-997
-997
-829
-857
201
-927
-993
201
-996
-985
-975
-993
-984
-955
-927
-993
201
-955
-997
-815
201
-900
-984
-984
-890
-993
-805
-890
-974
-996
-997
-974
-997
-974
-996
-996
-974
-997
-993
-974
-993
-862
-996
-993
-918
-997
-997
-997
-993
201
-975
-996
-995
201
-996
-807
-975
-993
-946
-996
-946
-996
-996
-892
-996
-997
-997
-997
-997
-987
-974
-987
-949
-997
-997
-997
-997
-987
-947
-893
-949
-979
-979
-979
-977
-920
-953
-948
-899
-995
-983
-979
-811
-955
-909
-983
201
-871
-983
-946
-993
-987
-983
-983
-993
-983
-993
-974
-987
-960
-987
-974
-996
-996
-996
-996
-987
-962
-987
-962
-997
-996
-996
-997
-997
-990
-993
-990
-993
-990
-997
-997
-997
-990
-996
