agent: texplore
env: asterix
model: M5 Tree
Environment is episodic.
set statesPerDim to 0 for all dim
feature 0 has range 30
feature 1 has range 30
feature 2 has range 30
reward range: 1001
Parallel ETUCT tracking real state values
Planner using history size: 0
start parallel uct planning search thread
Start model learning thread
Created MultClass 0 with nModels: 5
Created m5 decision tree 0 multivariate regression (all feats) MIN_SDR: 0.003
Created m5 decision tree 6 multivariate regression (all feats) MIN_SDR: 0.003
Created m5 decision tree 12 multivariate regression (all feats) MIN_SDR: 0.003
Created m5 decision tree 18 multivariate regression (all feats) MIN_SDR: 0.003
Created m5 decision tree 24 multivariate regression (all feats) MIN_SDR: 0.003
Created MultClass 3 with nModels: 5
Created m5 decision tree 3 multivariate regression (all feats) MIN_SDR: 0.1001
Created m5 decision tree 9 multivariate regression (all feats) MIN_SDR: 0.1001
Created m5 decision tree 15 multivariate regression (all feats) MIN_SDR: 0.1001
Created m5 decision tree 21 multivariate regression (all feats) MIN_SDR: 0.1001
Created m5 decision tree 27 multivariate regression (all feats) MIN_SDR: 0.1001
Created MultClass 4 with nModels: 5
Created m5 decision tree 4 multivariate regression (all feats) MIN_SDR: 0.0001
Created m5 decision tree 10 multivariate regression (all feats) MIN_SDR: 0.0001
Created m5 decision tree 16 multivariate regression (all feats) MIN_SDR: 0.0001
Created m5 decision tree 22 multivariate regression (all feats) MIN_SDR: 0.0001
Created m5 decision tree 28 multivariate regression (all feats) MIN_SDR: 0.0001
Created MultClass 1 with nModels: 5
Created m5 decision tree 1 multivariate regression (all feats) MIN_SDR: 0.003
Created m5 decision tree 7 multivariate regression (all feats) MIN_SDR: 0.003
Created m5 decision tree 13 multivariate regression (all feats) MIN_SDR: 0.003
Created m5 decision tree 19 multivariate regression (all feats) MIN_SDR: 0.003
Created m5 decision tree 25 multivariate regression (all feats) MIN_SDR: 0.003
Created MultClass 2 with nModels: 5
Created m5 decision tree 2 multivariate regression (all feats) MIN_SDR: 0.003
Created m5 decision tree 8 multivariate regression (all feats) MIN_SDR: 0.003
Created m5 decision tree 14 multivariate regression (all feats) MIN_SDR: 0.003
Created m5 decision tree 20 multivariate regression (all feats) MIN_SDR: 0.003
Created m5 decision tree 26 multivariate regression (all feats) MIN_SDR: 0.003
-990
-997
-994
-996
-995
-995
-992
-993
-996
-995
-993
-995
-995
-994
-991
-994
-983
-996
-995
-993
-993
-992
-996
-996
-994
-996
-994
-995
-994
-995
-994
-994
-994
-994
-994
-994
-994
-994
-994
-994
-994
-995
-995
-996
-994
-994
-988
-997
-997
-976
-992
-994
-992
-994
-997
-995
-995
-997
-997
-997
-994
-995
-997
-997
-997
-995
-995
-994
-994
-995
-994
-994
-995
-994
-995
-983
-993
-997
-997
-997
-997
-997
-995
-983
-995
-995
-995
-995
-995
-995
-995
-995
-995
-995
-995
-997
-997
-994
-995
-994
-994
-994
-994
-994
-994
-994
-994
-993
-996
-997
-994
-993
-995
-994
-994
-995
-994
-995
-994
-992
-992
-991
-992
-996
-995
-995
-995
-995
-994
-995
-993
-994
-982
-993
-976
-995
-993
-993
-995
-994
-994
-994
-994
-996
-997
-997
-997
-990
-991
-992
-994
-991
-994
-995
-994
-994
-994
-994
-994
-996
-997
-997
-997
-997
-996
-997
-997
-996
-997
-997
-997
-997
-997
-996
-996
-997
-997
-996
-991
-995
-995
-995
-993
-993
-994
-991
-993
-993
-993
-993
-991
-991
-989
-996
-991
-991
-993
-992
-989
-995
-992
-992
-996
-990
-991
-992
-992
-996
-991
-991
-992
-993
-992
-991
-993
-992
-992
-991
-991
-992
-991
-991
-991
-991
-991
-991
-991
-992
-992
-993
-991
-992
-993
-993
-993
-992
-994
-994
-994
-994
-994
-994
-994
-992
-994
-994
-994
-994
-994
-994
-994
-992
-996
-996
-996
-996
-996
-997
-996
-996
-996
-996
-996
-996
-993
-996
-992
-992
-996
-996
-996
-997
-997
-997
-997
-997
-997
-997
-997
-997
-997
-992
-992
-994
-994
-994
-996
-992
-992
-992
-994
-994
-994
-996
-992
-994
-994
-994
-994
-994
-994
-994
-994
-994
-994
-996
-997
-997
-997
-997
-997
-997
-997
-997
-997
-997
-997
-992
-994
-994
-994
-994
-994
-994
-994
-994
-994
-994
-996
-993
-997
-992
-993
-993
-992
-993
-992
-992
-992
-992
-992
-992
-992
-992
-993
-993
-993
-993
-992
-992
-992
-992
-993
-993
-993
-993
-993
-993
-993
-993
-993
-993
-993
-993
-993
-993
-992
-992
-992
-992
-992
-992
-992
-992
-992
-992
-992
-992
-993
-993
-993
-993
-991
-993
-991
-991
-993
-990
-993
-993
-993
-991
-990
-990
-992
-990
-990
-989
-990
-991
-991
-990
-990
-990
-990
-990
-990
-997
-989
-991
-991
-991
-991
-989
-997
-988
-989
-997
-990
-992
-991
-989
-997
-990
-991
-991
-990
-991
-992
-991
-991
-989
-989
-989
-984
-990
-990
-997
-989
-997
-989
-990
-990
-990
-990
-990
-990
-991
-990
-990
-990
-990
-990
-990
-990
-990
-990
-990
-990
-991
-991
-990
-990
-990
-991
-990
-990
-990
-990
-990
-990
-997
-989
-990
-989
-990
-990
-990
-990
-990
-990
-990
-990
-990
-990
-990
-990
-997
-989
-989
-989
-990
-990
-990
-990
-990
-991
-990
-990
-991
-990
-990
-990
-990
-991
-991
-991
-990
-990
-990
-990
-990
-990
-990
-990
-991
-991
-991
-991
-991
-991
-991
-991
-991
-991
-991
-991
-991
-991
-991
-991
-991
-991
-991
-991
-991
-991
-991
-991
-991
-991
-991
-991
-991
-991
-991
-991
-991
-991
-991
-991
-991
-991
-990
-990
-990
-990
-990
-991
-990
-990
-990
-990
-988
-989
-989
-988
-987
-997
-988
-990
-989
-991
-996
-988
-989
-989
-990
-988
-988
-989
-990
-996
-997
-989
-989
-989
-988
-996
-988
-995
-997
-990
-990
-990
-990
-990
-990
-995
-990
-995
-995
-997
-988
-990
-990
-995
-996
-995
-988
-997
-988
-997
-988
-997
-997
-997
-987
-988
-997
-988
-990
-996
-988
-985
-985
-987
-985
-990
-985
-995
-997
-989
-990
-996
-997
-997
-997
-985
-989
-988
-996
-997
-987
-997
-997
-987
-997
-985
-997
-988
-985
-997
-987
-990
-996
-986
-997
-986
-973
-986
-997
-986
-988
-988
-988
-988
-988
-997
-987
-989
-989
-988
-989
-989
-989
-985
-985
-989
-985
-989
-989
-989
-989
-989
-989
-989
-989
-989
-990
-989
-989
-989
-989
-989
-989
-989
-989
-989
-990
-988
-989
-989
-989
-989
-989
-990
-990
-990
-990
-990
-989
-989
-990
-990
-989
-989
-990
-989
-989
-989
-989
-989
-989
-988
-989
-989
-989
-989
-997
-985
-985
-990
-990
-990
-990
-990
-990
-985
-996
-945
-973
-973
-990
-973
-973
-990
-990
-959
-989
-990
-989
-996
-988
-973
-990
-985
-984
-997
-988
-997
-988
-996
-988
-996
-988
-996
-988
-996
-988
-997
-988
-997
-988
-997
-988
-997
-988
-997
-988
-997
-988
-997
-988
-997
-988
-997
-988
-997
-988
-997
-988
-997
-988
-996
-988
-973
-985
-988
-997
-988
-988
-990
-988
-997
-988
-997
-990
-990
-990
-991
-990
-991
-988
-997
-988
-997
-988
-997
-988
-997
-988
-997
-988
-997
-988
-988
-996
-988
-997
-988
-996
-988
-997
-988
-997
-988
-997
-988
-996
-988
-997
-988
-997
-988
-990
-990
-996
-988
-997
-988
-997
-988
-997
-988
-990
-990
-991
-990
-990
-996
-988
-997
-988
-991
-991
-990
-996
-988
-996
-987
-997
-997
-997
-997
-997
-988
-997
-990
-988
-997
-997
-988
-996
-988
-996
-988
-990
-995
-990
-990
-995
-991
-995
-996
-990
-995
-990
-995
-995
-990
-990
-990
-995
-990
-995
-990
-990
-995
-995
-990
-995
-995
-995
-990
-990
-995
-996
-990
-988
-990
-988
-996
-988
-997
-988
-996
-988
-996
-988
-997
-988
-997
-988
-995
-996
-988
-997
-988
-997
-988
-990
-995
-990
-988
-990
-988
-996
-986
-996
-988
-997
-988
-997
-988
-988
-996
-988
-997
-986
-988
-988
-990
-990
-990
-989
-990
-988
-997
-988
-990
-990
-995
-997
-990
-996
-988
-996
-997
-997
-987
-997
-989
-989
-995
-996
-987
-990
-995
-997
-987
-995
-996
-990
-988
-996
-997
-988
-990
-988
