agent: texplore
env: asterix
model: M5 Tree
Environment is episodic.
set statesPerDim to 0 for all dim
feature 0 has range 30
feature 1 has range 30
feature 2 has range 30
reward range: 1001
Parallel ETUCT tracking real state values
Planner using history size: 0
start parallel uct planning search thread
Start model learning thread
Created MultClass 0 with nModels: 5
Created m5 decision tree 0 multivariate regression (all feats) MIN_SDR: 0.003
Created m5 decision tree 6 multivariate regression (all feats) MIN_SDR: 0.003
Created m5 decision tree 12 multivariate regression (all feats) MIN_SDR: 0.003
Created m5 decision tree 18 multivariate regression (all feats) MIN_SDR: 0.003
Created m5 decision tree 24 multivariate regression (all feats) MIN_SDR: 0.003
Created MultClass 3 with nModels: 5
Created m5 decision tree 3 multivariate regression (all feats) MIN_SDR: 0.1001
Created m5 decision tree 9 multivariate regression (all feats) MIN_SDR: 0.1001
Created m5 decision tree 15 multivariate regression (all feats) MIN_SDR: 0.1001
Created m5 decision tree 21 multivariate regression (all feats) MIN_SDR: 0.1001
Created m5 decision tree 27 multivariate regression (all feats) MIN_SDR: 0.1001
Created MultClass 4 with nModels: 5
Created m5 decision tree 4 multivariate regression (all feats) MIN_SDR: 0.0001
Created m5 decision tree 10 multivariate regression (all feats) MIN_SDR: 0.0001
Created m5 decision tree 16 multivariate regression (all feats) MIN_SDR: 0.0001
Created m5 decision tree 22 multivariate regression (all feats) MIN_SDR: 0.0001
Created m5 decision tree 28 multivariate regression (all feats) MIN_SDR: 0.0001
Created MultClass 1 with nModels: 5
Created m5 decision tree 1 multivariate regression (all feats) MIN_SDR: 0.003
Created m5 decision tree 7 multivariate regression (all feats) MIN_SDR: 0.003
Created m5 decision tree 13 multivariate regression (all feats) MIN_SDR: 0.003
Created m5 decision tree 19 multivariate regression (all feats) MIN_SDR: 0.003
Created m5 decision tree 25 multivariate regression (all feats) MIN_SDR: 0.003
Created MultClass 2 with nModels: 5
Created m5 decision tree 2 multivariate regression (all feats) MIN_SDR: 0.003
Created m5 decision tree 8 multivariate regression (all feats) MIN_SDR: 0.003
Created m5 decision tree 14 multivariate regression (all feats) MIN_SDR: 0.003
Created m5 decision tree 20 multivariate regression (all feats) MIN_SDR: 0.003
Created m5 decision tree 26 multivariate regression (all feats) MIN_SDR: 0.003
-994
-980
-991
-994
-995
-995
-979
-995
-995
-991
-993
-996
-995
-995
-995
-996
-995
-995
-996
-996
-995
-994
-995
-994
-991
-995
-994
-988
-995
-995
-996
-995
-992
-991
-996
-996
-996
-993
-994
-995
-994
-996
-995
-993
-994
-994
-994
-995
-994
-992
-995
-992
-992
-992
-994
-989
-995
-996
-991
-994
-991
-993
-994
-994
-982
-995
-997
-997
-995
-994
-995
-991
-983
-995
-992
-991
-991
-991
-992
-994
-991
-994
-994
-995
-995
-995
-995
-995
-994
-994
-994
-992
-977
-992
-995
-994
-977
-994
-994
-994
-992
-995
-993
-990
-995
-996
-994
-996
-996
-996
-995
-994
-991
-991
-994
-992
-992
-995
-994
-994
-992
-992
-997
-995
-992
-993
-996
-995
-995
-996
-995
-996
-995
-995
-995
-992
-992
-993
-993
-994
-995
-993
-995
-995
-982
-994
-993
-993
-982
-994
-993
-994
-992
-996
-994
-992
-991
-993
-996
-993
-993
-990
-993
-983
-990
-983
-996
-995
-995
-992
-995
-991
-991
-991
-994
-991
-995
-995
-995
-995
-995
-995
-983
-995
-995
-993
-993
-994
-994
-995
-995
-993
-984
-995
-981
-982
-995
-983
-981
-993
-993
-993
-994
-993
-993
-993
-982
-993
-989
-986
-994
-994
-994
-993
-993
-993
-993
-989
-994
-993
-996
-981
-995
-994
-983
-994
-994
-993
-993
-994
-993
-993
-994
-992
-993
-993
-982
-991
-993
-996
-993
-996
-993
-993
-993
-993
-993
-987
-993
-990
-993
-993
-994
-996
-994
-983
-982
-994
-980
-994
-994
-987
-994
-989
-975
-992
-992
-992
-992
-994
-961
-991
-991
-989
-991
-986
-994
-991
-991
-994
-994
-994
-985
-991
-978
-994
-995
-995
-991
-995
-994
-994
-990
-994
-990
-994
-991
-991
-991
-995
-995
-995
-996
-995
-994
-995
-995
-991
-990
-995
-989
-994
-994
-989
-981
-981
-996
-990
-990
-990
-996
-996
-996
-995
-991
-991
-996
-996
-988
-995
-994
-994
-991
-994
-994
-994
-994
-994
-995
-995
-994
-994
-991
-994
-995
-994
-995
-995
-995
-995
-995
-995
-991
-984
-994
-991
-994
-994
-996
-994
-994
-995
-995
-995
-995
-991
-996
-995
-994
-993
-991
-994
-994
-994
-993
-992
-995
-983
-992
-991
-991
-995
-994
-994
-994
-994
-994
-991
-996
-992
-992
-992
-995
-992
-992
-992
-996
-993
-996
-995
-995
-994
-993
-993
-993
-992
-992
-995
-992
-994
-993
-995
-996
-995
-992
-994
-992
-995
-992
-992
-992
-983
-981
-996
-996
-996
-996
-996
-981
-994
-992
-996
-993
-992
-992
-992
-992
-992
-994
-994
-992
-996
-996
-994
-994
-994
-994
-992
-993
-993
-993
-993
-993
-993
-994
-995
-993
-995
-996
-993
-995
-993
-995
-993
-993
-993
-993
-993
-977
-993
-994
-986
-993
-993
-993
-993
-993
-993
-993
-988
-988
-988
-991
-990
-993
-993
-992
-991
-995
-995
-993
-993
-993
-993
-996
-993
-993
-993
-993
-993
-993
-993
-993
-993
-993
-993
-993
-993
-993
-993
-993
-993
-993
-993
-993
-993
-993
-993
-993
-981
-993
-993
-993
-993
-993
-993
-993
-993
-993
-993
-993
-995
-993
-981
-993
-981
-993
-981
-981
-993
-993
-993
-993
-993
-993
-981
-981
-993
-993
-993
-993
-993
-981
-993
-993
-993
-993
-993
-993
-993
-993
-993
-993
-993
-993
-993
-993
-993
-993
-993
-993
-993
-991
-991
-993
-993
-993
-993
-993
-993
-993
-993
-993
-993
-993
-993
-993
-993
-993
-993
-993
-995
-996
-993
-993
-993
-993
-993
-993
-993
-993
-993
-993
-993
-993
-993
-993
-993
-993
-993
-993
-993
-996
-996
-996
-996
-996
-996
-996
-996
-993
-993
-993
-993
-993
-993
-993
-993
-993
-993
-993
-993
-993
-993
-993
-993
-993
-993
-993
-993
-995
-995
-995
-993
-993
-993
-993
-993
-993
-993
-993
-993
-993
-993
-993
-993
-993
-993
-993
-996
-996
-996
-996
-996
-996
-996
-996
-996
-996
-996
-996
-996
-996
-996
-996
-996
-996
-996
-996
-996
-996
-996
-996
-996
-996
-996
-996
-996
-996
-996
-996
-996
-996
-996
-996
-996
-996
-996
-996
-996
-996
-996
-996
-996
-996
-996
-996
-996
-996
-996
-996
-996
-996
-996
-996
-995
-995
-995
-996
-996
-996
-996
-996
-996
-995
-995
-995
-993
-993
-993
-993
-993
-993
-993
-993
-993
-993
-995
-995
-995
-995
-995
-995
-995
-995
-995
-995
-995
-995
-995
-995
-995
-995
-995
-996
-996
-995
-995
-993
-993
-993
-993
-995
-995
-995
-995
-995
-995
-995
-995
-995
-995
-996
-996
-996
-996
-996
-996
-996
-996
-996
-993
-993
-993
-993
-993
-993
-993
-993
-993
-993
-993
-993
-995
-995
-995
-995
-993
-993
-993
-995
-995
-995
-995
-993
-993
-993
-993
-993
-993
-993
-993
-993
-993
-993
-993
-993
-993
-993
-993
-993
-993
-993
-993
-993
-993
-993
-993
-993
-993
-993
-993
-993
-993
-993
-993
-993
-993
-993
-993
-993
-993
-993
-993
-993
-993
-993
-993
-993
-993
-993
-993
-993
-993
-993
-993
-993
-993
-993
-993
-993
-993
-993
-993
-993
-993
-993
-993
-993
-993
-993
-993
-993
-993
-993
-993
-995
-995
-995
-995
-995
-995
-995
-993
-993
-993
-993
-993
-995
-995
-995
-995
-995
-995
-993
-993
-993
-993
-993
-993
-993
-993
-993
-993
-993
-996
-993
-996
-993
-996
-993
-996
-993
-996
-993
-996
-996
-993
-991
-991
-990
-968
-981
-983
-979
-996
-996
-991
-996
-993
-993
-988
-988
-988
-985
-990
-980
-992
-993
-993
-993
-992
-992
-992
-992
-982
-991
-982
-990
-989
-995
-995
-995
-995
-994
-992
-995
-996
-996
-995
-993
-993
-993
-993
-996
-996
-996
-996
-996
-996
-996
-996
-994
-980
-975
-993
-996
-995
-996
-993
-995
-995
-995
-995
-995
-996
-996
-996
-996
-996
-990
-993
-995
-996
-996
-996
-995
-996
-996
-996
