agent: texplore
env: asterix
model: M5 Tree
Environment is episodic.
set statesPerDim to 0 for all dim
feature 0 has range 30
feature 1 has range 30
feature 2 has range 30
reward range: 1001
Parallel ETUCT tracking real state values
Planner using history size: 0
start parallel uct planning search thread
Start model learning thread
Created MultClass 0 with nModels: 5
Created m5 decision tree 0 multivariate regression (all feats) MIN_SDR: 0.003
Created m5 decision tree 6 multivariate regression (all feats) MIN_SDR: 0.003
Created m5 decision tree 12 multivariate regression (all feats) MIN_SDR: 0.003
Created m5 decision tree 18 multivariate regression (all feats) MIN_SDR: 0.003
Created m5 decision tree 24 multivariate regression (all feats) MIN_SDR: 0.003
Created MultClass 3 with nModels: 5
Created m5 decision tree 3 multivariate regression (all feats) MIN_SDR: 0.1001
Created m5 decision tree 9 multivariate regression (all feats) MIN_SDR: 0.1001
Created m5 decision tree 15 multivariate regression (all feats) MIN_SDR: 0.1001
Created m5 decision tree 21 multivariate regression (all feats) MIN_SDR: 0.1001
Created m5 decision tree 27 multivariate regression (all feats) MIN_SDR: 0.1001
Created MultClass 4 with nModels: 5
Created m5 decision tree 4 multivariate regression (all feats) MIN_SDR: 0.0001
Created m5 decision tree 10 multivariate regression (all feats) MIN_SDR: 0.0001
Created m5 decision tree 16 multivariate regression (all feats) MIN_SDR: 0.0001
Created m5 decision tree 22 multivariate regression (all feats) MIN_SDR: 0.0001
Created m5 decision tree 28 multivariate regression (all feats) MIN_SDR: 0.0001
Created MultClass 1 with nModels: 5
Created m5 decision tree 1 multivariate regression (all feats) MIN_SDR: 0.003
Created m5 decision tree 7 multivariate regression (all feats) MIN_SDR: 0.003
Created m5 decision tree 13 multivariate regression (all feats) MIN_SDR: 0.003
Created m5 decision tree 19 multivariate regression (all feats) MIN_SDR: 0.003
Created m5 decision tree 25 multivariate regression (all feats) MIN_SDR: 0.003
Created MultClass 2 with nModels: 5
-995
Created m5 decision tree 2 multivariate regression (all feats) MIN_SDR: 0.003
Created m5 decision tree 8 multivariate regression (all feats) MIN_SDR: 0.003
Created m5 decision tree 14 multivariate regression (all feats) MIN_SDR: 0.003
Created m5 decision tree 20 multivariate regression (all feats) MIN_SDR: 0.003
Created m5 decision tree 26 multivariate regression (all feats) MIN_SDR: 0.003
-992
-993
-995
-994
-993
-994
-994
-994
-994
-993
-995
-973
-994
-994
-994
-996
-994
-994
-945
-958
-991
-995
-991
-991
-994
-996
-995
-990
-982
-989
-991
-990
-995
-991
-991
-995
-991
-995
-995
-991
-996
-990
-991
-992
-991
-991
-992
-990
-995
-996
-996
-997
-997
-988
-989
-991
-995
-991
-995
-991
-995
-991
-985
-989
-988
-991
-984
-985
-982
-990
-991
-991
-991
-995
-996
-995
-991
-995
-982
-997
-989
-995
-982
-957
-969
-989
-989
-983
-989
-990
-990
-989
-990
-990
-990
-991
-997
-997
-997
-987
-973
-997
-997
-997
-997
-997
-997
-997
-997
-997
-997
-997
-997
-997
-997
-997
-973
-990
-991
-990
-983
-983
-996
-997
-997
-997
-997
-997
-997
-997
-997
-997
-997
-997
-990
-996
-996
-997
-997
-997
-997
-990
-993
-994
-983
-987
-988
-991
-991
-987
-987
-988
-984
-991
-991
-986
-987
-991
-991
-991
-991
-988
-991
-991
-991
-991
-988
-987
-990
-991
-991
-985
-990
-991
-991
-985
-984
-983
-990
-984
-991
-996
-991
-995
-984
-984
-991
-995
-991
-996
-997
-997
-997
-997
-997
-997
-997
-997
-997
-997
-997
-997
-997
-997
-997
-997
-997
-997
-997
-997
-997
-997
-997
-997
-997
-997
-997
-997
-997
-997
-997
-997
-997
-997
-997
-997
-997
-997
-997
-997
-997
-997
-997
-997
-997
-997
-997
-997
-997
-997
-997
-997
-997
-997
-997
-997
-997
-997
-997
-997
-997
-997
-997
-997
-997
-997
-997
-997
-997
-997
-997
-992
-991
-995
-997
-997
-997
-997
-997
-997
-992
-995
-985
-995
-997
-997
-997
-997
-997
-997
-997
-997
-997
-992
-992
-978
-982
-994
-995
-992
-992
-992
-992
-996
-997
-997
-997
-997
-997
-997
-997
-997
-991
-996
-985
-984
-985
-991
-994
-995
-981
-995
-980
-982
-978
-996
-990
-990
-992
-992
-992
-968
-991
-992
-992
-992
-981
-977
-991
-992
-992
-992
-992
-975
-977
-991
-992
-981
-983
-982
-996
-991
-996
-991
-992
-990
-996
-990
-992
-992
-992
-992
-992
-992
-992
-992
-992
-992
-992
-992
-992
-992
-992
-992
-992
-992
-992
-996
-980
-992
-992
-996
-991
-977
-980
-996
-980
-996
-984
-996
-979
-996
-990
-991
-996
-990
-991
-996
-990
-991
-996
-990
-991
-996
-990
-991
-996
-990
-991
-996
-983
-980
-958
-996
-990
-991
-991
-991
-991
-991
-991
-977
-990
-991
-992
-992
-992
-992
-992
-992
-992
-992
-992
-991
-996
-990
-991
-996
-990
-991
-996
-990
-991
-996
-990
-991
-996
-990
-991
-996
-990
-991
-996
-990
-991
-996
-990
-991
-996
-990
-992
-992
-992
-992
-992
-992
-992
-992
-992
-992
-991
-996
-990
-991
-996
-990
-991
-996
-990
-991
-996
-990
-991
-996
-985
-991
-996
-990
-991
-996
-990
-991
-996
-990
-996
-978
-991
-996
-990
-991
-996
-990
-991
-996
-990
-991
-996
-985
-985
-985
-984
-996
-980
-992
-992
-992
-992
-992
-992
-992
-992
-992
-992
-992
-992
-992
-992
-992
-992
-992
-992
-992
-992
-992
-992
-992
-992
-992
-992
-992
-992
-992
-992
-992
-992
-992
-994
-996
-982
-992
-992
-991
-995
-991
-995
-991
-995
-983
-995
-982
-994
-995
-992
-993
-993
-976
-977
-992
-995
-996
-996
-996
-996
-996
-996
-996
-996
-996
-996
-996
-996
-996
-996
-996
-996
-996
-996
-996
-996
-996
-996
-996
-996
-968
-991
-992
-995
-996
-996
-996
-996
-996
-991
-992
-992
-992
-992
-992
-977
-996
-996
-996
-978
-992
-993
-993
-978
-967
-992
-995
-996
-996
-996
-996
-996
-996
-996
-996
-996
-996
-996
-996
-996
-996
-992
-993
-993
-993
-993
-982
-982
-978
-981
-991
-981
-981
-977
-981
-992
-992
-992
-992
-992
-992
-992
-992
-992
-992
-992
-992
-992
-992
-992
-992
-992
-995
-996
-996
-996
-996
-991
-992
-992
-992
-995
-996
-996
-996
-996
-996
-996
-996
-996
-996
-991
-992
-992
-992
-992
-992
-995
-996
-996
-996
-996
-996
-996
-996
-996
-996
-996
-996
-996
-996
-996
-991
-995
-996
-991
-995
-996
-996
-996
-996
-996
-996
-996
-996
-996
-996
-996
-996
-996
-996
-996
-996
-996
-996
-996
-996
-996
-996
-996
-996
-991
-992
-992
-992
-992
-992
-992
-992
-992
-992
-992
-992
-992
-992
-992
-984
-992
-992
-992
-992
-992
-992
-992
-992
-992
-992
-992
-992
-992
-992
-984
-966
-982
-992
-992
-992
-992
-967
-991
-992
-992
-992
-992
-966
-983
-982
-979
-992
-992
-992
-992
-992
-992
-992
-992
-992
-992
-992
-992
-992
-992
-992
-992
-992
-992
-992
-992
-992
-980
-993
-993
-980
-980
-993
-993
-993
-993
-993
-993
-993
-993
-993
-993
-993
-993
-993
-993
-994
-992
-993
-993
-993
-993
-993
-993
-993
-993
-993
-993
-993
-993
-993
-993
-993
-994
-993
-994
-993
-994
-992
-994
-980
-994
-980
-982
-981
-980
-982
-982
-994
-982
-994
-980
-994
-981
-994
-993
-994
-982
-994
-981
-994
-981
-992
-982
-953
-980
-980
-980
-981
-982
-981
-982
-994
-995
-970
-994
-995
-982
-994
-966
-981
-982
-994
-995
-971
-994
-996
-966
-996
-982
-983
-982
-983
-994
-982
-994
-981
-982
-994
-982
-981
-982
-980
-994
-925
-980
-994
-980
-994
-981
-981
-981
-952
-994
-981
-994
-970
-983
-982
-994
-982
-994
-982
-994
-970
-982
-994
-981
-982
-994
-982
-994
-982
-994
-982
-994
-982
-994
-982
-994
-981
-981
-980
-994
-980
-994
-980
-994
-980
-994
-980
-994
-981
-994
-981
-994
-981
-994
-981
-994
-981
-994
-981
-994
-981
-994
-981
-994
-981
-994
-981
-994
-994
-981
-994
-981
-994
-995
-995
-995
-995
-995
-995
-995
-995
-982
-994
-995
-995
-995
-995
-996
-996
-996
-996
-996
-996
-996
-996
-996
-996
-996
-996
-996
