agent: texplore
env: asterix
model: M5 Tree
Environment is episodic.
set statesPerDim to 0 for all dim
feature 0 has range 30
feature 1 has range 30
feature 2 has range 30
reward range: 1001
Parallel ETUCT tracking real state values
Planner using history size: 0
start parallel uct planning search thread
Start model learning thread
Created MultClass 0 with nModels: 5
Created m5 decision tree 0 multivariate regression (all feats) MIN_SDR: 0.003
Created m5 decision tree 6 multivariate regression (all feats) MIN_SDR: 0.003
Created m5 decision tree 12 multivariate regression (all feats) MIN_SDR: 0.003
Created m5 decision tree 18 multivariate regression (all feats) MIN_SDR: 0.003
Created m5 decision tree 24 multivariate regression (all feats) MIN_SDR: 0.003
Created MultClass 3 with nModels: 5
Created m5 decision tree 3 multivariate regression (all feats) MIN_SDR: 0.1001
Created m5 decision tree 9 multivariate regression (all feats) MIN_SDR: 0.1001
Created m5 decision tree 15 multivariate regression (all feats) MIN_SDR: 0.1001
Created m5 decision tree 21 multivariate regression (all feats) MIN_SDR: 0.1001
Created m5 decision tree 27 multivariate regression (all feats) MIN_SDR: 0.1001
Created MultClass 4 with nModels: 5
Created m5 decision tree 4 multivariate regression (all feats) MIN_SDR: 0.0001
Created m5 decision tree 10 multivariate regression (all feats) MIN_SDR: 0.0001
Created m5 decision tree 16 multivariate regression (all feats) MIN_SDR: 0.0001
Created m5 decision tree 22 multivariate regression (all feats) MIN_SDR: 0.0001
Created m5 decision tree 28 multivariate regression (all feats) MIN_SDR: 0.0001
Created MultClass 1 with nModels: 5
Created m5 decision tree 1 multivariate regression (all feats) MIN_SDR: 0.003
Created m5 decision tree 7 multivariate regression (all feats) MIN_SDR: 0.003
Created m5 decision tree 13 multivariate regression (all feats) MIN_SDR: 0.003
Created m5 decision tree 19 multivariate regression (all feats) MIN_SDR: 0.003
Created m5 decision tree 25 multivariate regression (all feats) MIN_SDR: 0.003
Created MultClass 2 with nModels: 5
Created m5 decision tree 2 multivariate regression (all feats) MIN_SDR: 0.003
Created m5 decision tree 8 multivariate regression (all feats) MIN_SDR: 0.003
Created m5 decision tree 14 multivariate regression (all feats) MIN_SDR: 0.003
Created m5 decision tree 20 multivariate regression (all feats) MIN_SDR: 0.003
-995
Created m5 decision tree 26 multivariate regression (all feats) MIN_SDR: 0.003
-992
-992
-995
-995
-991
-995
-970
-995
-995
-994
-994
-996
-994
-996
-994
-996
-996
-995
-992
-995
-993
-994
-995
-980
-992
-994
-994
-995
-994
-992
-993
-992
-994
-980
-994
-993
-995
-995
-994
-994
-995
-995
-994
-994
-997
-995
-992
-994
-980
-996
-994
-995
-995
-994
-992
-996
-992
-994
-993
-979
-995
-994
-992
-995
-991
-993
-991
-995
-993
-995
-996
-994
-991
-994
-978
-995
-981
-995
-990
-992
-996
-995
-993
-992
-994
-978
-995
-990
-994
-973
-995
-995
-996
-990
-994
-993
-993
-994
-966
-994
-994
-990
-979
-995
-989
-984
-991
-995
-973
-996
-995
-990
-979
-979
-980
-990
-993
-995
-995
-990
-994
-990
-995
-990
-980
-990
-990
-990
-994
-981
-988
-995
-987
-990
-995
-990
-993
-973
-990
-990
-989
-990
-990
-979
-990
-989
-994
-992
-989
-993
-992
-992
-995
-990
-990
-994
-979
-990
-992
-991
-990
-993
-962
-979
-982
-990
-990
-990
-979
-991
-996
-990
-990
-990
-990
-990
-979
-979
-990
-979
-990
-979
-979
-981
-996
-979
-990
-979
-979
-979
-990
-979
-990
-978
-991
-991
-990
-990
-990
-990
-990
-990
-990
-990
-989
-991
-992
-990
-990
-979
-990
-990
-990
-990
-990
-990
-990
-990
-990
-990
-990
-990
-990
-990
-990
-990
-990
-979
-979
-988
-991
-991
-981
-997
-990
-990
-990
-991
-993
-990
-990
-988
-983
-990
-990
-990
-990
-990
-992
-993
-990
-979
-992
-993
-992
-988
-990
-988
-990
-983
-991
-991
-991
-991
-990
-990
-990
-990
-990
-990
-990
-990
-990
-990
-990
-990
-990
-990
-979
-979
-979
-990
-952
-990
-990
-979
-990
-990
-988
-990
-979
-979
-990
-979
-990
-988
-997
-988
-990
-990
-990
-990
-990
-990
-990
-990
-990
-990
-990
-990
-990
-990
-990
-990
-990
-990
-990
-990
-990
-990
-990
-990
-990
-990
-979
-990
-990
-988
-983
-990
-951
-990
-979
-979
-979
-988
-988
-990
-990
-990
-990
-990
-990
-988
-979
-976
-990
-980
-990
-960
-994
-981
-979
-990
-990
-990
-979
-990
-990
-990
-991
-991
-994
-991
-991
-991
-991
-992
-991
-991
-980
-993
-979
-990
-990
-990
-990
-990
-990
-990
-990
-990
-990
-990
-990
-990
-990
-990
-990
-990
-990
-990
-990
-990
-990
-990
-990
-990
-990
-990
-990
-990
-990
-990
-990
-990
-990
-990
-990
-990
-990
-990
-990
-990
-990
-990
-990
-990
-990
-990
-990
-990
-990
-990
-990
-990
-990
-990
-990
-990
-990
-990
-990
-990
-990
-990
-990
-990
-990
-990
-990
-990
-990
-990
-990
-990
-990
-990
-990
-990
-990
-990
-990
-990
-990
-990
-990
-990
-990
-990
-990
-990
-990
-990
-990
-990
-990
-990
-990
-990
-990
-990
-990
-990
-990
-990
-990
-990
-990
-990
-990
-990
-990
-990
-990
-990
-990
-990
-990
-990
-990
-990
-990
-990
-990
-990
-990
-990
-990
-990
-990
-990
-990
-990
-990
-990
-990
-990
-990
-990
-990
-990
-990
-990
-990
-990
-990
-990
-990
-990
-995
-990
-989
-995
-979
-995
-988
-988
-988
-988
-988
-988
-988
-979
-988
-979
-978
-989
-995
-978
-978
-989
-995
-967
-979
-974
-991
-905
-979
-895
-951
-979
-979
-991
-988
-979
-960
-988
-988
-988
-989
-973
-991
-988
-988
-988
-979
-949
-973
-991
-988
-990
-993
-988
-993
-904
-988
-960
-979
-950
-973
-994
-973
-994
-981
-980
-979
-988
-988
-993
-973
-994
-973
-994
-917
-994
-973
-994
-979
-973
-994
-994
-973
-994
-973
-994
-979
-979
-995
-994
-979
-979
-980
-991
-951
-973
-991
-924
-992
-960
-995
-992
-951
-991
-971
-973
-973
-979
-978
-968
-980
-995
-980
-988
-952
-995
-979
-951
-979
-988
-979
-994
-990
-979
-979
-979
-951
-923
-979
-982
-994
-995
-980
-994
-979
-979
-980
-994
-995
-994
-995
-980
-979
-979
-981
-978
-979
-980
-994
-979
-979
-995
-988
-980
-994
-995
-994
-996
-979
-980
-995
-995
-994
-996
-988
-980
-993
-995
-990
-980
-980
-980
-979
-966
-995
-995
-995
-995
-995
-995
-990
-980
-994
-995
-990
-995
-995
-995
-995
-995
-995
-995
-995
-995
-995
-995
-995
-995
-995
-995
-995
-995
-995
-995
-995
-995
-995
-995
-995
-995
-995
-995
-978
-993
-989
-979
-979
-989
-979
-978
-980
-995
-995
-993
-978
-981
-978
-980
-979
-981
-978
-980
-988
-952
-993
-989
-993
-949
-997
-997
-997
-997
-979
-989
-995
-995
-995
-995
-995
-995
-995
-966
-990
-994
-990
-995
-990
-990
-994
-990
-989
-989
-994
-978
-979
-990
-978
-979
-979
-979
-979
-979
-981
-979
-979
-980
-995
-978
-978
-989
-995
-995
-995
-995
-995
-995
-995
-980
-995
-982
-982
-980
-994
-982
-995
-994
-989
-994
-980
-994
-981
-980
-995
-995
-995
-995
-995
-995
-995
-995
-995
-995
-995
-995
-995
-995
-995
-995
-995
-995
-995
-995
-995
-995
-995
-995
-995
-995
-995
-995
-995
-995
-995
-995
-995
-995
-995
-995
-995
-995
-995
-995
-980
-979
-979
-988
-951
-979
-979
-994
-979
-995
-995
-995
-979
-979
-995
-995
-995
-995
-995
-995
-995
-995
-995
-995
-995
-995
-995
-995
-995
-995
-995
-995
-995
-995
-979
-994
-979
-994
-979
-979
-979
-980
-994
-990
-990
-990
-990
-990
-990
-990
-990
-990
-990
-990
-990
-990
-990
-990
-990
-990
-990
-990
-990
-990
-990
-990
-990
-990
-990
-979
-979
-979
-979
-979
-979
-979
-988
-979
-979
-979
-979
-988
-988
-988
-995
-988
-980
-979
-994
-979
-980
-979
-979
-988
-988
-988
-988
-988
-988
-988
-988
-988
-979
-979
-979
-988
-988
-995
-979
-979
-979
-979
-966
-994
-966
-994
-964
-994
-945
-994
-979
-979
-979
-988
-988
-988
-988
-988
-997
-979
-979
-979
-979
-979
-979
-979
-979
