agent: texplore
env: asterix
model: M5 Tree
Environment is episodic.
set statesPerDim to 0 for all dim
feature 0 has range 30
feature 1 has range 30
feature 2 has range 30
reward range: 1001
Parallel ETUCT tracking real state values
Planner using history size: 0
Start model learning thread
start parallel uct planning search thread
Created MultClass 0 with nModels: 5
Created m5 decision tree 0 multivariate regression (all feats) MIN_SDR: 0.003
Created m5 decision tree 6 multivariate regression (all feats) MIN_SDR: 0.003
Created m5 decision tree 12 multivariate regression (all feats) MIN_SDR: 0.003
Created m5 decision tree 18 multivariate regression (all feats) MIN_SDR: 0.003
Created m5 decision tree 24 multivariate regression (all feats) MIN_SDR: 0.003
Created MultClass 3 with nModels: 5
Created m5 decision tree 3 multivariate regression (all feats) MIN_SDR: 0.1001
Created m5 decision tree 9 multivariate regression (all feats) MIN_SDR: 0.1001
Created m5 decision tree 15 multivariate regression (all feats) MIN_SDR: 0.1001
Created m5 decision tree 21 multivariate regression (all feats) MIN_SDR: 0.1001
Created m5 decision tree 27 multivariate regression (all feats) MIN_SDR: 0.1001
Created MultClass 4 with nModels: 5
Created m5 decision tree 4 multivariate regression (all feats) MIN_SDR: 0.0001
Created m5 decision tree 10 multivariate regression (all feats) MIN_SDR: 0.0001
Created m5 decision tree 16 multivariate regression (all feats) MIN_SDR: 0.0001
Created m5 decision tree 22 multivariate regression (all feats) MIN_SDR: 0.0001
Created m5 decision tree 28 multivariate regression (all feats) MIN_SDR: 0.0001
Created MultClass 1 with nModels: 5
Created m5 decision tree 1 multivariate regression (all feats) MIN_SDR: 0.003
Created m5 decision tree 7 multivariate regression (all feats) MIN_SDR: 0.003
Created m5 decision tree 13 multivariate regression (all feats) MIN_SDR: 0.003
-996
Created m5 decision tree 19 multivariate regression (all feats) MIN_SDR: 0.003
Created m5 decision tree 25 multivariate regression (all feats) MIN_SDR: 0.003
Created MultClass 2 with nModels: 5
Created m5 decision tree 2 multivariate regression (all feats) MIN_SDR: 0.003
Created m5 decision tree 8 multivariate regression (all feats) MIN_SDR: 0.003
Created m5 decision tree 14 multivariate regression (all feats) MIN_SDR: 0.003
Created m5 decision tree 20 multivariate regression (all feats) MIN_SDR: 0.003
Created m5 decision tree 26 multivariate regression (all feats) MIN_SDR: 0.003
-991
-991
-993
-994
-994
-995
-991
-995
-995
-978
-995
-992
-994
-989
-996
-995
-995
-996
-995
-990
-990
-995
-996
-996
-996
-995
-996
-991
-995
-995
-990
-989
-994
-991
-994
-993
-995
-993
-991
-991
-996
-990
-996
-990
-991
-996
-991
-994
-994
-994
-995
-993
-993
-995
-995
-994
-994
-995
-994
-991
-995
-991
-995
-995
-995
-994
-994
-991
-994
-994
-991
-991
-994
-995
-995
-995
-997
-994
-995
-995
-995
-995
-996
-995
-996
-995
-995
-994
-995
-995
-995
-995
-996
-996
-996
-995
-994
-991
-995
-994
-991
-994
-995
-995
-995
-995
-994
-994
-994
-995
-994
-995
-993
-995
-995
-995
-995
-995
-993
-994
-995
-995
-995
-995
-995
-993
-994
-993
-992
-993
-993
-993
-993
-993
-993
-993
-993
-993
-977
-989
-993
-995
-990
-975
-991
-995
-992
-993
-992
-992
-992
-992
-992
-990
-995
-980
-992
-996
-993
-995
-995
-995
-995
-995
-995
-982
-995
-995
-995
-995
-995
-995
-995
-995
-990
-995
-995
-990
-995
-995
-994
-996
-990
-995
-994
-984
-976
-980
-992
-992
-992
-992
-992
-992
-992
-992
-992
-992
-996
-982
-992
-992
-992
-992
-992
-992
-992
-995
-992
-995
-992
-992
-992
-992
-992
-992
-992
-995
-995
-992
-992
-992
-991
-995
-995
-995
-992
-992
-992
-992
-995
-995
-995
-995
-995
-995
-995
-995
-992
-992
-992
-992
-992
-992
-992
-992
-996
-992
-992
-992
-992
-992
-992
-992
-992
-992
-992
-996
-992
-992
-992
-992
-992
-992
-992
-992
-992
-994
-992
-994
-992
-994
-992
-992
-994
-996
-992
-992
-992
-992
-995
-995
-994
-992
-994
-992
-994
-992
-994
-992
-994
-992
-994
-992
-992
-994
-992
-992
-995
-995
-995
-995
-995
-995
-995
-995
-992
-992
-995
-995
-995
-995
-995
-995
-995
-995
-995
-995
-995
-995
-995
-995
-992
-995
-995
-995
-992
-992
-995
-995
-995
-995
-995
-992
-992
-992
-992
-995
-995
-995
-995
-995
-995
-995
-992
-992
-992
-992
-992
-992
-992
-992
-992
-992
-992
-992
-992
-995
-995
-992
-992
-992
-992
-992
-992
-992
-992
-992
-992
-992
-992
-992
-992
-992
-992
-992
-992
-992
-992
-992
-992
-992
-992
-992
-992
-992
-992
-992
-992
-992
-992
-993
-995
-993
-993
-995
-992
-992
-992
-992
-992
-993
-993
-993
-993
-995
-993
-993
-993
-995
-995
-995
-995
-995
-995
-995
-995
-993
-995
-995
-995
-995
-995
-993
-995
-995
-995
-995
-995
-995
-995
-995
-995
-995
-995
-995
-995
-992
-992
-992
-992
-992
-992
-992
-992
-992
-975
-982
-992
-993
-993
-993
-992
-992
-992
-992
-992
-992
-992
-992
-993
-992
-993
-993
-992
-992
-992
-992
-992
-993
-993
-992
-992
-992
-992
-996
-993
-993
-993
-993
-993
-993
-993
-993
-993
-993
-990
-976
-904
-990
-990
-995
-995
-995
-995
-995
-990
-990
-990
-990
-990
-977
-984
-996
-976
-971
-996
-990
-995
-990
-990
-990
-990
-990
-990
-990
-990
-990
-990
-990
-979
-995
-994
-995
-994
-981
-995
-993
-993
-993
-993
-993
-993
-993
-994
-994
-994
-995
-996
-996
-996
-996
-996
-996
-995
-995
-995
-995
-995
-995
-995
-996
-996
-995
-995
-996
-996
-996
-996
-996
-996
-996
-996
-996
-996
-991
-991
-991
-991
-991
-991
-991
-991
-996
-996
-991
-996
-991
-996
-991
-996
-967
-996
-980
-996
-996
-996
-996
-996
-996
-996
-996
-996
-996
-996
-996
-996
-996
-996
-996
-996
-996
-996
-996
-996
-991
-991
-991
-991
-991
-991
-991
-991
-991
-991
-991
-991
-991
-991
-991
-991
-996
-996
-993
-993
-993
-993
-993
-991
-996
-996
-995
-993
-993
-994
-994
-994
-996
-996
-996
-996
-996
-996
-991
-994
-994
-996
-996
-997
-996
-996
-996
-996
-996
-996
-996
-996
-996
-996
-996
-996
-996
-996
-996
-996
-996
-996
-996
-996
-996
-996
-996
-996
-996
-996
-996
-996
-996
-996
-994
-996
-994
-996
-994
-996
-994
-996
-994
-996
-994
-996
-994
-994
-993
-994
-994
-994
-994
-993
-995
-995
-994
-996
-995
-995
-994
-996
-993
-993
-993
-993
-993
-993
-993
-993
-995
-995
-995
-994
-996
-994
-994
-994
-994
-994
-994
-996
-994
-996
-991
-996
-991
-996
-991
-993
-994
-996
-991
-996
-994
-996
-994
-991
-994
-991
-994
-996
-994
-993
-991
-993
-982
-996
-995
-995
-995
-995
-995
-995
-990
-994
-994
-994
-994
-994
-994
-994
-993
-995
-996
-995
-995
-995
-996
-991
-994
-995
-993
-994
-995
-993
-994
-993
-995
-994
-993
-995
-994
-995
-993
-995
-994
-993
-995
-994
-993
-995
-994
-993
-995
-994
-993
-995
-994
-993
-995
-994
-993
-995
-994
-993
-995
-994
-993
-995
-994
-995
-994
-995
-993
-994
-993
-995
-993
-994
-993
-995
-994
-993
-995
-993
-994
-995
-993
-994
-995
-993
-994
-995
-993
-994
-995
-993
-994
-995
-994
-993
-994
-994
-993
-995
-995
-995
-995
-995
-995
-995
-995
-995
-995
-995
-995
-995
-995
-995
-995
-995
-995
-995
-995
-995
-995
-995
-994
-991
-994
-991
-994
-991
-995
-995
-995
-995
-993
-995
-991
-994
-993
-995
-995
-996
-995
-996
-995
-995
-995
-997
-997
-997
-997
-997
-997
-997
-997
-997
-997
-997
-997
-997
-997
-993
-994
-994
-994
-994
-996
-996
-996
-996
-996
-996
-996
-996
-996
-996
-996
-996
-996
-996
-996
-996
-994
-994
-994
-994
-994
-994
-995
-993
-994
-996
-993
-994
-993
-995
-994
-996
-996
-993
-995
-991
-995
-991
-995
-995
-991
-995
-991
-995
-991
-995
-991
-995
-991
-995
-991
-994
-991
-994
-991
-994
-991
-994
-993
-994
-996
-996
-996
-996
-996
-996
-996
-994
-996
-994
-994
-994
-994
-994
-994
-994
-994
-994
-994
-994
-994
-994
-994
-997
