agent: texplore
env: asterix
model: M5 Tree
Environment is episodic.
set statesPerDim to 0 for all dim
feature 0 has range 30
feature 1 has range 30
feature 2 has range 30
reward range: 1001
Parallel ETUCT tracking real state values
Planner using history size: 0
Start model learning thread
start parallel uct planning search thread
Created MultClass 0 with nModels: 5
Created m5 decision tree 0 multivariate regression (all feats) MIN_SDR: 0.003
Created m5 decision tree 6 multivariate regression (all feats) MIN_SDR: 0.003
Created m5 decision tree 12 multivariate regression (all feats) MIN_SDR: 0.003
Created m5 decision tree 18 multivariate regression (all feats) MIN_SDR: 0.003
Created m5 decision tree 24 multivariate regression (all feats) MIN_SDR: 0.003
Created MultClass 3 with nModels: 5
Created m5 decision tree 3 multivariate regression (all feats) MIN_SDR: 0.1001
Created m5 decision tree 9 multivariate regression (all feats) MIN_SDR: 0.1001
Created m5 decision tree 15 multivariate regression (all feats) MIN_SDR: 0.1001
Created m5 decision tree 21 multivariate regression (all feats) MIN_SDR: 0.1001
Created m5 decision tree 27 multivariate regression (all feats) MIN_SDR: 0.1001
Created MultClass 4 with nModels: 5
Created m5 decision tree 4 multivariate regression (all feats) MIN_SDR: 0.0001
Created m5 decision tree 10 multivariate regression (all feats) MIN_SDR: 0.0001
Created m5 decision tree 16 multivariate regression (all feats) MIN_SDR: 0.0001
Created m5 decision tree 22 multivariate regression (all feats) MIN_SDR: 0.0001
Created m5 decision tree 28 multivariate regression (all feats) MIN_SDR: 0.0001
Created MultClass 1 with nModels: 5
Created m5 decision tree 1 multivariate regression (all feats) MIN_SDR: 0.003
Created m5 decision tree 7 multivariate regression (all feats) MIN_SDR: 0.003
Created m5 decision tree 13 multivariate regression (all feats) MIN_SDR: 0.003
Created m5 decision tree 19 multivariate regression (all feats) MIN_SDR: 0.003
Created m5 decision tree 25 multivariate regression (all feats) MIN_SDR: 0.003
Created MultClass 2 with nModels: 5
-995
Created m5 decision tree 2 multivariate regression (all feats) MIN_SDR: 0.003
Created m5 decision tree 8 multivariate regression (all feats) MIN_SDR: 0.003
Created m5 decision tree 14 multivariate regression (all feats) MIN_SDR: 0.003
Created m5 decision tree 20 multivariate regression (all feats) MIN_SDR: 0.003
Created m5 decision tree 26 multivariate regression (all feats) MIN_SDR: 0.003
-995
-996
-994
-984
-993
-989
-992
-995
-984
-996
-992
-989
-985
-995
-988
-991
-996
-989
-996
-996
-988
-996
-986
-989
-987
-931
-973
-987
-986
-972
-988
-989
-996
-972
-995
-996
-996
-986
-989
-996
-988
-996
-997
-958
-989
-988
-987
-986
-990
-987
-973
-988
-996
-973
-986
-996
-996
-972
-987
-987
-973
-986
-996
-986
-985
-986
-996
-987
-987
-987
-987
-987
-987
-987
-986
-986
-986
-988
-995
-996
-996
-987
-987
-987
-986
-972
-986
-986
-987
-986
-987
-987
-987
-987
-987
-987
-987
-987
-987
-988
-988
-959
-996
-987
-996
-997
-997
-997
-997
-988
-990
-987
-996
-997
-997
-997
-997
-987
-996
-997
-987
-987
-987
-987
-996
-997
-997
-997
-997
-997
-997
-997
-997
-997
-997
-997
-997
-997
-997
-997
-997
-997
-987
-996
-987
-996
-987
-972
-990
-990
-996
-987
-972
-988
-996
-988
-996
-988
-996
-997
-988
-972
-972
-996
-997
-997
-997
-987
-930
-987
-997
-986
-997
-986
-997
-986
-986
-987
-996
-997
-997
-986
-996
-997
-997
-997
-986
-987
-986
-973
-987
-996
-997
-997
-997
-997
-997
-997
-997
-997
-997
-997
-997
-997
-997
-997
-997
-972
-996
-997
-997
-997
-997
-997
-997
-997
-959
-988
-959
-990
-987
-990
-987
-987
-990
-987
-987
-988
-987
-987
-987
-996
-997
-997
-997
-997
-997
-987
-987
-996
-987
-987
-987
-987
-987
-988
-988
-987
-987
-987
-987
-987
-987
-987
-987
-987
-987
-987
-987
-987
-987
-987
-930
-996
-997
-997
-997
-997
-997
-997
-987
-996
-987
-986
-997
-997
-973
-973
-973
-987
-973
-973
-987
-987
-987
-973
-996
-996
-997
-987
-987
-973
-987
-996
-996
-996
-996
-996
-996
-996
-996
-996
-996
-996
-996
-987
-987
-987
-971
-996
-972
-995
-971
-996
-996
-996
-996
-996
-987
-987
-996
-996
-996
-996
-996
-987
-803
-996
-973
-875
-987
-988
-988
-988
-988
-988
-988
-988
-988
-988
-988
-988
-988
-988
-988
-988
-988
-988
-987
-973
-988
-996
-996
-996
-997
-987
-996
-997
-987
-987
-996
-996
-996
-996
-987
-987
-987
-996
-987
-987
-987
-987
-987
-987
-987
-987
-992
-987
-987
-987
-995
-997
-997
-987
-987
-987
-987
-973
-987
-987
-987
-973
-971
-987
-996
-971
-973
-987
-971
-973
-971
-987
-971
-987
-987
-973
-971
-974
-990
-988
-990
-988
-987
-987
-987
-987
-988
-988
-990
-988
-987
-987
-987
-987
-987
-987
-987
-995
-987
-992
-992
-992
-995
-995
-996
-996
-996
-996
-996
-996
-987
-987
-987
-996
-996
-996
-996
-996
-996
-996
-987
-987
-988
-988
-996
-996
-996
-971
-987
-987
-987
-987
-995
-996
-996
-996
-996
-996
-996
-996
-996
-996
-996
-996
-996
-996
-996
-996
-996
-996
-996
-996
-996
-996
-996
-996
-996
-996
-996
-987
-987
-987
-987
-987
-987
-987
-987
-987
-987
-987
-987
-987
-996
-987
-987
-987
-995
-996
-996
-996
-996
-996
-996
-996
-996
-996
-996
-996
-996
-996
-996
-996
-996
-996
-996
-996
-996
-996
-996
-996
-996
-996
-996
-996
-996
-996
-971
-971
-987
-987
-995
-973
-973
-987
-995
-973
-986
-973
-973
-973
-987
-995
-987
-995
-987
-995
-987
-995
-987
-987
-987
-987
-988
-987
-987
-987
-987
-987
-988
-988
-988
-988
-988
-988
-988
-995
-996
-996
-996
-996
-996
-996
-996
-996
-996
-996
-996
-996
-996
-996
-996
-996
-996
-996
-996
-996
-996
-996
-996
-996
-996
-996
-996
-996
-996
-996
-996
-996
-996
-996
-996
-996
-996
-996
-996
-996
-996
-996
-996
-996
-996
-996
-996
-996
-987
-991
-991
-991
-991
-988
-995
-996
-996
-988
-995
-988
-995
-988
-988
-988
-988
-988
-995
-988
-995
-988
-995
-988
-995
-988
-988
-988
-995
-988
-995
-988
-992
-992
-992
-992
-991
-991
-991
-991
-995
-996
-996
-996
-996
-992
-992
-995
-996
-996
-996
-988
-995
-988
-992
-992
-991
-991
-995
-996
-996
-996
-996
-996
-995
-996
-996
-996
-996
-996
-996
-996
-996
-996
-996
-996
-996
-996
-996
-996
-996
-996
-996
-996
-996
-996
-996
-996
-996
-996
-996
-996
-996
-987
-991
-991
-991
-991
-991
-991
-991
-988
-973
-991
-991
-991
-991
-991
-991
-991
-991
-991
-930
-987
-987
-987
-986
-986
-987
-986
-986
-986
-986
-987
-986
-986
-986
-986
-986
-986
-986
-996
-996
-986
-987
-986
-986
-987
-987
-986
-996
-996
-986
-996
-996
-996
-996
-996
-996
-996
-996
-986
-986
-987
-987
-986
-988
-988
-988
-988
-987
-987
-988
-988
-988
-986
-987
-988
-986
-987
-996
-986
-986
-986
-986
-988
-986
-986
-988
-986
-988
-988
-988
-988
-987
-987
-987
-987
-988
-988
-988
-988
-987
-987
-987
-958
-988
-986
201
-861
-875
-996
-996
-996
-945
-996
-996
-996
-996
-996
-996
-996
-996
-996
-996
-996
-996
-996
-996
-996
-996
-996
-996
-996
-996
-996
-996
-996
-996
-996
-996
-996
-996
-996
-996
-996
-996
-996
-996
-996
-996
-996
-996
-996
-996
-996
-996
-996
-996
-996
-996
-996
-996
-987
-996
-996
-996
-996
-996
-996
-996
-996
-996
-996
-996
-996
-996
-996
-996
-996
-996
-996
-996
-996
-996
-996
-996
-996
-996
-996
-996
-996
-996
-996
-996
-996
-996
-996
-996
-996
-996
-996
-996
-996
-996
-996
-996
-996
-996
-996
-996
-996
-996
-996
-996
-996
-973
-996
-996
-996
-996
-996
-996
-996
-996
-996
-996
-996
-996
-996
-996
-996
-996
-996
-996
-996
-996
-996
-996
-996
-996
-996
-996
-996
-996
-996
-996
-996
-996
-996
-996
-996
-996
-996
-996
-996
-996
-986
-988
-996
-996
-996
-996
-996
-996
-996
-996
-996
-996
-986
-996
-986
-990
-995
-990
-990
-990
-990
-990
-990
-990
-990
-990
-995
-996
