agent: texplore
env: asterix
model: M5 Tree
Environment is episodic.
set statesPerDim to 0 for all dim
feature 0 has range 30
feature 1 has range 30
feature 2 has range 30
reward range: 1001
Parallel ETUCT tracking real state values
Planner using history size: 0
Start model learning thread
start parallel uct planning search thread
Created MultClass 0 with nModels: 5
Created m5 decision tree 0 multivariate regression (all feats) MIN_SDR: 0.003
Created m5 decision tree 6 multivariate regression (all feats) MIN_SDR: 0.003
Created m5 decision tree 12 multivariate regression (all feats) MIN_SDR: 0.003
Created m5 decision tree 18 multivariate regression (all feats) MIN_SDR: 0.003
Created m5 decision tree 24 multivariate regression (all feats) MIN_SDR: 0.003
Created MultClass 3 with nModels: 5
Created m5 decision tree 3 multivariate regression (all feats) MIN_SDR: 0.1001
Created m5 decision tree 9 multivariate regression (all feats) MIN_SDR: 0.1001
Created m5 decision tree 15 multivariate regression (all feats) MIN_SDR: 0.1001
Created m5 decision tree 21 multivariate regression (all feats) MIN_SDR: 0.1001
Created m5 decision tree 27 multivariate regression (all feats) MIN_SDR: 0.1001
Created MultClass 4 with nModels: 5
Created m5 decision tree 4 multivariate regression (all feats) MIN_SDR: 0.0001
Created m5 decision tree 10 multivariate regression (all feats) MIN_SDR: 0.0001
Created m5 decision tree 16 multivariate regression (all feats) MIN_SDR: 0.0001
Created m5 decision tree 22 multivariate regression (all feats) MIN_SDR: 0.0001
Created m5 decision tree 28 multivariate regression (all feats) MIN_SDR: 0.0001
Created MultClass 1 with nModels: 5
Created m5 decision tree 1 multivariate regression (all feats) MIN_SDR: 0.003
-996
Created m5 decision tree 7 multivariate regression (all feats) MIN_SDR: 0.003
Created m5 decision tree 13 multivariate regression (all feats) MIN_SDR: 0.003
Created m5 decision tree 19 multivariate regression (all feats) MIN_SDR: 0.003
Created m5 decision tree 25 multivariate regression (all feats) MIN_SDR: 0.003
Created MultClass 2 with nModels: 5
Created m5 decision tree 2 multivariate regression (all feats) MIN_SDR: 0.003
Created m5 decision tree 8 multivariate regression (all feats) MIN_SDR: 0.003
Created m5 decision tree 14 multivariate regression (all feats) MIN_SDR: 0.003
Created m5 decision tree 20 multivariate regression (all feats) MIN_SDR: 0.003
Created m5 decision tree 26 multivariate regression (all feats) MIN_SDR: 0.003
-996
-994
-994
-984
-993
-995
-991
-993
-994
-992
-995
-995
-995
-991
-995
-993
-995
-996
-994
-993
-996
-996
-983
-995
-991
-996
-994
-996
-993
-997
-992
-994
-991
-994
-997
-996
-992
-994
-995
-991
-980
-995
-995
-994
-994
-995
-995
-994
-995
-991
-995
-994
-994
-984
-981
-994
-996
-995
-995
-993
-995
-992
-994
-995
-983
-994
-995
-989
-992
-996
-997
-995
-993
-997
-995
-994
-994
-995
-994
-994
-996
-996
-993
-996
-994
-995
-996
-997
-994
-994
-996
-996
-991
-994
-996
-994
-993
-993
-991
-994
-993
-993
-979
-993
-993
-992
-996
-996
-996
-994
-996
-994
-995
-995
-994
-995
-994
-995
-995
-995
-993
-995
-994
-994
-993
-993
-978
-994
-993
-994
-995
-993
-994
-995
-997
-984
-996
-996
-995
-994
-995
-994
-995
-996
-995
-995
-994
-995
-993
-993
-996
-993
-994
-996
-993
-994
-994
-993
-994
-993
-994
-993
-993
-997
-994
-993
-994
-994
-984
-952
-993
-993
-993
-995
-996
-995
-994
-993
-996
-994
-994
-995
-996
-996
-996
-995
-996
-996
-994
-993
-994
-993
-991
-993
-996
-994
-994
-994
-994
-994
-994
-994
-994
-995
-995
-996
-994
-994
-994
-994
-994
-994
-994
-993
-993
-994
-994
-995
-996
-993
-994
-993
-994
-993
-993
-994
-994
-993
-993
-993
-993
-994
-993
-981
-994
-994
-994
-994
-994
-994
-994
-980
-994
-994
-983
-992
-994
-992
-992
-993
-991
-991
-995
-995
-983
-983
-990
-990
-990
-990
-997
-997
-997
-997
-990
-990
-995
-987
-994
-990
-934
-994
-990
-985
-991
-991
-980
-990
-990
-985
-991
-991
-977
-990
-990
-990
-996
-990
-995
-994
-994
-996
-993
-996
-996
-994
-994
-994
-994
-995
-996
-994
-994
-996
-996
-991
-997
-994
-994
-997
-991
-985
-990
-990
-991
-993
-994
-994
-994
-994
-994
-994
-995
-995
-994
-994
-994
-995
-995
-995
-995
-995
-995
-995
-994
-995
-995
-994
-994
-995
-994
-997
-994
-997
-994
-997
-994
-996
-996
-996
-994
-995
-993
-994
-994
-994
-994
-994
-993
-993
-991
-993
-995
-996
-991
-993
-990
-990
-990
-990
-859
-995
-994
-818
-983
-961
-938
-918
-993
-985
-992
-850
-823
-991
-991
-991
-991
-991
-991
-991
-991
-991
-991
-991
-991
-991
-991
-991
-991
-991
-991
-991
-991
-991
-991
-991
-991
-991
-991
-991
-991
-991
-991
-991
-991
-991
-991
-991
-991
-991
-991
-991
-991
-991
-991
-991
-991
-991
-991
-991
-991
-991
-991
-991
-991
-991
-991
-991
-991
-991
-991
-991
-991
-991
-991
-991
-991
-991
-991
-991
-991
-991
-991
-991
-991
-991
-991
-991
-991
-991
-991
-991
-991
-991
-991
-993
-993
-993
-993
-993
-993
-991
-991
-991
-991
-991
-991
-993
-993
-993
-993
-993
-993
-993
-993
-993
-993
-993
-993
-993
-993
-993
-993
-993
-993
-993
-993
-993
-993
-993
-993
-993
-993
-993
-993
-993
-993
-993
-993
-993
-993
-993
-993
-993
-993
-993
-993
-993
-993
-993
-993
-993
-993
-993
-993
-993
-993
-993
-993
-993
-993
-993
-993
-993
-993
-993
-993
-993
-993
-993
-993
-993
-993
-993
-993
-993
-993
-993
-993
-993
-993
-993
-993
-993
-993
-993
-993
-993
-993
-993
-993
-993
-993
-993
-993
-993
-993
-993
-993
-993
-993
-993
-993
-993
-993
-993
-993
-993
-993
-993
-993
-993
-993
-993
-993
-993
-993
-993
-993
-993
-993
-993
-993
-993
-993
-993
-993
-993
-993
-993
-993
-993
-993
-993
-993
-993
-993
-993
-993
-993
-993
-993
-993
-993
-993
-993
-993
-993
-993
-993
-993
-993
-993
-993
-993
-993
-993
-993
-993
-993
-993
-993
-993
-993
-993
-993
-993
-993
-993
-993
-993
-993
-993
-993
-993
-993
-993
-993
-993
-993
-993
-993
-993
-993
-993
-993
-993
-993
-993
-993
-993
-993
-993
-993
-993
-993
-993
-993
-993
-993
-993
-993
-993
-993
-993
-993
-993
-993
-993
-993
-993
-993
-993
-993
-993
-993
-993
-993
-993
-993
-993
-993
-993
-993
-993
-993
-993
-993
-993
-993
-993
-993
-993
-993
-993
-993
-993
-993
-993
-993
-993
-993
-993
-993
-993
-993
-993
-993
-993
-993
-993
-993
-993
-993
-993
-993
-993
-993
-993
-993
-993
-993
-993
-993
-993
-993
-993
-993
-993
-993
-993
-993
-993
-993
-993
-993
-993
-993
-993
-993
-993
-993
-993
-993
-993
-993
-993
-993
-993
-993
-993
-993
-993
-993
-993
-993
-993
-993
-993
-993
-993
-993
-993
-993
-993
-993
-993
-993
-993
-993
-993
-993
-993
-993
-993
-993
-993
-993
-993
-993
-993
-993
-993
-993
-993
-993
-993
-993
-993
-993
-993
-993
-993
-993
-993
-993
-993
-993
-993
-993
-993
-993
-993
-993
-993
-993
-993
-993
-993
-993
-993
-993
-993
-993
-993
-993
-993
-993
-995
-994
-995
-994
-995
-994
-995
-994
-995
-994
-995
-994
-995
-994
-993
-993
-995
-994
-995
-994
-995
-994
-995
-994
-995
-994
-995
-996
-995
-994
-995
-994
-995
-994
-995
-994
-995
-994
-995
-994
-994
-994
-995
-994
-995
-994
-995
-996
-995
-996
-995
-996
-995
-996
-995
-994
-995
-994
-994
-994
-994
-994
-994
-994
-994
-995
-996
-995
-996
-995
-996
-995
-996
-995
-994
-995
-996
-995
-996
-995
-996
-995
-996
-995
-996
-995
-996
-995
-996
-995
-996
-995
-996
-995
-996
-995
-995
-996
-995
-995
-996
-995
-995
-996
-996
-995
-996
-994
-995
-996
-993
-995
-996
-994
-995
-996
-994
-995
-996
-996
-996
-996
-995
-996
-996
-996
-996
-996
-996
-996
-996
-996
-996
-996
-996
-996
-993
-995
-995
-996
-996
-996
-996
-996
-996
-996
-996
-996
-994
-995
-994
-995
-994
-995
-994
-995
-994
-995
-994
-995
-994
-995
-994
-995
-994
-995
-996
-996
-996
-993
-995
