agent: texplore
env: asterix
model: M5 Tree
Environment is episodic.
set statesPerDim to 0 for all dim
feature 0 has range 30
feature 1 has range 30
feature 2 has range 30
reward range: 1001
Parallel ETUCT tracking real state values
Planner using history size: 0
Start model learning thread
start parallel uct planning search thread
Created MultClass 0 with nModels: 5
Created m5 decision tree 0 multivariate regression (all feats) MIN_SDR: 0.003
Created m5 decision tree 6 multivariate regression (all feats) MIN_SDR: 0.003
Created m5 decision tree 12 multivariate regression (all feats) MIN_SDR: 0.003
Created m5 decision tree 18 multivariate regression (all feats) MIN_SDR: 0.003
Created m5 decision tree 24 multivariate regression (all feats) MIN_SDR: 0.003
Created MultClass 3 with nModels: 5
Created m5 decision tree 3 multivariate regression (all feats) MIN_SDR: 0.1001
Created m5 decision tree 9 multivariate regression (all feats) MIN_SDR: 0.1001
Created m5 decision tree 15 multivariate regression (all feats) MIN_SDR: 0.1001
Created m5 decision tree 21 multivariate regression (all feats) MIN_SDR: 0.1001
Created m5 decision tree 27 multivariate regression (all feats) MIN_SDR: 0.1001
Created MultClass 4 with nModels: 5
Created m5 decision tree 4 multivariate regression (all feats) MIN_SDR: 0.0001
Created m5 decision tree 10 multivariate regression (all feats) MIN_SDR: 0.0001
Created m5 decision tree 16 multivariate regression (all feats) MIN_SDR: 0.0001
Created m5 decision tree 22 multivariate regression (all feats) MIN_SDR: 0.0001
Created m5 decision tree 28 multivariate regression (all feats) MIN_SDR: 0.0001
Created MultClass 1 with nModels: 5
Created m5 decision tree 1 multivariate regression (all feats) MIN_SDR: 0.003
Created m5 decision tree 7 multivariate regression (all feats) MIN_SDR: 0.003
Created m5 decision tree 13 multivariate regression (all feats) MIN_SDR: 0.003
Created m5 decision tree 19 multivariate regression (all feats) MIN_SDR: 0.003
Created m5 decision tree 25 multivariate regression (all feats) MIN_SDR: 0.003
Created MultClass 2 with nModels: 5
Created m5 decision tree 2 multivariate regression (all feats) MIN_SDR: 0.003
Created m5 decision tree 8 multivariate regression (all feats) MIN_SDR: 0.003
Created m5 decision tree 14 multivariate regression (all feats) MIN_SDR: 0.003
Created m5 decision tree 20 multivariate regression (all feats) MIN_SDR: 0.003
Created m5 decision tree 26 multivariate regression (all feats) MIN_SDR: 0.003
-993
-995
-995
-995
-995
-994
-994
-995
-992
-992
-983
-987
-994
-992
-992
-994
-993
-994
-994
-993
-994
-989
-993
-996
-996
-995
-997
-993
-994
-994
-977
-991
-994
-993
-994
-994
-995
-996
-995
-993
-994
-992
-996
-995
-996
-994
-995
-995
-996
-994
-989
-995
-993
-994
-990
-992
-993
-996
-996
-994
-995
-994
-994
-994
-993
-974
-994
-994
-996
-993
-994
-996
-993
-993
-993
-994
-992
-996
-996
-995
-993
-991
-994
-994
-997
-995
-995
-994
-996
-994
-994
-995
-995
-994
-997
-997
-992
-994
-995
-994
-994
-992
-990
-992
-994
-981
-993
-980
-991
-996
-991
-995
-991
-991
-994
-994
-992
-992
-994
-995
-995
-995
-995
-994
-991
-994
-994
-995
-994
-994
-993
-996
-994
-994
-995
-997
-995
-994
-995
-995
-994
-995
-995
-994
-994
-994
-994
-966
-994
-994
-995
-980
-995
-995
-994
-995
-995
-995
-997
-994
-994
-994
-994
-994
-994
-994
-991
-994
-992
-992
-994
-994
-995
-994
-984
-979
-994
-994
-991
-994
-994
-997
-988
-992
-995
-992
-994
-994
-995
-991
-994
-993
-994
-993
-994
-992
-992
-994
-989
-992
-992
-993
-994
-994
-994
-994
-994
-994
-994
-980
-983
-980
-994
-994
-994
-993
-994
-995
-983
-994
-991
-994
-994
-995
-993
-994
-992
-995
-992
-992
-994
-994
-994
-993
-994
-994
-992
-994
-996
-993
-995
-992
-996
-996
-992
-992
-992
-994
-994
-992
-982
-994
-994
-992
-994
-981
-980
-996
-996
-996
-997
-996
-996
-993
-996
-993
-965
-996
-976
-993
-982
-992
-994
-992
-995
-994
-994
-994
-995
-995
-995
-994
-978
-994
-994
-994
-995
-994
-994
-993
-996
-994
-993
-993
-994
-994
-994
-994
-993
-993
-981
-993
-994
-991
-995
-995
-977
-996
-996
-996
-996
-991
-980
-995
-980
-994
-994
-996
-994
-991
-996
-996
-994
-993
-996
-996
-996
-994
-996
-993
-996
-980
-980
-987
-993
-981
-995
-996
-996
-996
-994
-994
-995
-995
-994
-993
-993
-992
-980
-991
-995
-996
-997
-997
-996
-997
-996
-996
-995
-995
-996
-993
-990
-994
-995
-995
-995
-996
-995
-996
-995
-995
-995
-994
-994
-995
-995
-995
-995
-994
-994
-994
-971
-995
-993
-982
-995
-984
-975
-996
-987
-992
-994
-994
-994
-994
-995
-995
-995
-995
-992
-992
-992
-994
-994
-995
-995
-995
-995
-992
-992
-980
-995
-995
-994
-995
-994
-995
-994
-994
-994
-994
-995
-969
-994
-994
-994
-994
-982
-996
-994
-994
-994
-981
-994
-995
-995
-995
-995
-995
-995
-995
-995
-995
-995
-995
-994
-992
-994
-992
-981
-994
-984
-994
-992
-994
-978
-982
-982
-994
-993
-993
-993
-994
-965
-965
-993
-994
-975
-994
-993
-993
-994
-994
-994
-994
-989
-994
-994
-994
-994
-994
-993
-994
-995
-994
-994
-995
-995
-994
-995
-995
-994
-994
-994
-991
-995
-994
-994
-997
-984
-994
-994
-994
-995
-981
-994
-994
-994
-994
-994
-994
-994
-994
-994
-994
-994
-994
-994
-994
-997
-992
-996
-981
-996
-980
-993
-984
-996
-996
-996
-976
-994
-995
-994
-994
-994
-995
-995
-992
-993
-977
-982
-992
-994
-994
-994
-989
-993
-992
-994
-993
-996
-993
-993
-993
-995
-966
-993
-993
-995
-995
-995
-995
-995
-995
-993
-993
-994
-995
-994
-995
-994
-995
-994
-996
-994
-979
-994
-993
-995
-995
-995
-995
-994
-993
-994
-993
-995
-994
-980
-994
-953
-992
-994
-992
-994
-995
-995
-995
-994
-994
-994
-994
-994
-992
-992
-993
-993
-994
-994
-980
-994
-994
-994
-994
-995
-995
-995
-994
-994
-994
-994
-994
-994
-994
-994
-980
-980
-994
-992
-994
-994
-994
-994
-994
-994
-994
-994
-994
-995
-995
-992
-996
-982
-979
-994
-992
-995
-994
-995
-994
-995
-994
-994
-994
-994
-994
-994
-992
-995
-992
-996
-996
-996
-996
-996
-996
-996
-982
-992
-996
-994
-994
-994
-994
-994
-996
-996
-992
-996
-994
-994
-994
-994
-994
-994
-994
-994
-995
-995
-996
-994
-994
-996
-994
-994
-995
-995
-995
-995
-995
-995
-994
-994
-994
-996
-996
-995
-994
-995
-994
-994
-994
-995
-994
-971
-994
-993
-994
-994
-993
-994
-993
-994
-993
-994
-993
-994
-993
-994
-993
-994
-993
-994
-993
-992
-995
-993
-992
-995
-994
-994
-994
-994
-993
-992
-995
-996
-994
-995
-994
-995
-994
-995
-994
-995
-996
-995
-996
-993
-992
-995
-992
-994
-996
-993
-992
-994
-996
-992
-992
-982
-996
-993
-993
-996
-984
-996
-984
-996
-994
-994
-985
-993
-996
-994
-996
-993
-985
-982
-996
-996
-996
-996
-996
-996
-996
-996
-994
-996
-996
-996
-996
-996
-996
-993
-984
-993
-975
-993
-961
-996
-994
-996
-994
-996
-994
-996
-994
-996
-994
-996
-990
-983
-978
-994
-982
-994
-994
-994
-994
-994
-982
-990
-994
-990
-982
-996
-996
-969
-996
-990
-982
-996
-996
-993
-993
-996
-996
-994
-994
-996
-995
-997
-994
-997
-994
-992
-989
-994
-993
-993
-994
-997
-996
-994
-996
-994
-982
-994
-982
-993
-994
-980
-994
-982
-994
-994
-994
-994
-994
-996
-996
-995
-994
-994
-994
-994
-994
-993
-994
-995
-994
-994
-994
-994
-996
-994
-996
-994
-994
-994
-994
-995
-994
-994
-969
-994
-994
-994
-994
-995
-995
-995
-994
-995
-994
-994
-994
-994
-994
-994
-994
-994
-994
-994
-994
-994
-994
-994
-994
-994
-994
-994
-995
-996
-996
-996
-996
-996
-996
-996
-994
-994
-994
-994
-995
-995
-995
-994
-995
-994
-995
-993
-992
-996
-994
-995
-996
-996
-996
-996
-996
-997
-995
-997
-994
-997
-994
-997
-994
-997
-994
-997
-994
-997
-994
-994
-992
-996
-994
-992
-996
-994
-992
-992
-994
-992
-992
-995
-992
-992
-992
-992
-994
-994
-968
-994
-979
