agent: texplore
env: asterix
model: M5 Tree
Environment is episodic.
set statesPerDim to 0 for all dim
feature 0 has range 30
feature 1 has range 30
feature 2 has range 30
reward range: 1001
Parallel ETUCT tracking real state values
Planner using history size: 0
Start model learning thread
start parallel uct planning search thread
Created MultClass 0 with nModels: 5
Created m5 decision tree 0 multivariate regression (all feats) MIN_SDR: 0.003
Created m5 decision tree 6 multivariate regression (all feats) MIN_SDR: 0.003
Created m5 decision tree 12 multivariate regression (all feats) MIN_SDR: 0.003
Created m5 decision tree 18 multivariate regression (all feats) MIN_SDR: 0.003
Created m5 decision tree 24 multivariate regression (all feats) MIN_SDR: 0.003
Created MultClass 3 with nModels: 5
Created m5 decision tree 3 multivariate regression (all feats) MIN_SDR: 0.1001
Created m5 decision tree 9 multivariate regression (all feats) MIN_SDR: 0.1001
Created m5 decision tree 15 multivariate regression (all feats) MIN_SDR: 0.1001
Created m5 decision tree 21 multivariate regression (all feats) MIN_SDR: 0.1001
-997
Created m5 decision tree 27 multivariate regression (all feats) MIN_SDR: 0.1001
Created MultClass 4 with nModels: 5
Created m5 decision tree 4 multivariate regression (all feats) MIN_SDR: 0.0001
Created m5 decision tree 10 multivariate regression (all feats) MIN_SDR: 0.0001
Created m5 decision tree 16 multivariate regression (all feats) MIN_SDR: 0.0001
Created m5 decision tree 22 multivariate regression (all feats) MIN_SDR: 0.0001
Created m5 decision tree 28 multivariate regression (all feats) MIN_SDR: 0.0001
Created MultClass 1 with nModels: 5
Created m5 decision tree 1 multivariate regression (all feats) MIN_SDR: 0.003
Created m5 decision tree 7 multivariate regression (all feats) MIN_SDR: 0.003
Created m5 decision tree 13 multivariate regression (all feats) MIN_SDR: 0.003
Created m5 decision tree 19 multivariate regression (all feats) MIN_SDR: 0.003
Created m5 decision tree 25 multivariate regression (all feats) MIN_SDR: 0.003
Created MultClass 2 with nModels: 5
Created m5 decision tree 2 multivariate regression (all feats) MIN_SDR: 0.003
Created m5 decision tree 8 multivariate regression (all feats) MIN_SDR: 0.003
Created m5 decision tree 14 multivariate regression (all feats) MIN_SDR: 0.003
Created m5 decision tree 20 multivariate regression (all feats) MIN_SDR: 0.003
Created m5 decision tree 26 multivariate regression (all feats) MIN_SDR: 0.003
-995
-996
-994
-997
-996
-995
-994
-996
-996
-990
-984
-982
-994
-991
-995
-997
-997
-997
-995
-994
-996
-993
-994
-995
-995
-994
-995
-991
-991
-995
-995
-996
-995
-996
-992
-981
-983
-995
-996
-994
-995
-996
-994
-994
-994
-982
-996
-970
-994
-983
-995
-985
-960
-995
-996
-983
-995
-983
-984
-994
-995
-960
-995
-994
-963
-983
-983
-995
-994
-994
-994
-993
-991
-994
-994
-993
-994
-994
-994
-994
-995
-995
-996
-995
-995
-995
-990
-995
-995
-995
-995
-994
-995
-994
-995
-995
-995
-995
-995
-991
-995
-995
-995
-991
-995
-995
-993
-995
-993
-993
-982
-994
-995
-995
-995
-995
-995
-995
-994
-994
-994
-994
-993
-994
-993
-994
-993
-981
-996
-982
-981
-980
-983
-995
-994
-995
-980
-983
-995
-994
-996
-984
-994
-995
-982
-995
-995
-995
-995
-996
-995
-995
-994
-996
-994
-996
-994
-995
-994
-996
-994
-994
-995
-995
-995
-995
-995
-995
-995
-995
-994
-982
-994
-995
-995
-995
-994
-982
-994
-994
-965
-982
-994
-995
-994
-996
-996
-996
-996
-996
-996
-996
-982
-994
-995
-982
-994
-995
-994
-994
-994
-994
-995
-995
-995
-995
-995
-983
-994
-982
-994
-982
-994
-996
-982
-995
-982
-994
-982
-995
-982
-994
-995
-982
-994
-995
-994
-979
-995
-995
-995
-995
-995
-982
-994
-982
-994
-982
-982
-982
-982
-982
-982
-982
-994
-982
-994
-982
-994
-995
-995
-995
-995
-995
-995
-995
-995
-996
-995
-982
-994
-995
-995
-995
-995
-982
-994
-995
-982
-995
-996
-995
-996
-995
-995
-995
-995
-995
-995
-995
-995
-982
-995
-994
-995
-995
-995
-995
-995
-982
-994
-982
-994
-982
-994
-982
-994
-982
-994
-982
-994
-982
-994
-995
-995
-995
-982
-994
-982
-994
-982
-994
-982
-994
-982
-982
-994
-996
-995
-996
-996
-996
-996
-996
-996
-996
-996
-996
-996
-996
-982
-994
-995
-995
-995
-996
-996
-994
-994
-983
-983
-983
-995
-996
-994
-995
-994
-984
-994
-995
-996
-996
-996
-996
-996
-996
-996
-996
-994
-982
-994
-982
-994
-994
-994
-994
-994
-988
-995
-995
-996
-995
-994
-988
-994
-988
-994
-995
-995
-995
-994
-994
-994
-989
-995
-995
-995
-994
-994
-984
-994
-994
-994
-994
-994
-995
-995
-995
-995
-995
-996
-996
-995
-995
-995
-995
-995
-995
-995
-995
-995
-995
-995
-995
-995
-995
-995
-996
-995
-996
-995
-996
-995
-996
-995
-994
-995
-996
-995
-996
-995
-994
-995
-996
-995
-996
-995
-994
-984
-994
-984
-994
-994
-995
-996
-995
-996
-995
-994
-988
-994
-995
-993
-994
-995
-996
-995
-996
-995
-996
-995
-994
-994
-995
-993
-994
-995
-994
-994
-994
-994
-994
-994
-994
-994
-994
-994
-994
-994
-994
-989
-988
-988
-989
-989
-989
-989
-989
-988
-994
-994
-994
-988
-988
-988
-988
-989
-984
-984
-984
-984
-984
-984
-993
-994
-993
-994
-993
-994
-993
-994
-993
-994
-993
-994
-993
-984
-994
-994
-994
-994
-994
-994
-994
-994
-994
-994
-994
-994
-994
-993
-994
-993
-983
-994
-993
-983
-994
-994
-994
-994
-994
-994
-994
-994
-994
-994
-994
-994
-993
-994
-993
-994
-993
-994
-993
-994
-994
-994
-994
-994
-983
-994
-983
-994
-993
-994
-993
-994
-993
-994
-993
-994
-993
-994
-993
-994
-993
-994
-993
-994
-982
-994
-982
-983
-994
-994
-982
-994
-982
-994
-982
-994
-982
-994
-995
-995
-995
-995
-995
-995
-994
-994
-994
-994
-994
-983
-983
-994
-994
-994
-994
-994
-994
-994
-994
-994
-994
-994
-994
-994
-994
-995
-994
-994
-994
-994
-995
-994
-994
-994
-983
-983
-983
-983
-983
-994
-994
-994
-994
-994
-994
-994
-994
-995
-994
-994
-983
-994
-994
-994
-994
-994
-994
-994
-994
-994
-994
-994
-995
-993
-994
-995
-994
-994
-994
-983
-994
-983
-983
-983
-983
-991
-991
-991
-991
-991
-991
-991
-991
-991
-991
-991
-991
-991
-991
-988
-991
-991
-994
-994
-994
-994
-994
-994
-994
-994
-994
-994
-994
-994
-994
-994
-994
-994
-994
-994
-994
-994
-994
-994
-994
-994
-994
-994
-994
-994
-994
-993
-994
-993
-994
-993
-994
-993
-994
-994
-994
-994
-994
-994
-994
-994
-994
-994
-994
-994
-994
-988
-991
-991
-991
-991
-991
-991
-988
-994
-994
-994
-988
-988
-988
-989
-989
-989
-984
-994
-994
-988
-984
-984
-989
-989
-989
-989
-989
-989
-989
-989
-994
-994
-989
-994
-989
-993
-994
-987
-994
-989
-994
-989
-989
-994
-989
-994
-994
-994
-995
-989
-992
-992
-992
-992
-992
-994
-992
-992
-992
-994
-991
-994
-995
-995
-995
-995
-995
-995
-995
-995
-995
-995
-995
-995
-995
-995
-995
-995
-995
-995
-995
-995
-995
-995
-995
-995
-995
-995
-995
-995
-995
-995
-995
-995
-995
-995
-995
-995
-995
-995
-995
-995
-995
-995
-995
-995
-995
-995
-995
-995
-995
-995
-995
-995
-995
-995
-995
-995
-995
-995
-995
-995
-995
-995
-995
-995
-995
-995
-995
-995
-995
-995
-995
-995
-995
-995
-995
-995
-995
-995
-995
-995
-995
-995
-995
-995
-995
-995
-995
-995
-995
-995
-995
-995
-995
-995
-995
-995
-995
-995
-995
-995
-995
-995
-995
-995
-995
-995
-995
-995
-995
-995
-995
-995
-995
-995
-995
-995
-995
-995
-995
-992
-994
-992
-992
-992
-994
-991
-996
-996
-992
-994
-992
-994
-989
-992
-992
-996
-996
-996
-996
-996
-996
-996
-996
-996
-996
-996
-996
-996
-996
-996
-996
-996
-996
-994
-994
-996
-993
-994
-994
-994
-994
-994
-994
-994
-992
-993
-994
-995
-995
-995
-995
-995
-995
-995
-995
-995
-995
-995
-995
-995
-995
-995
-995
-995
-995
-995
-995
-995
-994
-996
-994
-995
-995
-995
-995
-995
-995
-995
