agent: texplore
env: asterix
model: M5 Tree
Environment is episodic.
set statesPerDim to 0 for all dim
feature 0 has range 30
feature 1 has range 30
feature 2 has range 30
reward range: 1001
Parallel ETUCT tracking real state values
Planner using history size: 0
start parallel uct planning search thread
Start model learning thread
Created MultClass 0 with nModels: 5
Created m5 decision tree 0 multivariate regression (all feats) MIN_SDR: 0.003
Created m5 decision tree 6 multivariate regression (all feats) MIN_SDR: 0.003
Created m5 decision tree 12 multivariate regression (all feats) MIN_SDR: 0.003
Created m5 decision tree 18 multivariate regression (all feats) MIN_SDR: 0.003
Created m5 decision tree 24 multivariate regression (all feats) MIN_SDR: 0.003
Created MultClass 3 with nModels: 5
Created m5 decision tree 3 multivariate regression (all feats) MIN_SDR: 0.1001
Created m5 decision tree 9 multivariate regression (all feats) MIN_SDR: 0.1001
Created m5 decision tree 15 multivariate regression (all feats) MIN_SDR: 0.1001
Created m5 decision tree 21 multivariate regression (all feats) MIN_SDR: 0.1001
Created m5 decision tree 27 multivariate regression (all feats) MIN_SDR: 0.1001
Created MultClass 4 with nModels: 5
Created m5 decision tree 4 multivariate regression (all feats) MIN_SDR: 0.0001
Created m5 decision tree 10 multivariate regression (all feats) MIN_SDR: 0.0001
Created m5 decision tree 16 multivariate regression (all feats) MIN_SDR: 0.0001
Created m5 decision tree 22 multivariate regression (all feats) MIN_SDR: 0.0001
Created m5 decision tree 28 multivariate regression (all feats) MIN_SDR: 0.0001
Created MultClass 1 with nModels: 5
Created m5 decision tree 1 multivariate regression (all feats) MIN_SDR: 0.003
Created m5 decision tree 7 multivariate regression (all feats) MIN_SDR: 0.003
Created m5 decision tree 13 multivariate regression (all feats) MIN_SDR: 0.003
Created m5 decision tree 19 multivariate regression (all feats) MIN_SDR: 0.003
Created m5 decision tree 25 multivariate regression (all feats) MIN_SDR: 0.003
Created MultClass 2 with nModels: 5
Created m5 decision tree 2 multivariate regression (all feats) MIN_SDR: 0.003
Created m5 decision tree 8 multivariate regression (all feats) MIN_SDR: 0.003
Created m5 decision tree 14 multivariate regression (all feats) MIN_SDR: 0.003
Created m5 decision tree 20 multivariate regression (all feats) MIN_SDR: 0.003
Created m5 decision tree 26 multivariate regression (all feats) MIN_SDR: 0.003
-992
-994
-980
-995
-995
-994
-995
-992
-995
-990
-994
-994
-976
-994
-995
-995
-995
-995
-995
-995
-995
-988
-992
-949
-978
-995
-992
-992
-981
-994
-989
-993
-995
-995
-995
-995
-992
-991
-995
-993
-994
-992
-991
-994
-989
-993
-992
-992
-993
-992
-992
-981
-992
-992
-992
-992
-984
-996
-995
-990
-992
-992
-993
-993
-992
-994
-992
-994
-992
-992
-992
-992
-993
-992
-993
-995
-992
-994
-994
-992
-984
-992
-976
-992
-992
-994
-993
-992
-993
-992
-996
-993
-985
-995
-992
-990
-994
-992
-994
-992
-993
-992
-993
-994
-950
-992
-992
-992
-993
-993
-992
-993
-992
-981
-992
-982
-992
-937
-992
-992
-987
-995
-983
-992
-988
-992
-979
-994
-994
-992
-992
-993
-993
-992
-992
-992
-993
-992
-992
-993
-992
-992
-992
-992
-992
-992
-992
-992
-992
-952
-993
-996
-992
-981
-993
-992
-993
-994
-993
-995
-993
-992
-976
-992
-989
-989
-992
-992
-992
-992
-992
-992
-992
-992
-992
-992
-992
-992
-975
-973
-992
-990
-992
-992
-992
-995
-992
-987
-992
-953
-993
-993
-994
-992
-992
-993
-994
-994
-994
-994
-994
-994
-994
-994
-992
-992
-992
-992
-992
-993
-992
-992
-994
-992
-993
-992
-993
-992
-993
-992
-995
-995
-995
-995
-995
-995
-995
-995
-995
-995
-995
-995
-995
-995
-995
-995
-995
-995
-994
-992
-994
-992
-994
-992
-995
-992
-992
-992
-992
-992
-992
-992
-980
-992
-992
-992
-992
-992
-982
-992
-993
-992
-993
-992
-993
-992
-993
-992
-993
-992
-993
-993
-993
-993
-992
-993
-992
-993
-992
-993
-992
-993
-992
-993
-992
-993
-992
-993
-992
-993
-992
-993
-992
-993
-992
-993
-995
-992
-990
-995
-993
-992
-993
-995
-992
-993
-995
-992
-993
-994
-993
-995
-995
-992
-993
-992
-993
-995
-993
-995
-995
-992
-993
-995
-993
-995
-992
-993
-992
-993
-992
-993
-992
-993
-992
-992
-992
-994
-995
-992
-991
-992
-992
-992
-993
-992
-992
-994
-995
-994
-992
-992
-993
-992
-993
-992
-993
-992
-993
-992
-993
-992
-992
-993
-992
-993
-992
-979
-992
-981
-992
-979
-992
-985
-992
-989
-992
-980
-984
-992
-984
-992
-993
-992
-984
-992
-980
-980
-992
-992
-992
-973
-988
-996
-996
-996
-983
-993
-992
-993
-992
-993
-992
-993
-992
-993
-992
-993
-992
-993
-992
-993
-992
-993
-992
-993
-992
-993
-992
-993
-992
-993
-992
-993
-992
-993
-992
-993
-992
-993
-992
-993
-992
-993
-992
-993
-992
-993
-992
-993
-992
-993
-992
-993
-992
-993
-992
-993
-992
-993
-992
-993
-995
-993
-994
-993
-992
-993
-992
-993
-992
-993
-992
-993
-992
-993
-994
-993
-995
-993
-989
-993
-992
-993
-992
-993
-992
-993
-992
-993
-992
-993
-992
-993
-992
-993
-992
-993
-992
-993
-992
-993
-992
-993
-992
-992
-992
-993
-992
-994
-996
-992
-994
-996
-993
-995
-996
-993
-992
-993
-995
-996
-992
-993
-995
-993
-995
-996
-992
-993
-992
-994
-995
-992
-993
-992
-993
-995
-993
-992
-993
-992
-993
-992
-996
-996
-996
-996
-992
-994
-992
-994
-992
-995
-992
-993
-992
-993
-992
-992
-992
-992
-992
-992
-992
-992
-992
-992
-992
-992
-992
-993
-992
-993
-992
-993
-992
-993
-992
-993
-992
-993
-992
-993
-992
-993
-992
-993
-992
-993
-995
-996
-992
-993
-992
-993
-992
-993
-992
-993
-992
-993
-992
-993
-992
-993
-992
-993
-992
-993
-992
-993
-992
-993
-992
-993
-992
-993
-992
-993
-992
-993
-992
-993
-992
-993
-992
-993
-992
-993
-992
-993
-992
-993
-992
-993
-992
-993
-992
-993
-992
-992
-993
-992
-992
-993
-992
-993
-992
-993
-992
-993
-992
-993
-992
-993
-992
-993
-992
-993
-992
-993
-992
-993
-992
-993
-992
-993
-992
-993
-992
-993
-992
-993
-992
-993
-992
-993
-992
-993
-992
-993
-992
-993
-992
-993
-992
-992
-992
-992
-992
-993
-992
-992
-993
-992
-993
-992
-993
-992
-993
-992
-993
-992
-993
-992
-992
-992
-992
-992
-992
-992
-992
-992
-993
-992
-993
-992
-993
-992
-993
-992
-993
-992
-993
-992
-993
-992
-993
-992
-993
-992
-993
-992
-993
-992
-993
-992
-993
-992
-993
-992
-993
-992
-993
-992
-993
-992
-993
-992
-993
-992
-993
-992
-993
-991
-996
-996
-996
-992
-993
-992
-993
-989
-992
-993
-991
-996
-996
-992
-993
-992
-992
-993
-992
-993
-992
-993
-990
-997
-992
-993
-992
-993
-992
-993
-992
-993
-992
-993
-992
-993
-995
-992
-993
-992
-993
-992
-993
-992
-993
-992
-993
-992
-993
-992
-993
-992
-993
-995
-992
-993
-995
-992
-993
-995
-992
-993
-992
-993
-992
-993
-992
-993
-992
-992
-993
-992
-993
-990
-992
-993
-991
-992
-993
-989
-992
-993
-991
-992
-993
-989
-992
-993
-990
-992
-993
-990
-992
-993
-990
-992
-993
-991
-992
-993
-991
-992
-993
-990
-997
-991
-992
-993
-991
-992
-993
-992
-992
-993
-991
-990
-992
-993
-991
-993
-991
-992
-993
-990
-992
-993
-990
-992
-993
-991
-992
-993
-991
-992
-993
-991
-992
-993
-991
-993
-991
-997
-997
-997
-997
-991
-992
-993
-930
-991
-993
-989
-997
-997
-997
-997
-997
-997
-997
-997
-997
-997
-997
-997
-997
-997
-997
-997
-997
-997
-997
-997
-997
-997
-997
-997
-992
-993
-991
-992
-993
-989
-992
-993
-990
-992
-993
-990
-992
-993
-990
-993
-989
-992
-993
-982
-958
-992
-993
-962
-989
-992
-993
-962
-992
-993
-989
-992
-993
-990
-992
-993
-990
-992
-993
-989
-992
-993
-991
-992
-993
-991
-992
-993
-990
-992
-993
-991
-992
-993
-991
-992
-993
-991
-992
-993
-990
-992
-993
-991
-992
-993
-991
-992
-993
-991
-992
-993
-991
-992
-993
-976
-992
-993
