agent: texplore
env: asterix
model: M5 Tree
Environment is episodic.
set statesPerDim to 0 for all dim
feature 0 has range 30
feature 1 has range 30
feature 2 has range 30
reward range: 1001
Parallel ETUCT tracking real state values
Planner using history size: 0
Start model learning thread
start parallel uct planning search thread
Created MultClass 0 with nModels: 5
Created m5 decision tree 0 multivariate regression (all feats) MIN_SDR: 0.003
Created m5 decision tree 6 multivariate regression (all feats) MIN_SDR: 0.003
Created m5 decision tree 12 multivariate regression (all feats) MIN_SDR: 0.003
Created m5 decision tree 18 multivariate regression (all feats) MIN_SDR: 0.003
Created m5 decision tree 24 multivariate regression (all feats) MIN_SDR: 0.003
Created MultClass 3 with nModels: 5
Created m5 decision tree 3 multivariate regression (all feats) MIN_SDR: 0.1001
Created m5 decision tree 9 multivariate regression (all feats) MIN_SDR: 0.1001
Created m5 decision tree 15 multivariate regression (all feats) MIN_SDR: 0.1001
Created m5 decision tree 21 multivariate regression (all feats) MIN_SDR: 0.1001
Created m5 decision tree 27 multivariate regression (all feats) MIN_SDR: 0.1001
Created MultClass 4 with nModels: 5
Created m5 decision tree 4 multivariate regression (all feats) MIN_SDR: 0.0001
Created m5 decision tree 10 multivariate regression (all feats) MIN_SDR: 0.0001
Created m5 decision tree 16 multivariate regression (all feats) MIN_SDR: 0.0001
Created m5 decision tree 22 multivariate regression (all feats) MIN_SDR: 0.0001
Created m5 decision tree 28 multivariate regression (all feats) MIN_SDR: 0.0001
Created MultClass 1 with nModels: 5
Created m5 decision tree 1 multivariate regression (all feats) MIN_SDR: 0.003
Created m5 decision tree 7 multivariate regression (all feats) MIN_SDR: 0.003
Created m5 decision tree 13 multivariate regression (all feats) MIN_SDR: 0.003
Created m5 decision tree 19 multivariate regression (all feats) MIN_SDR: 0.003
Created m5 decision tree 25 multivariate regression (all feats) MIN_SDR: 0.003
Created MultClass 2 with nModels: 5
Created m5 decision tree 2 multivariate regression (all feats) MIN_SDR: 0.003
Created m5 decision tree 8 multivariate regression (all feats) MIN_SDR: 0.003
Created m5 decision tree 14 multivariate regression (all feats) MIN_SDR: 0.003
Created m5 decision tree 20 multivariate regression (all feats) MIN_SDR: 0.003
Created m5 decision tree 26 multivariate regression (all feats) MIN_SDR: 0.003
-973
-994
-995
-995
-988
-996
-994
-994
-995
-994
-981
-995
-995
-994
-996
-990
-970
-996
-982
-995
-980
-994
-995
-996
-994
-994
-995
-994
-994
-994
-995
-995
-994
-994
-994
-994
-994
-996
-996
-996
-995
-996
-996
-996
-994
-992
-994
-991
-994
-992
-980
-994
-996
-997
-995
-996
-995
-993
-994
-994
-995
-994
-995
-995
-995
-995
-980
-992
-995
-992
-992
-992
-992
-992
-992
-995
-995
-995
-995
-992
-992
-994
-995
-995
-991
-992
-994
-995
-977
-995
-993
-982
-991
-994
-994
-992
-993
-996
-994
-994
-991
-990
-995
-994
-995
-994
-996
-994
-996
-992
-994
-991
-994
-994
-992
-977
-994
-993
-991
-994
-994
-995
-994
-996
-993
-993
-993
-994
-994
-994
-983
-993
-994
-993
-992
-995
-995
-995
-995
-995
-994
-996
-994
-996
-994
-996
-994
-996
-994
-996
-994
-996
-994
-996
-994
-996
-994
-996
-994
-992
-974
-992
-995
-995
-995
-995
-995
-993
-995
-993
-992
-995
-995
-996
-995
-995
-996
-995
-996
-995
-996
-995
-995
-996
-995
-995
-995
-995
-995
-995
-995
-995
-995
-995
-995
-992
-995
-995
-993
-990
-990
-990
-995
-991
-995
-991
-995
-995
-994
-992
-995
-994
-991
-992
-992
-994
-992
-994
-992
-995
-992
-995
-992
-995
-995
-993
-993
-996
-995
-992
-994
-991
-995
-995
-994
-995
-994
-995
-994
-995
-995
-995
-995
-995
-995
-993
-994
-976
-995
-995
-995
-995
-995
-995
-995
-992
-992
-992
-992
-992
-995
-993
-993
-996
-993
-996
-996
-996
-993
-996
-996
-994
-991
-993
-997
-993
-996
-994
-993
-994
-995
-995
-993
-996
-994
-993
-992
-993
-996
-994
-994
-994
-994
-994
-994
-994
-994
-995
-993
-996
-993
-996
-993
-996
-993
-996
-993
-993
-994
-995
-995
-995
-994
-995
-995
-995
-995
-995
-996
-995
-995
-995
-995
-995
-995
-995
-995
-995
-995
-995
-995
-995
-995
-995
-995
-996
-995
-995
-995
-995
-996
-995
-990
-990
-995
-997
-997
-997
-997
-997
-995
-995
-995
-993
-995
-995
-995
-995
-995
-995
-995
-995
-995
-995
-995
-996
-992
-992
-995
-996
-995
-996
-995
-996
-995
-996
-995
-995
-996
-995
-996
-995
-996
-996
-990
-990
-990
-991
-990
-992
-978
-992
-982
-990
-990
-990
-990
-990
-990
-990
-990
-992
-979
-990
-990
-990
-990
-995
-995
-995
-995
-995
-995
-995
-995
-995
-982
-992
-994
-994
-994
-994
-994
-994
-994
-994
-994
-994
-994
-992
-992
-992
-992
-992
-992
-992
-992
-992
-994
-992
-992
-992
-992
-992
-992
-992
-992
-992
-994
-994
-994
-994
-992
-994
-992
-992
-992
-992
-992
-992
-992
-992
-992
-992
-992
-992
-992
-994
-995
-996
-995
-995
-995
-995
-995
-995
-990
-990
-995
-989
-995
-989
-990
-990
-983
-973
-991
-992
-995
-996
-996
-996
-996
-996
-996
-996
-996
-995
-996
-995
-996
-995
-995
-995
-995
-992
-993
-992
-993
-992
-993
-992
-993
-992
-993
-992
-993
-992
-993
-992
-993
-992
-993
-992
-993
-992
-993
-991
-992
-993
-990
-992
-990
-990
-990
-990
-990
-990
-990
-992
-992
-992
-992
-992
-992
-992
-992
-992
-992
-992
-991
-991
-992
-992
-991
-990
-990
-991
-990
-990
-990
-990
-990
-991
-990
-990
-991
-995
-995
-995
-974
-995
-995
-995
-995
-979
-991
-991
-990
-990
-991
-991
-990
-990
-991
-991
-990
-991
-990
-990
-990
-991
-991
-985
-990
-990
-990
-986
-989
-989
-990
-990
-986
-987
-990
-990
-986
-990
-989
-990
-972
-990
-986
-987
-973
-990
-986
-985
-985
-972
-986
-973
-972
-990
-989
-989
-972
-973
-972
-990
-972
-972
-989
-990
-973
-990
-973
-986
-987
-986
-987
-986
-989
-986
-987
-990
-990
-990
-990
-990
-990
-990
-990
-990
-990
-990
-990
-986
-986
-985
-990
-985
-986
-987
-986
-989
-990
-986
-987
-989
-990
-990
-990
-989
-989
-989
-989
-989
-990
-990
-990
-990
-990
-990
-989
-990
-990
-990
-989
-989
-990
-990
-989
-990
-990
-990
-990
-989
-990
-989
-990
-989
-989
-990
-990
-990
-989
-989
-990
-990
-987
-987
-987
-990
-995
-995
-995
-995
-995
-995
-995
-995
-995
-995
-995
-995
-995
-995
-995
-995
-995
-995
-995
-995
-995
-995
-995
-995
-995
-995
-995
-995
-995
-995
-995
-995
-995
-995
-995
-995
-995
-995
-995
-996
-995
-995
-995
-995
-995
-995
-995
-995
-995
-995
-995
-995
-995
-995
-995
-995
-995
-995
-995
-995
-995
-995
-995
-995
-995
-995
-995
-995
-995
-995
-995
-995
-995
-995
-995
-995
-996
-995
-995
-995
-995
-995
-995
-995
-995
-995
-995
-995
-995
-996
-995
-996
-995
-995
-996
-995
-996
-995
-996
-995
-996
-995
-996
-995
-996
-995
-996
-995
-996
-995
-987
-995
-996
-995
-996
-995
-996
-995
-996
-995
-996
-995
-996
-995
-996
-986
-986
-987
-988
-987
-987
-988
-986
-987
-990
-990
-990
-990
-986
-985
-987
-987
-990
-987
-986
-990
-989
-990
-989
-990
-989
-990
-987
-989
-990
-973
-973
-944
-990
-989
-990
-972
-987
-987
-989
-989
-995
-996
-995
-996
-995
-996
-995
-996
-995
-996
-995
-996
-995
-996
-995
-996
-995
-996
-995
-996
-995
-996
-995
-995
-996
-995
-995
-995
-995
-995
-987
-989
-972
-972
-987
-973
-990
-972
-987
-990
-990
-973
-973
-989
-989
-987
-973
-987
-973
-973
-987
-973
-990
-972
-987
-987
-987
-990
-987
-987
-972
-987
-990
-990
-990
-973
-990
-973
-987
-990
-987
-987
-987
-990
-987
-990
-987
-990
-990
-987
-990
-987
-987
-990
-990
-990
-990
-972
-989
-990
-987
-990
-987
-987
-995
-995
-995
-995
-987
-987
-995
-995
-995
-987
-990
-995
-995
-995
-995
-995
-995
-995
-995
-995
-995
-995
-995
-995
-995
-995
