agent: texplore
env: asterix
model: M5 Tree
Environment is episodic.
set statesPerDim to 0 for all dim
feature 0 has range 30
feature 1 has range 30
feature 2 has range 30
reward range: 1001
Parallel ETUCT tracking real state values
Planner using history size: 0
Start model learning thread
start parallel uct planning search thread
Created MultClass 0 with nModels: 5
Created m5 decision tree 0 multivariate regression (all feats) MIN_SDR: 0.003
Created m5 decision tree 6 multivariate regression (all feats) MIN_SDR: 0.003
Created m5 decision tree 12 multivariate regression (all feats) MIN_SDR: 0.003
Created m5 decision tree 18 multivariate regression (all feats) MIN_SDR: 0.003
Created m5 decision tree 24 multivariate regression (all feats) MIN_SDR: 0.003
Created MultClass 3 with nModels: 5
Created m5 decision tree 3 multivariate regression (all feats) MIN_SDR: 0.1001
Created m5 decision tree 9 multivariate regression (all feats) MIN_SDR: 0.1001
Created m5 decision tree 15 multivariate regression (all feats) MIN_SDR: 0.1001
Created m5 decision tree 21 multivariate regression (all feats) MIN_SDR: 0.1001
Created m5 decision tree 27 multivariate regression (all feats) MIN_SDR: 0.1001
Created MultClass 4 with nModels: 5
Created m5 decision tree 4 multivariate regression (all feats) MIN_SDR: 0.0001
Created m5 decision tree 10 multivariate regression (all feats) MIN_SDR: 0.0001
Created m5 decision tree 16 multivariate regression (all feats) MIN_SDR: 0.0001
Created m5 decision tree 22 multivariate regression (all feats) MIN_SDR: 0.0001
Created m5 decision tree 28 multivariate regression (all feats) MIN_SDR: 0.0001
Created MultClass 1 with nModels: 5
Created m5 decision tree 1 multivariate regression (all feats) MIN_SDR: 0.003
Created m5 decision tree 7 multivariate regression (all feats) MIN_SDR: 0.003
Created m5 decision tree 13 multivariate regression (all feats) MIN_SDR: 0.003
Created m5 decision tree 19 multivariate regression (all feats) MIN_SDR: 0.003
Created m5 decision tree 25 multivariate regression (all feats) MIN_SDR: 0.003
Created MultClass 2 with nModels: 5
Created m5 decision tree 2 multivariate regression (all feats) MIN_SDR: 0.003
Created m5 decision tree 8 multivariate regression (all feats) MIN_SDR: 0.003
Created m5 decision tree 14 multivariate regression (all feats) MIN_SDR: 0.003
Created m5 decision tree 20 multivariate regression (all feats) MIN_SDR: 0.003
Created m5 decision tree 26 multivariate regression (all feats) MIN_SDR: 0.003
-995
-995
-994
-995
-995
-993
-994
-991
-991
-995
-993
-992
-992
-995
-996
-993
-989
-994
-991
-994
-995
-995
-995
-993
-996
-994
-994
-994
-996
-992
-994
-995
-995
-995
-995
-991
-992
-996
-995
-995
-993
-995
-992
-993
-994
-991
-995
-993
-993
-988
-994
-994
-996
-995
-991
-992
-995
-995
-996
-990
-996
-994
-995
-992
-993
-992
-995
-994
-994
-994
-995
-995
-991
-995
-995
-993
-995
-994
-991
-991
-994
-991
-990
-990
-990
-992
-994
-980
-987
-994
-988
-994
-995
-993
-995
-989
-995
-989
-991
-994
-994
-992
-993
-992
-991
-994
-992
-992
-994
-989
-991
-982
-993
-989
-993
-996
-995
-993
-993
-987
-993
-993
-993
-993
-993
-993
-993
-994
-994
-992
-993
-991
-990
-991
-995
-995
-995
-989
-995
-995
-995
-995
-991
-995
-995
-992
-996
-990
-995
-992
-993
-996
-996
-995
-990
-994
-992
-995
-993
-989
-994
-993
-996
-995
-994
-995
-995
-996
-994
-995
-995
-995
-995
-995
-997
-995
-990
-990
-994
-996
-996
-995
-996
-994
-994
-994
-996
-994
-992
-994
-996
-993
-989
-995
-995
-996
-994
-995
-981
-991
-987
-992
-995
-988
-994
-991
-996
-994
-994
-994
-994
-994
-994
-991
-980
-994
-984
-994
-977
-994
-996
-994
-994
-995
-992
-995
-995
-995
-995
-990
-994
-994
-995
-994
-992
-994
-996
-994
-991
-992
-994
-991
-994
-995
-994
-993
-994
-994
-994
-996
-995
-995
-993
-994
-995
-994
-996
-994
-993
-994
-979
-986
-993
-996
-994
-994
-994
-994
-994
-994
-994
-993
-981
-994
-995
-994
-995
-994
-995
-992
-995
-995
-994
-994
-994
-994
-994
-994
-994
-994
-994
-994
-995
-995
-995
-995
-995
-961
-995
-981
-994
-994
-994
-996
-994
-994
-992
-994
-994
-994
-994
-994
-991
-994
-994
-994
-994
-994
-994
-987
-994
-994
-989
-994
-994
-994
-994
-994
-994
-994
-994
-996
-996
-996
-994
-994
-994
-994
-994
-995
-994
-994
-994
-994
-995
-875
-980
-995
-994
-996
-994
-994
-994
-994
-994
-994
-988
-992
-959
-994
-995
-968
-926
-994
-994
-994
-994
-994
-994
-994
-994
-994
-994
-994
-994
-994
-994
-994
-994
-994
-994
-994
-994
-994
-994
-994
-994
-994
-994
-994
-994
-994
-994
-994
-892
-994
-994
-979
-959
-995
-995
-995
-995
-995
-995
-995
-995
-995
-994
-981
-984
-992
-989
-978
-992
-994
-994
-995
-992
-994
-980
-981
-994
-986
-995
-994
-994
-994
-994
-994
-981
-982
-994
-994
-994
-994
-967
-994
-992
-994
-994
-994
-994
-994
-983
-993
-993
-994
-980
-980
-982
-995
-995
-995
-995
-995
-995
-995
-995
-995
-995
-995
-995
-995
-995
-995
-995
-995
-995
-995
-995
-995
-995
-995
-995
-995
-995
-995
-995
-995
-995
-995
-995
-995
-995
-995
-995
-995
-995
-995
-995
-995
-995
-995
-995
-995
-995
-995
-995
-995
-995
-995
-995
-995
-995
-983
-995
-990
-981
-995
-995
-995
-995
-995
-995
-995
-995
-995
-995
-995
-995
-995
-995
-995
-995
-995
-995
-995
-995
-995
-995
-995
-995
-995
-995
-995
-995
-995
-995
-995
-995
-995
-995
-995
-995
-995
-995
-995
-995
-995
-995
-995
-995
-995
-995
-995
-995
-995
-995
-995
-995
-995
-995
-995
-995
-995
-995
-995
-995
-995
-995
-995
-995
-995
-995
-995
-995
-995
-995
-995
-994
-994
-980
-994
-996
-994
-996
-994
-995
-994
-996
-981
-994
-994
-996
-994
-976
-982
-982
-982
-903
-982
-995
-995
-983
-982
-994
-994
-995
-982
-993
-993
-995
-993
-979
-983
-982
-994
-982
-984
-996
-983
-959
-992
-991
-981
-993
-993
-992
-991
-983
-993
-993
-983
-993
-994
-994
-994
-981
-982
-994
-976
-983
-992
-992
-992
-992
-992
-995
-995
-992
-992
-992
-992
-995
-995
-995
-995
-995
-995
-995
-995
-995
-995
-995
-995
-995
-995
-995
-995
-995
-995
-995
-995
-995
-995
-995
-995
-995
-995
-995
-995
-995
-995
-995
-995
-995
-995
-995
-995
-995
-995
-995
-995
-995
-995
-995
-995
-995
-995
-995
-995
-995
-995
-995
-995
-995
-995
-995
-995
-995
-995
-995
-995
-995
-995
-995
-995
-995
-995
-995
-995
-995
-995
-995
-995
-995
-995
-995
-995
-995
-995
-995
-995
-995
-995
-995
-995
-995
-992
-994
-993
-993
-993
-993
-993
-993
-994
-993
-994
-993
-993
-993
-993
-993
-994
-994
-994
-994
-994
-994
-994
-994
-994
-994
-994
-994
-994
-994
-994
-994
-994
-994
-994
-994
-994
-994
-994
-994
-994
-994
-994
-994
-994
-994
-994
-994
-994
-994
-994
-994
-994
-995
-995
-995
-995
-995
-995
-995
-995
-995
-995
-995
-995
-995
-995
-995
-995
-995
-995
-995
-995
-995
-995
-995
-995
-995
-995
-995
-995
-995
-995
-995
-995
-995
-995
-995
-995
-995
-995
-995
-995
-995
-995
-995
-995
-995
-995
-995
-995
-995
-995
-995
-995
-995
-995
-995
-995
-995
-995
-995
-995
-995
-995
-995
-995
-995
-995
-995
-995
-995
-995
-995
-995
-995
-995
-995
-995
-995
-995
-995
-995
-995
-995
-995
-995
-995
-995
-995
-995
-995
-995
-995
-995
-995
-995
-995
-995
-995
-995
-995
-995
-995
-995
-995
-995
-995
-995
-995
-995
-995
-995
-995
-995
-995
-995
-995
-995
-995
-995
-995
-995
-995
-995
-995
-995
-995
-995
-995
-995
-995
-995
-995
-995
-995
-995
-995
-995
-995
-995
-995
-995
-995
-995
-995
-995
-995
-995
-995
-995
-995
-995
-995
-995
-995
-995
-995
-995
-995
-995
-995
-995
-995
-995
-995
-995
-995
-995
-995
-995
-995
-995
-995
-995
-995
-995
-995
-995
-995
-995
-995
-995
-995
-995
-995
-995
-995
-995
-995
-995
-995
-995
-995
-995
-995
-995
-995
-995
-995
-995
-995
-995
-995
-995
-995
-995
-995
-995
-995
-995
