agent: texplore
env: asterix
model: M5 Tree
Environment is episodic.
set statesPerDim to 0 for all dim
feature 0 has range 30
feature 1 has range 30
feature 2 has range 30
reward range: 1001
Parallel ETUCT tracking real state values
Planner using history size: 0
Start model learning thread
start parallel uct planning search thread
Created MultClass 0 with nModels: 5
Created m5 decision tree 0 multivariate regression (all feats) MIN_SDR: 0.003
Created m5 decision tree 6 multivariate regression (all feats) MIN_SDR: 0.003
Created m5 decision tree 12 multivariate regression (all feats) MIN_SDR: 0.003
Created m5 decision tree 18 multivariate regression (all feats) MIN_SDR: 0.003
Created m5 decision tree 24 multivariate regression (all feats) MIN_SDR: 0.003
Created MultClass 3 with nModels: 5
Created m5 decision tree 3 multivariate regression (all feats) MIN_SDR: 0.1001
Created m5 decision tree 9 multivariate regression (all feats) MIN_SDR: 0.1001
Created m5 decision tree 15 multivariate regression (all feats) MIN_SDR: 0.1001
Created m5 decision tree 21 multivariate regression (all feats) MIN_SDR: 0.1001
Created m5 decision tree 27 multivariate regression (all feats) MIN_SDR: 0.1001
Created MultClass 4 with nModels: 5
Created m5 decision tree 4 multivariate regression (all feats) MIN_SDR: 0.0001
Created m5 decision tree 10 multivariate regression (all feats) MIN_SDR: 0.0001
Created m5 decision tree 16 multivariate regression (all feats) MIN_SDR: 0.0001
Created m5 decision tree 22 multivariate regression (all feats) MIN_SDR: 0.0001
Created m5 decision tree 28 multivariate regression (all feats) MIN_SDR: 0.0001
Created MultClass 1 with nModels: 5
Created m5 decision tree 1 multivariate regression (all feats) MIN_SDR: 0.003
Created m5 decision tree 7 multivariate regression (all feats) MIN_SDR: 0.003
Created m5 decision tree 13 multivariate regression (all feats) MIN_SDR: 0.003
Created m5 decision tree 19 multivariate regression (all feats) MIN_SDR: 0.003
Created m5 decision tree 25 multivariate regression (all feats) MIN_SDR: 0.003
Created MultClass 2 with nModels: 5
Created m5 decision tree 2 multivariate regression (all feats) MIN_SDR: 0.003
Created m5 decision tree 8 multivariate regression (all feats) MIN_SDR: 0.003
Created m5 decision tree 14 multivariate regression (all feats) MIN_SDR: 0.003
Created m5 decision tree 20 multivariate regression (all feats) MIN_SDR: 0.003
Created m5 decision tree 26 multivariate regression (all feats) MIN_SDR: 0.003
-994
-994
-995
-994
-994
-996
-995
-996
-991
-995
-995
-996
-996
-996
-995
-993
-995
-996
-995
-991
-995
-995
-997
-995
-994
-991
-993
-993
-996
-993
-994
-992
-997
-990
-994
-990
-992
-995
-994
-994
-988
-984
-996
-995
-992
-973
-994
-994
-992
-993
-994
-993
-990
-996
-993
-990
-991
-995
-995
-993
-994
-994
-995
-986
-996
-996
-993
-993
-995
-993
-993
-995
-994
-996
-995
-995
-982
-993
-993
-993
-993
-993
-996
-993
-989
-980
-978
-996
-996
-994
-996
-994
-994
-994
-994
-994
-993
-995
-994
-972
-969
-981
-995
-994
-996
-994
-979
-993
-992
-994
-996
-992
-994
-994
-994
-992
-995
-996
-996
-995
-977
-996
-995
-994
-992
-995
-996
-994
-994
-993
-992
-993
-994
-994
-995
-994
-982
-995
-995
-993
-994
-995
-994
-994
-993
-996
-992
-981
-994
-992
-995
-992
-972
-994
-994
-992
-990
-995
-996
-995
-995
-995
-995
-994
-994
-994
-995
-994
-992
-995
-995
-994
-995
-994
-995
-994
-994
-994
-995
-980
-982
-994
-992
-994
-995
-995
-995
-992
-994
-994
-994
-994
-994
-994
-994
-994
-994
-994
-994
-992
-994
-992
-984
-995
-995
-991
-994
-978
-966
-976
-994
-993
-993
-993
-994
-995
-994
-993
-983
-994
-994
-967
-994
-994
-991
-994
-995
-994
-994
-994
-994
-994
-994
-978
-994
-994
-994
-980
-995
-995
-997
-994
-980
-994
-987
-966
-994
-995
-980
-994
-994
-994
-994
-994
-994
-994
-994
-995
-994
-994
-994
-994
-994
-994
-994
-994
-994
-994
-995
-994
-994
-994
-994
-994
-994
-994
-995
-994
-995
-994
-995
-994
-995
-994
-994
-994
-997
-994
-994
-994
-994
-980
-994
-994
-994
-994
-994
-989
-994
-995
-995
-994
-994
-994
-994
-994
-994
-994
-994
-994
-995
-994
-994
-994
-994
-994
-994
-993
-994
-993
-994
-993
-994
-993
-995
-994
-995
-995
-994
-994
-991
-994
-994
-994
-970
-992
-995
-994
-992
-994
-994
-994
-980
-994
-994
-991
-994
-994
-994
-991
-994
-991
-996
-996
-994
-948
-994
-996
-994
-993
-981
-992
-992
-993
-994
-995
-994
-992
-992
-992
-995
-992
-981
-981
-974
-995
-993
-993
-994
-994
-994
-994
-993
-996
-993
-996
-996
-993
-996
-993
-996
-995
-996
-995
-994
-995
-995
-994
-995
-994
-994
-995
-994
-994
-996
-997
-994
-994
-994
-996
-995
-995
-995
-995
-995
-995
-995
-995
-994
-994
-994
-997
-994
-996
-994
-994
-997
-976
-997
-993
-995
-995
-995
-995
-995
-995
-995
-995
-995
-994
-997
-993
-993
-991
-997
-996
-994
-997
-994
-979
-979
-995
-996
-994
-994
-996
-994
-996
-996
-996
-997
-993
-993
-996
-994
-985
-994
-969
-992
-992
-950
-994
-979
-994
-980
-994
-994
-994
-996
-994
-980
-994
-994
-994
-994
-994
-994
-979
-993
-996
-993
-980
-992
-967
-995
-993
-996
-992
-996
-992
-981
-994
-992
-993
-992
-994
-980
-997
-977
-995
-995
-994
-994
-993
-991
-991
-989
-994
-994
-985
-994
-995
-993
-993
-994
-993
-993
-993
-979
-994
-994
-994
-994
-994
-993
-993
-993
-993
-993
-995
-995
-996
-995
-973
-995
-996
-992
-995
-996
-992
-995
-996
-994
-997
-994
-994
-994
-992
-992
-992
-996
-995
-994
-996
-994
-994
-996
-995
-995
-997
-997
-997
-996
-996
-996
-995
-994
-995
-994
-996
-992
-993
-996
-993
-994
-995
-995
-995
-995
-995
-993
-995
-993
-995
-995
-995
-994
-994
-995
-993
-994
-994
-995
-995
-995
-995
-995
-993
-995
-995
-995
-995
-995
-994
-995
-996
-995
-993
-996
-973
-993
-996
-996
-992
-987
-991
-990
-994
-995
-996
-996
-995
-995
-995
-994
-995
-994
-994
-995
-996
-991
-987
-995
-994
-995
-994
-993
-995
-994
-994
-993
-993
-987
-993
-992
-991
-987
-992
-992
-995
-993
-995
-995
-996
-964
-969
-993
-973
-993
-996
-993
-996
-973
-996
-969
-974
-965
-945
-996
-974
-994
-996
-968
-996
-972
-966
-994
-996
-979
-976
-994
-993
-995
-995
-995
-994
-992
-980
-992
-992
-995
-992
-992
-991
-991
-991
-985
-986
-958
-993
-994
-994
-994
-986
-994
-994
-994
-994
-989
-988
-973
-973
-973
-995
-993
-987
-993
-994
-994
-994
-994
-994
-960
-988
-958
-988
-988
-976
-994
-967
-949
-987
-978
-982
-987
-988
-973
-990
-990
-994
-990
-993
-993
-993
-983
-954
-986
-991
-987
-993
-993
-977
-991
-987
-977
-986
-982
-986
-980
-982
-986
-982
-996
-986
-994
-990
-996
-994
-991
-991
-965
-996
-996
-987
-966
-993
-988
-995
-995
-979
-990
-995
-995
-995
-993
-975
-996
-984
-990
-996
-990
-994
-989
-994
-995
-993
-989
-975
-991
-976
-991
-994
-991
-994
-993
-993
-994
-993
-969
-958
-984
-996
-996
-996
-996
-997
-957
-989
-982
-989
-988
-976
-984
-988
-984
-989
-984
-974
-975
-987
-997
-988
-973
-997
-997
-997
-997
-997
-997
-997
-997
-997
-997
-997
-997
-995
-988
-997
-997
-996
-997
-997
-997
-982
-996
-994
-994
-978
-994
-978
-970
-994
-993
-994
-996
-996
-996
-996
-990
-994
-991
-990
-994
-971
-996
-971
-960
-990
-994
-991
-991
-991
-991
-991
-991
-984
-996
-984
-986
-986
-997
-994
-989
-987
-985
-976
-994
-994
-994
-987
-987
-973
-989
-994
-993
-994
-994
-989
-993
-994
-994
-990
-972
-996
-987
-988
-988
-975
-993
-993
-993
-969
-992
-992
-994
-994
-994
-994
-994
-994
-994
-994
-994
-996
-987
-945
-985
-993
-987
-996
-985
-961
-959
-994
-986
-986
-986
-961
-992
-994
-994
-966
-989
-996
-996
-996
-994
-996
-994
-995
-932
-994
-996
-996
-991
-996
-989
-993
-964
-994
-994
-996
-989
-989
-989
-959
-994
-994
-994
-994
-989
-992
-978
-988
-992
-996
-960
-991
-988
-994
