agent: texplore
env: asterix
model: M5 Tree
Environment is episodic.
set statesPerDim to 0 for all dim
feature 0 has range 30
feature 1 has range 30
feature 2 has range 30
reward range: 1001
Parallel ETUCT tracking real state values
Planner using history size: 0
start parallel uct planning search thread
Start model learning thread
Created MultClass 0 with nModels: 5
Created m5 decision tree 0 multivariate regression (all feats) MIN_SDR: 0.003
Created m5 decision tree 6 multivariate regression (all feats) MIN_SDR: 0.003
Created m5 decision tree 12 multivariate regression (all feats) MIN_SDR: 0.003
Created m5 decision tree 18 multivariate regression (all feats) MIN_SDR: 0.003
Created m5 decision tree 24 multivariate regression (all feats) MIN_SDR: 0.003
Created MultClass 3 with nModels: 5
Created m5 decision tree 3 multivariate regression (all feats) MIN_SDR: 0.1001
Created m5 decision tree 9 multivariate regression (all feats) MIN_SDR: 0.1001
Created m5 decision tree 15 multivariate regression (all feats) MIN_SDR: 0.1001
Created m5 decision tree 21 multivariate regression (all feats) MIN_SDR: 0.1001
Created m5 decision tree 27 multivariate regression (all feats) MIN_SDR: 0.1001
Created MultClass 4 with nModels: 5
Created m5 decision tree 4 multivariate regression (all feats) MIN_SDR: 0.0001
Created m5 decision tree 10 multivariate regression (all feats) MIN_SDR: 0.0001
Created m5 decision tree 16 multivariate regression (all feats) MIN_SDR: 0.0001
Created m5 decision tree 22 multivariate regression (all feats) MIN_SDR: 0.0001
Created m5 decision tree 28 multivariate regression (all feats) MIN_SDR: 0.0001
Created MultClass 1 with nModels: 5
Created m5 decision tree 1 multivariate regression (all feats) MIN_SDR: 0.003
Created m5 decision tree 7 multivariate regression (all feats) MIN_SDR: 0.003
Created m5 decision tree 13 multivariate regression (all feats) MIN_SDR: 0.003
Created m5 decision tree 19 multivariate regression (all feats) MIN_SDR: 0.003
Created m5 decision tree 25 multivariate regression (all feats) MIN_SDR: 0.003
Created MultClass 2 with nModels: 5
Created m5 decision tree 2 multivariate regression (all feats) MIN_SDR: 0.003
Created m5 decision tree 8 multivariate regression (all feats) MIN_SDR: 0.003
Created m5 decision tree 14 multivariate regression (all feats) MIN_SDR: 0.003
Created m5 decision tree 20 multivariate regression (all feats) MIN_SDR: 0.003
Created m5 decision tree 26 multivariate regression (all feats) MIN_SDR: 0.003
-994
-993
-993
-994
-992
-991
-991
-993
-990
-995
-991
-994
-994
-994
-995
-995
-993
-993
-996
-995
-990
-994
-994
-994
-995
-996
-995
-990
-983
-995
-995
-995
-994
-993
-991
-994
-995
-995
-995
-991
-991
-994
-993
-991
-989
-994
-995
-995
-983
-995
-994
-994
-994
-996
-994
-995
-996
-995
-994
-994
-994
-996
-994
-995
-995
-981
-992
-995
-995
-995
-994
-995
-994
-994
-994
-995
-995
-995
-991
-990
-995
-997
-995
-991
-991
-995
-995
-995
-992
-992
-995
-984
-991
-995
-994
-991
-991
-995
-995
-994
-994
-994
-994
-974
-994
-990
-994
-994
-991
-992
-994
-990
-995
-994
-994
-992
-994
-992
-996
-994
-995
-992
-969
-994
-994
-994
-994
-994
-995
-994
-980
-994
-983
-989
-993
-994
-993
-994
-983
-994
-995
-995
-979
-983
-993
-994
-991
-994
-991
-994
-994
-980
-995
-994
-995
-994
-995
-977
-993
-988
-994
-993
-989
-991
-992
-992
-993
-994
-992
-994
-995
-993
-994
-993
-993
-995
-994
-994
-993
-993
-994
-994
-994
-994
-995
-991
-995
-994
-994
-994
-996
-994
-996
-994
-994
-994
-994
-996
-994
-996
-994
-996
-994
-996
-981
-994
-994
-994
-994
-994
-994
-994
-994
-991
-995
-994
-995
-994
-994
-996
-994
-996
-994
-994
-994
-995
-994
-994
-994
-994
-994
-994
-993
-994
-994
-981
-994
-994
-994
-994
-994
-995
-994
-994
-994
-994
-995
-993
-993
-993
-994
-993
-990
-988
-993
-993
-993
-993
-991
-993
-992
-994
-991
-995
-994
-995
-994
-994
-994
-991
-993
-993
-991
-994
-995
-991
-991
-991
-979
-980
-993
-989
-993
-993
-992
-992
-992
-995
-995
-991
-991
-994
-992
-981
-994
-989
-993
-991
-995
-995
-995
-993
-993
-995
-995
-995
-993
-993
-993
-994
-994
-994
-995
-994
-995
-995
-989
-989
-995
-991
-994
-994
-994
-981
-994
-994
-994
-980
-994
-977
-947
-980
-984
-996
-996
-994
-980
-995
-994
-991
-981
-982
-992
-990
-966
-990
-990
-980
-994
-994
-994
-994
-994
-994
-994
-994
-994
-995
-996
-994
-995
-996
-996
-995
-994
-994
-994
-989
-992
-992
-994
-996
-996
-997
-993
-994
-992
-996
-994
-992
-997
-995
-984
-994
-982
-996
-994
-994
-993
-993
-994
-994
-994
-994
-994
-996
-994
-995
-994
-996
-990
-994
-994
-993
-995
-992
-992
-994
-994
-993
-992
-994
-994
-994
-996
-994
-994
-994
-996
-994
-994
-996
-994
-995
-994
-994
-996
-994
-994
-989
-994
-993
-994
-992
-994
-996
-994
-992
-996
-992
-994
-996
-996
-996
-991
-995
-991
-996
-994
-996
-994
-987
-994
-994
-994
-994
-994
-994
-993
-994
-994
-996
-994
-994
-982
-991
-995
-994
-992
-993
-967
-994
-994
-991
-988
-982
-994
-994
-994
-995
-995
-995
-994
-995
-981
-973
-994
-994
-992
-994
-993
-993
-993
-983
-991
-992
-992
-992
-992
-992
-992
-994
-994
-994
-995
-994
-991
-993
-994
-995
-993
-992
-992
-994
-994
-994
-966
-994
-995
-994
-995
-993
-993
-994
-996
-996
-980
-993
-995
-992
-994
-994
-992
-991
-992
-996
-992
-992
-995
-994
-983
-992
-991
-995
-994
-995
-950
-995
-995
-992
-995
-995
-996
-995
-995
-996
-995
-995
-994
-994
-994
-994
-994
-994
-993
-994
-995
-976
-995
-993
-995
-992
-992
-994
-983
-994
-994
-994
-994
-994
-994
-995
-995
-994
-983
-978
-994
-994
-995
-995
-994
-995
-995
-995
-995
-994
-995
-995
-995
-995
-996
-995
-994
-994
-995
-977
-995
-994
-945
-994
-994
-995
-994
-995
-995
-995
-995
-995
-995
-994
-995
-994
-995
-983
-994
-995
-995
-995
-994
-994
-994
-992
-994
-992
-994
-994
-994
-994
-994
-994
-992
-992
-992
-995
-995
-995
-995
-992
-995
-992
-992
-992
-992
-996
-996
-996
-992
-994
-981
-983
-995
-973
-995
-977
-995
-995
-992
-995
-996
-996
-995
-988
-995
-995
-991
-995
-995
-995
-995
-992
-995
-994
-994
-994
-994
-994
-994
-994
-994
-995
-994
-994
-994
-994
-994
-995
-994
-994
-994
-994
-977
-991
-980
-993
-993
-993
-993
-993
-994
-994
-994
-995
-994
-995
-994
-992
-994
-994
-992
-994
-994
-994
-994
-993
-994
-993
-994
-996
-994
-994
-994
-993
-994
-994
-994
-994
-994
-995
-994
-995
-994
-993
-994
-994
-994
-995
-996
-996
-994
-994
-993
-996
-996
-996
-996
-994
-980
-996
-992
-992
-992
-992
-966
-995
-994
-995
-994
-994
-994
-982
-994
-995
-996
-991
-996
-996
-992
-992
-992
-992
-992
-991
-993
-994
-993
-989
-994
-992
-994
-992
-993
-994
-993
-994
-994
-992
-994
-991
-996
-994
-994
-994
-994
-994
-994
-994
-994
-994
-994
-994
-996
-994
-995
-994
-994
-994
-994
-994
-994
-994
-996
-994
-996
-992
-994
-996
-996
-994
-996
-994
-996
-995
-995
-991
-994
-994
-994
-995
-994
-983
-994
-990
-995
-994
-994
-994
-995
-994
-982
-995
-996
-994
-994
-994
-991
-994
-990
-994
-994
-994
-994
-994
-996
-994
-996
-994
-996
-994
-996
-994
-996
-995
-995
-995
-995
-995
-995
-994
-996
-995
-995
-995
-995
-995
-995
-995
-995
-995
-995
-995
-995
-995
-995
-995
-995
-995
-995
-994
-996
-996
-995
-994
-996
-994
-996
-994
-996
-994
-996
-994
-996
-994
-996
-994
-996
-994
-996
-994
-996
-994
-995
-994
-995
-994
-995
-994
-995
-994
-995
-994
-995
-994
-995
-994
-995
-994
-990
-994
-990
-994
-990
-992
-992
-992
-995
-995
-995
-995
-995
-995
-995
-995
-995
-995
-995
-995
-995
-995
-995
-995
-995
-995
-995
-994
-994
-994
-995
-992
-995
-994
-995
-994
-995
-994
-994
-995
-994
-994
-994
-994
-994
-994
-994
-994
-994
-994
-994
-994
-994
-994
-994
-994
-994
-994
-994
-994
-994
-994
-994
-994
