agent: texplore
env: asterix
model: M5 Tree
Environment is episodic.
set statesPerDim to 0 for all dim
feature 0 has range 30
feature 1 has range 30
feature 2 has range 30
reward range: 1001
Parallel ETUCT tracking real state values
Planner using history size: 0
Start model learning thread
start parallel uct planning search thread
Created MultClass 0 with nModels: 5
Created m5 decision tree 0 multivariate regression (all feats) MIN_SDR: 0.003
Created m5 decision tree 6 multivariate regression (all feats) MIN_SDR: 0.003
Created m5 decision tree 12 multivariate regression (all feats) MIN_SDR: 0.003
Created m5 decision tree 18 multivariate regression (all feats) MIN_SDR: 0.003
Created m5 decision tree 24 multivariate regression (all feats) MIN_SDR: 0.003
Created MultClass 3 with nModels: 5
Created m5 decision tree 3 multivariate regression (all feats) MIN_SDR: 0.1001
Created m5 decision tree 9 multivariate regression (all feats) MIN_SDR: 0.1001
Created m5 decision tree 15 multivariate regression (all feats) MIN_SDR: 0.1001
Created m5 decision tree 21 multivariate regression (all feats) MIN_SDR: 0.1001
Created m5 decision tree 27 multivariate regression (all feats) MIN_SDR: 0.1001
Created MultClass 4 with nModels: 5
Created m5 decision tree 4 multivariate regression (all feats) MIN_SDR: 0.0001
Created m5 decision tree 10 multivariate regression (all feats) MIN_SDR: 0.0001
Created m5 decision tree 16 multivariate regression (all feats) MIN_SDR: 0.0001
Created m5 decision tree 22 multivariate regression (all feats) MIN_SDR: 0.0001
Created m5 decision tree 28 multivariate regression (all feats) MIN_SDR: 0.0001
Created MultClass 1 with nModels: 5
Created m5 decision tree 1 multivariate regression (all feats) MIN_SDR: 0.003
Created m5 decision tree 7 multivariate regression (all feats) MIN_SDR: 0.003
Created m5 decision tree 13 multivariate regression (all feats) MIN_SDR: 0.003
Created m5 decision tree 19 multivariate regression (all feats) MIN_SDR: 0.003
Created m5 decision tree 25 multivariate regression (all feats) MIN_SDR: 0.003
Created MultClass 2 with nModels: 5
Created m5 decision tree 2 multivariate regression (all feats) MIN_SDR: 0.003
Created m5 decision tree 8 multivariate regression (all feats) MIN_SDR: 0.003
Created m5 decision tree 14 multivariate regression (all feats) MIN_SDR: 0.003
Created m5 decision tree 20 multivariate regression (all feats) MIN_SDR: 0.003
Created m5 decision tree 26 multivariate regression (all feats) MIN_SDR: 0.003
-995
-995
-991
-990
-995
-991
-993
-982
-996
-995
-996
-989
-990
-995
-994
-995
-994
-994
-977
-969
-991
-995
-996
-995
-993
-995
-972
-996
-995
-996
-996
-996
-994
-994
-995
-993
-980
-978
-995
-991
-994
-995
-994
-996
-995
-996
-995
-994
-995
-994
-991
-997
-996
-981
-996
-996
-989
-978
-992
-990
-996
-994
-984
-996
-995
-995
-997
-993
-983
-978
-995
-994
-995
-995
-995
-995
-995
-992
-995
-992
-992
-994
-995
-992
-994
-975
-991
-995
-983
-992
-995
-976
-996
-994
-994
-990
-986
-997
-995
-996
-992
-995
-992
-992
-996
-989
-980
-995
-991
-995
-994
-996
-978
-996
-995
-996
-996
-990
-959
-995
-986
-992
-978
-995
-994
-997
-996
-994
-995
-995
-992
-996
-996
-994
-995
-995
-995
-996
-993
-994
-968
-995
-994
-990
-984
-995
-980
-993
-996
-993
-993
-994
-994
-994
-995
-995
-995
-994
-996
-994
-996
-993
-980
-982
-995
-993
-993
-994
-994
-994
-994
-994
-982
-993
-992
-994
-993
-981
-995
-991
-993
-995
-994
-996
-995
-994
-992
-994
-996
-995
-981
-980
-994
-995
-992
-982
-996
-995
-994
-991
-995
-992
-992
-990
-989
-996
-996
-996
-996
-996
-996
-996
-996
-996
-996
-993
-996
-990
-997
-993
-996
-996
-994
-994
-996
-991
-992
-996
-994
-997
-978
-995
-996
-995
-993
-995
-979
-970
-994
-997
-981
-995
-993
-992
-993
-992
-993
-995
-990
-991
-992
-996
-995
-982
-991
-991
-994
-993
-964
-994
-988
-994
-995
-996
-942
-981
-994
-980
-995
-979
-997
-993
-996
-993
-993
-984
-982
-995
-995
-985
-996
-995
-996
-982
-995
-993
-981
-994
-982
-996
-977
-995
-995
-996
-991
-994
-981
-996
-995
-993
-967
-995
-967
-997
-980
-995
-996
-992
-978
-994
-996
-995
-982
-992
-982
-996
-995
-992
-992
-994
-991
-981
-995
-993
-997
-997
-997
-994
-994
-994
-994
-992
-994
-989
-994
-992
-994
-994
-992
-994
-993
-994
-994
-992
-991
-995
-993
-981
-995
-994
-994
-990
-995
-995
-992
-994
-993
-995
-984
-996
-997
-994
-992
-995
-994
-994
-994
-989
-989
-994
-994
-993
-995
-993
-994
-990
-993
-995
-980
-994
-994
-994
-992
-995
-993
-995
-993
-995
-995
-995
-993
-993
-993
-995
-994
-995
-994
-995
-995
-995
-995
-995
-994
-994
-995
-994
-993
-995
-993
-995
-995
-995
-995
-995
-995
-995
-993
-995
-993
-993
-993
-995
-995
-993
-995
-993
-995
-995
-995
-995
-995
-994
-995
-994
-995
-994
-995
-995
-995
-994
-994
-994
-994
-994
-994
-995
-995
-995
-994
-995
-994
-994
-995
-994
-994
-995
-994
-994
-994
-994
-993
-994
-995
-995
-995
-995
-993
-981
-995
-992
-976
-993
-993
-993
-993
-995
-994
-995
-981
-995
-995
-995
-995
-993
-995
-995
-995
-995
-995
-995
-995
-995
-994
-995
-993
-994
-995
-994
-994
-994
-995
-994
-995
-994
-994
-994
-994
-994
-994
-994
-994
-994
-990
-994
-995
-995
-995
-994
-994
-995
-995
-994
-995
-994
-995
-994
-995
-994
-995
-994
-995
-995
-995
-995
-995
-995
-994
-994
-989
-992
-995
-991
-997
-994
-996
-996
-996
-996
-995
-989
-981
-996
-978
-994
-995
-975
-988
-994
-995
-995
-995
-995
-995
-994
-994
-995
-994
-994
-995
-995
-995
-994
-995
-995
-993
-994
-994
-995
-995
-994
-994
-990
-994
-994
-994
-978
-994
-995
-995
-982
-993
-993
-994
-993
-994
-994
-995
-994
-994
-994
-994
-993
-994
-994
-993
-994
-994
-994
-994
-993
-994
-995
-994
-994
-994
-994
-995
-994
-994
-994
-997
-994
-996
-996
-994
-997
-993
-990
-994
-994
-996
-995
-996
-994
-995
-994
-995
-994
-990
-978
-996
-994
-996
-994
-994
-994
-995
-995
-995
-995
-995
-995
-995
-995
-995
-995
-995
-995
-995
-995
-995
-995
-995
-995
-995
-995
-995
-994
-987
-995
-995
-992
-995
-992
-995
-995
-995
-995
-995
-995
-995
-995
-995
-992
-994
-978
-995
-993
-995
-995
-995
-995
-995
-995
-995
-993
-995
-993
-995
-993
-995
-993
-995
-993
-942
-995
-994
-992
-995
-980
-996
-992
-996
-993
-993
-992
-995
-993
-990
-995
-993
-989
-989
-990
-994
-995
-994
-982
-994
-996
-994
-996
-994
-995
-994
-994
-995
-994
-994
-995
-994
-996
-977
-994
-994
-995
-994
-995
-994
-995
-994
-989
-994
-991
-981
-994
-995
-995
-995
-994
-995
-995
-994
-995
-995
-995
-995
-995
-995
-995
-995
-995
-995
-995
-995
-995
-995
-995
-995
-995
-995
-994
-994
-994
-995
-995
-995
-995
-995
-994
-994
-994
-994
-994
-979
-991
-990
-991
-995
-995
-995
-995
-995
-995
-995
-995
-995
-995
-995
-995
-995
-991
-995
-989
-990
-989
-997
-991
-995
-995
-994
-991
-984
-991
-994
-994
-981
-992
-991
-994
-995
-992
-994
-994
-994
-995
-992
-992
-992
-992
-992
-970
-991
-995
-995
-990
-995
-990
-994
-994
-995
-996
-980
-994
-995
-992
-995
-992
-995
-985
-993
-995
-988
-994
-994
-995
-980
-995
-995
-994
-995
-995
-993
-995
-993
-995
-995
-995
-993
-993
-994
-994
-994
-994
-994
-994
-993
-994
-995
-994
-994
-995
-994
-995
-994
-993
-993
-993
-983
-994
-994
-994
-994
-994
-994
-994
-994
-994
-994
-994
-994
-995
-995
-995
-995
-995
-994
-995
-995
-995
-995
-995
-995
-995
-995
-995
-994
-994
-995
-994
-994
-994
-994
-994
-995
-994
-995
-994
-995
-995
-995
-994
-995
-994
-995
-995
-995
-994
-995
-995
-995
-994
-980
-994
-993
-982
-994
-994
-994
-994
-994
-994
-994
-994
-994
-994
-994
-994
-994
-993
-995
-993
-993
-993
-993
-993
-995
-994
-994
-993
-995
-993
-997
-995
-993
-966
-993
-974
-997
-995
-993
-995
-994
-994
-993
-995
-991
-992
-993
-995
