agent: texplore
env: asterix
model: M5 Tree
Environment is episodic.
set statesPerDim to 0 for all dim
feature 0 has range 30
feature 1 has range 30
feature 2 has range 30
reward range: 1001
Parallel ETUCT tracking real state values
Planner using history size: 0
start parallel uct planning search thread
Start model learning thread
Created MultClass 0 with nModels: 5
Created m5 decision tree 0 multivariate regression (all feats) MIN_SDR: 0.003
Created m5 decision tree 6 multivariate regression (all feats) MIN_SDR: 0.003
Created m5 decision tree 12 multivariate regression (all feats) MIN_SDR: 0.003
Created m5 decision tree 18 multivariate regression (all feats) MIN_SDR: 0.003
Created m5 decision tree 24 multivariate regression (all feats) MIN_SDR: 0.003
Created MultClass 3 with nModels: 5
Created m5 decision tree 3 multivariate regression (all feats) MIN_SDR: 0.1001
Created m5 decision tree 9 multivariate regression (all feats) MIN_SDR: 0.1001
Created m5 decision tree 15 multivariate regression (all feats) MIN_SDR: 0.1001
Created m5 decision tree 21 multivariate regression (all feats) MIN_SDR: 0.1001
Created m5 decision tree 27 multivariate regression (all feats) MIN_SDR: 0.1001
Created MultClass 4 with nModels: 5
Created m5 decision tree 4 multivariate regression (all feats) MIN_SDR: 0.0001
Created m5 decision tree 10 multivariate regression (all feats) MIN_SDR: 0.0001
Created m5 decision tree 16 multivariate regression (all feats) MIN_SDR: 0.0001
Created m5 decision tree 22 multivariate regression (all feats) MIN_SDR: 0.0001
Created m5 decision tree 28 multivariate regression (all feats) MIN_SDR: 0.0001
Created MultClass 1 with nModels: 5
Created m5 decision tree 1 multivariate regression (all feats) MIN_SDR: 0.003
Created m5 decision tree 7 multivariate regression (all feats) MIN_SDR: 0.003
Created m5 decision tree 13 multivariate regression (all feats) MIN_SDR: 0.003
Created m5 decision tree 19 multivariate regression (all feats) MIN_SDR: 0.003
Created m5 decision tree 25 multivariate regression (all feats) MIN_SDR: 0.003
Created MultClass 2 with nModels: 5
Created m5 decision tree 2 multivariate regression (all feats) MIN_SDR: 0.003
Created m5 decision tree 8 multivariate regression (all feats) MIN_SDR: 0.003
Created m5 decision tree 14 multivariate regression (all feats) MIN_SDR: 0.003
Created m5 decision tree 20 multivariate regression (all feats) MIN_SDR: 0.003
Created m5 decision tree 26 multivariate regression (all feats) MIN_SDR: 0.003
-982
-995
-995
-995
-995
-996
-995
-994
-995
-995
-989
-994
-996
-991
-994
-995
-986
-994
-996
-996
-994
-995
-995
-994
-994
-994
-995
-994
-994
-993
-995
-994
-993
-994
-995
-994
-993
-994
-995
-995
-995
-995
-995
-993
-996
-995
-995
-981
-994
-981
-996
-994
-995
-995
-994
-986
-959
-995
-997
-996
-993
-993
-992
-995
-989
-995
-996
-996
-994
-994
-992
-996
-991
-996
-993
-996
-996
-982
-992
-992
-992
-994
-996
-996
-995
-996
-976
-992
-995
-996
-994
-995
-993
-995
-995
-992
-980
-995
-997
-995
-996
-995
-996
-995
-995
-991
-977
-996
-995
-995
-995
-991
-991
-995
-995
-995
-996
-995
-993
-989
-992
-992
-995
-990
-994
-995
-993
-996
-997
-997
-985
-995
-997
-973
-995
-980
-996
-997
-975
-992
-992
-995
-981
-997
-988
-997
-995
-997
-988
-994
-991
-995
-980
-992
-992
-992
-995
-982
-990
-995
-996
-990
-990
-996
-981
-980
-992
-991
-995
-995
-981
-995
-997
-987
-995
-997
-989
-995
-995
-990
-995
-997
-981
-981
-960
-987
-989
-995
-987
-981
-960
-989
-990
-995
-982
-997
-989
-995
-989
-995
-997
-982
-997
-980
-982
-997
-960
-989
-995
-997
-981
-989
-989
-989
-972
-960
-842
-989
-989
-981
-997
-988
-989
-972
-988
-972
-989
-990
-980
-981
-997
-981
-997
-972
-980
-972
-989
-980
-997
-989
-991
-997
-989
-995
-997
-820
-995
-997
-989
-995
-997
-898
-989
-995
-997
-989
-980
-987
-989
-989
-981
-805
-995
-995
-987
-995
-995
-997
-989
-995
-997
-989
-995
-996
-995
-996
-989
-981
-997
-989
-981
-997
-916
-982
-973
-978
-997
-989
-981
-997
-972
-997
-916
-997
-972
-988
-989
-989
-973
-987
-995
-997
-987
-995
-997
-987
-995
-973
-973
-973
-973
-973
-973
-973
-981
-997
-973
-973
-973
-894
-997
-888
-989
-995
-997
-989
-995
-997
-987
-995
-997
-972
-949
-996
-989
-995
-997
-995
-995
-997
-989
-995
-997
-989
-995
-997
-989
-995
-997
201
201
-997
-959
-995
-997
-989
-995
-997
-989
-995
-997
-989
-995
-997
-989
-995
-997
-989
-995
-997
-989
-995
-997
-888
-981
-997
-981
-997
-981
-997
-981
-997
-959
-981
-997
-950
-997
-988
-981
-997
-988
-976
-987
-989
-989
-989
-989
-989
-973
-973
-973
-973
-973
-973
-973
-973
-973
-973
-973
-973
-973
-973
-973
-973
-973
-973
-973
-973
-973
-973
-960
-804
-997
-989
-995
-997
-989
-995
-997
-989
-995
-997
-989
-995
-997
-981
-997
-847
-973
-988
-973
-973
-988
-995
-987
-989
-989
-989
-989
-989
-904
-989
-989
-989
-989
-995
-863
-994
-989
-981
-997
-988
-988
-973
-960
-989
-973
-973
-973
-973
-973
-903
-973
-959
-973
-973
-835
-996
-995
-996
-980
-987
-989
-989
-989
-989
-989
-989
-989
-989
-989
-995
-997
-893
-996
-995
-997
-921
-997
-988
-988
-987
-995
-997
-988
-988
-987
-995
-997
-988
-995
-997
-987
-995
-997
-981
-997
201
-997
-987
-995
-997
-988
-987
-995
-997
-987
-995
-997
-981
-997
-989
-995
-997
-989
-981
-997
-989
-995
-997
-989
-995
-997
-989
-995
-997
-989
-995
-997
-989
-995
-997
-989
-995
-997
-989
-981
-997
-949
-989
-981
-997
201
-997
-838
-997
-989
-995
-997
-989
-995
-997
-989
-995
-997
-989
-995
-997
-989
-995
-997
-989
-995
-997
-989
-995
-997
-989
-995
-997
-989
-995
-997
-989
-995
-997
-989
-995
-997
-989
-995
-997
-989
-995
-997
-989
-995
-997
-989
-995
-997
-989
-995
-997
-989
-995
-997
-989
-995
-997
-989
-995
-997
-989
-995
201
-865
201
201
201
201
-997
201
-997
201
-997
201
-997
-988
-995
-997
-987
-995
-997
-894
-997
-989
-995
-997
-987
-989
-995
-997
201
-997
201
-987
-989
-989
-989
-989
-989
-989
-989
-989
-989
-989
-989
-989
-989
-989
-989
-989
-989
-989
-989
-989
-989
-989
-989
-989
-989
-989
-989
-989
-989
-989
-989
-989
-989
-989
-989
-989
-989
-989
-981
-997
-981
-997
-981
-997
-981
-997
-981
-997
201
-997
-861
-988
-987
-989
-989
-989
-989
-989
-996
-973
-987
-948
-989
-996
-997
-973
-988
-973
-987
-987
-988
-987
-988
-976
-988
-987
-996
-997
-987
-989
-996
-997
-973
-973
-973
-973
-988
-989
-989
-989
-989
-989
-973
-973
-973
-945
-973
-973
-973
-981
-997
-973
-973
-973
-976
-981
-997
-981
-997
-976
-980
-945
-976
-980
-989
-981
-997
-973
-980
-976
-976
-980
-976
-995
-997
-989
-995
-997
-989
-995
-997
-980
-981
-997
-980
-973
-980
-973
-981
-997
-981
-997
-988
-980
-973
-981
-997
-981
-997
-980
-981
-997
-981
-997
-980
-973
-981
-997
-981
-997
-980
-973
-989
-980
-989
-995
-981
-997
-980
-981
-997
-981
-997
-980
-981
-997
-973
-980
-981
-997
-981
-997
-989
-995
-989
-995
-973
-989
-995
-997
-989
-995
-997
-989
-995
-997
-989
-995
-997
-989
-995
-997
-989
-995
-997
-989
-995
-997
-981
-997
-989
-995
-989
-983
-995
-997
-989
-995
-997
-989
-980
-981
-997
-981
-997
-981
-997
-981
-997
-981
-997
-980
-981
-997
-981
-997
-981
-997
-988
-973
-973
-987
-989
-989
-989
-989
-989
-989
-996
-997
-973
-973
-973
-973
-988
-989
-989
-989
-989
-989
-989
-989
-989
-989
-989
-989
-989
-989
-989
-989
-989
-980
-973
-973
-973
-989
-995
-997
-989
-995
-997
-973
-988
-989
-989
-981
-997
-973
-981
-997
-973
-973
-976
-989
-995
-997
-989
-995
-997
-989
-995
-997
-989
-995
-997
-989
-995
-997
-973
-989
-995
-997
-989
-995
-997
-980
-981
-997
-981
-997
-973
-981
-997
-973
-989
-995
-997
-989
-995
-997
-989
-995
-997
-989
-995
-997
-989
-995
-997
-989
-995
-997
-989
