agent: texplore
env: asterix
model: M5 Tree
Environment is episodic.
set statesPerDim to 0 for all dim
feature 0 has range 30
feature 1 has range 30
feature 2 has range 30
reward range: 1001
Parallel ETUCT tracking real state values
Planner using history size: 0
Start model learning thread
start parallel uct planning search thread
Created MultClass 0 with nModels: 5
Created m5 decision tree 0 multivariate regression (all feats) MIN_SDR: 0.003
Created m5 decision tree 6 multivariate regression (all feats) MIN_SDR: 0.003
Created m5 decision tree 12 multivariate regression (all feats) MIN_SDR: 0.003
Created m5 decision tree 18 multivariate regression (all feats) MIN_SDR: 0.003
Created m5 decision tree 24 multivariate regression (all feats) MIN_SDR: 0.003
Created MultClass 3 with nModels: 5
Created m5 decision tree 3 multivariate regression (all feats) MIN_SDR: 0.1001
Created m5 decision tree 9 multivariate regression (all feats) MIN_SDR: 0.1001
Created m5 decision tree 15 multivariate regression (all feats) MIN_SDR: 0.1001
Created m5 decision tree 21 multivariate regression (all feats) MIN_SDR: 0.1001
Created m5 decision tree 27 multivariate regression (all feats) MIN_SDR: 0.1001
Created MultClass 4 with nModels: 5
Created m5 decision tree 4 multivariate regression (all feats) MIN_SDR: 0.0001
Created m5 decision tree 10 multivariate regression (all feats) MIN_SDR: 0.0001
Created m5 decision tree 16 multivariate regression (all feats) MIN_SDR: 0.0001
Created m5 decision tree 22 multivariate regression (all feats) MIN_SDR: 0.0001
Created m5 decision tree 28 multivariate regression (all feats) MIN_SDR: 0.0001
Created MultClass 1 with nModels: 5
Created m5 decision tree 1 multivariate regression (all feats) MIN_SDR: 0.003
Created m5 decision tree 7 multivariate regression (all feats) MIN_SDR: 0.003
Created m5 decision tree 13 multivariate regression (all feats) MIN_SDR: 0.003
Created m5 decision tree 19 multivariate regression (all feats) MIN_SDR: 0.003
Created m5 decision tree 25 multivariate regression (all feats) MIN_SDR: 0.003
Created MultClass 2 with nModels: 5
Created m5 decision tree 2 multivariate regression (all feats) MIN_SDR: 0.003
Created m5 decision tree 8 multivariate regression (all feats) MIN_SDR: 0.003
Created m5 decision tree 14 multivariate regression (all feats) MIN_SDR: 0.003
Created m5 decision tree 20 multivariate regression (all feats) MIN_SDR: 0.003
Created m5 decision tree 26 multivariate regression (all feats) MIN_SDR: 0.003
-994
-993
-978
-993
-995
-992
-996
-996
-996
-995
-997
-997
-997
-997
-993
-996
-995
-994
-994
-994
-994
-992
-991
-994
-994
-990
-993
-997
-994
-990
-994
-996
-996
-997
-995
-995
-995
-995
-996
-996
-995
-995
-994
-995
-994
-994
-994
-996
-996
-996
-994
-994
-991
-990
-994
-988
-996
-996
-996
-996
-994
-994
-987
-994
-996
-996
-996
-996
-996
-996
-996
-996
-996
-996
-996
-996
-996
-996
-996
-996
-996
-994
-992
-994
-994
-994
-994
-994
-994
-994
-994
-994
-994
-994
-994
-994
-994
-994
-994
-994
-994
-994
-995
-994
-994
-994
-994
-995
-994
-995
-994
-996
-997
-996
-996
-996
-996
-994
-994
-994
-994
-994
-994
-996
-996
-996
-996
-996
-996
-996
-997
-996
-997
-996
-996
-996
-996
-996
-996
-996
-996
-996
-996
-996
-996
-996
-996
-996
-996
-996
-996
-996
-996
-996
-996
-994
-994
-995
-994
-994
-995
-994
-995
-994
-994
-994
-994
-994
-994
-994
-994
-994
-994
-995
-995
-995
-994
-994
-994
-994
-994
-994
-994
-995
-995
-994
-994
-994
-994
-994
-994
-995
-995
-995
-995
-995
-995
-995
-995
-995
-995
-994
-995
-995
-995
-995
-995
-995
-995
-995
-994
-994
-994
-994
-994
-995
-995
-994
-994
-994
-994
-994
-994
-994
-995
-996
-995
-995
-995
-995
-995
-995
-995
-995
-995
-994
-994
-994
-994
-994
-994
-994
-994
-994
-994
-994
-994
-995
-994
-995
-994
-995
-994
-995
-994
-995
-995
-995
-995
-995
-994
-995
-995
-995
-995
-995
-994
-994
-995
-995
-995
-995
-994
-994
-994
-994
-994
-994
-994
-994
-994
-994
-994
-995
-994
-994
-994
-994
-994
-994
-994
-994
-994
-994
-994
-994
-994
-994
-994
-994
-994
-994
-994
-994
-995
-995
-994
-994
-995
-994
-994
-994
-994
-994
-994
-994
-994
-994
-994
-994
-994
-995
-994
-994
-994
-995
-995
-995
-994
-994
-994
-994
-995
-994
-994
-994
-994
-995
-995
-985
-989
-994
-994
-994
-994
-994
-994
-994
-994
-995
-995
-995
-995
-995
-995
-994
-994
-994
-994
-995
-994
-994
-995
-995
-995
-994
-995
-995
-995
-994
-994
-996
-996
-996
-996
-996
-996
-996
-996
-996
-996
-996
-996
-996
-996
-996
-996
-996
-996
-996
-996
-996
-996
-996
-996
-996
-996
-996
-996
-996
-996
-996
-996
-996
-996
-996
-996
-996
-996
-996
-996
-996
-996
-996
-996
-996
-996
-996
-996
-996
-996
-995
-994
-994
-994
-994
-994
-994
-994
-994
-994
-994
-994
-994
-994
-994
-994
-994
-994
-994
-994
-994
-994
-994
-994
-995
-995
-995
-995
-995
-995
-995
-995
-995
-995
-995
-995
-995
-995
-995
-995
-995
-995
-996
-996
-996
-995
-995
-995
-995
-995
-995
-995
-995
-995
-995
-995
-995
-995
-995
-995
-995
-995
-995
-995
-996
-996
-996
-996
-996
-996
-996
-996
-996
-996
-996
-996
-996
-996
-996
-996
-996
-996
-996
-996
-996
-996
-996
-996
-996
-996
-996
-996
-996
-996
-996
-995
-995
-995
-995
-995
-995
-995
-995
-995
-995
-995
-995
-995
-995
-995
-995
-992
-989
-993
-995
-993
-995
-993
-995
-993
-992
-992
-992
-989
-992
-992
-992
-992
-992
-994
-992
-994
-992
-995
-995
-995
-992
-993
-992
-993
-993
-995
-992
-993
-992
-992
-992
-995
-995
-995
-995
-983
-995
-992
-992
-992
-992
-995
-995
-995
-995
-995
-995
-995
-995
-995
-995
-995
-995
-995
-995
-992
-992
-992
-992
-992
-992
-992
-992
-992
-995
-995
-995
-995
-995
-995
-995
-995
-985
-995
-992
-992
-992
-992
-993
-995
-992
-992
-992
-992
-992
-985
-995
-988
-985
-987
-995
-995
-995
-995
-995
-995
-995
-995
-995
-995
-995
-995
-995
-995
-995
-995
-987
-995
-988
-987
-989
-988
-989
-989
-981
-992
-992
-993
-992
-992
-992
-992
-992
-992
-983
-992
-992
-992
-981
-982
-989
-995
-992
-982
-982
-988
-989
-988
-973
-996
-995
-989
-995
-995
-995
-995
-995
-995
-989
-976
-995
-980
-973
-973
-987
-995
-973
-987
-994
-987
-994
-987
-994
-992
-992
-994
-974
-995
-995
-995
-995
-995
-995
-995
-995
-995
-995
-995
-995
-995
-995
-995
-995
-995
-995
-995
-995
-995
-995
-995
-995
-995
-995
-995
-995
-989
-989
-989
-988
-988
-989
-989
-989
-988
-988
-988
-988
-994
-988
-994
-989
-994
-988
-994
-988
-994
-989
-989
-994
-989
-989
-989
-994
-989
-994
-989
-994
-989
-994
-989
-988
-994
-988
-994
-988
-994
-988
-996
-995
-988
-994
-988
-994
-988
-994
-988
-994
-995
-988
-996
-992
-995
-995
-995
-995
-988
-996
-995
-995
-995
-995
-995
-995
-995
-995
-995
-995
-995
-995
-995
-995
-995
-995
-995
-995
-995
-995
-995
-995
-995
-995
-995
-995
-995
-995
-995
-995
-995
-995
-995
-995
-995
-995
-995
-995
-995
-995
-995
-995
-995
-995
-995
-995
-995
-996
-996
-996
-996
-996
-996
-996
-996
-996
-992
-995
-995
-995
-995
-995
-995
-995
-995
-995
-995
-995
-995
-995
-995
-995
-995
-995
-995
-988
-994
-988
-994
-988
-994
-988
-994
-988
-994
-989
-988
-994
-988
-994
-988
-994
-988
-994
-988
-994
-988
-994
-988
-994
-988
-994
-988
-994
-988
-996
-992
-995
-995
-995
-995
-995
-995
-995
-995
-995
-995
-995
-995
-995
-995
-995
-995
-995
-995
-995
-995
-995
-995
-995
-995
-995
-995
-995
-995
-995
-995
-995
-995
-995
-995
-995
-995
-995
-995
-995
-995
-995
-995
-995
-995
-995
-995
-995
-995
-995
-995
-995
-995
-995
-995
-995
-995
-995
-995
-995
-995
-995
-995
-995
-995
-995
-995
-995
-995
-995
-995
-995
-995
-995
-995
-995
-995
-995
-995
-995
-995
-995
-995
-995
-995
-995
-995
-995
-995
-995
-995
-995
-995
-995
-995
-995
-995
-995
-995
-995
