agent: texplore
env: asterix
model: M5 Tree
Environment is episodic.
set statesPerDim to 0 for all dim
feature 0 has range 30
feature 1 has range 30
feature 2 has range 30
reward range: 1001
Parallel ETUCT tracking real state values
Planner using history size: 0
Start model learning thread
start parallel uct planning search thread
Created MultClass 0 with nModels: 5
Created m5 decision tree 0 multivariate regression (all feats) MIN_SDR: 0.003
Created m5 decision tree 6 multivariate regression (all feats) MIN_SDR: 0.003
Created m5 decision tree 12 multivariate regression (all feats) MIN_SDR: 0.003
Created m5 decision tree 18 multivariate regression (all feats) MIN_SDR: 0.003
Created m5 decision tree 24 multivariate regression (all feats) MIN_SDR: 0.003
Created MultClass 3 with nModels: 5
Created m5 decision tree 3 multivariate regression (all feats) MIN_SDR: 0.1001
Created m5 decision tree 9 multivariate regression (all feats) MIN_SDR: 0.1001
Created m5 decision tree 15 multivariate regression (all feats) MIN_SDR: 0.1001
Created m5 decision tree 21 multivariate regression (all feats) MIN_SDR: 0.1001
Created m5 decision tree 27 multivariate regression (all feats) MIN_SDR: 0.1001
Created MultClass 4 with nModels: 5
Created m5 decision tree 4 multivariate regression (all feats) MIN_SDR: 0.0001
Created m5 decision tree 10 multivariate regression (all feats) MIN_SDR: 0.0001
Created m5 decision tree 16 multivariate regression (all feats) MIN_SDR: 0.0001
Created m5 decision tree 22 multivariate regression (all feats) MIN_SDR: 0.0001
Created m5 decision tree 28 multivariate regression (all feats) MIN_SDR: 0.0001
Created MultClass 1 with nModels: 5
Created m5 decision tree 1 multivariate regression (all feats) MIN_SDR: 0.003
Created m5 decision tree 7 multivariate regression (all feats) MIN_SDR: 0.003
Created m5 decision tree 13 multivariate regression (all feats) MIN_SDR: 0.003
Created m5 decision tree 19 multivariate regression (all feats) MIN_SDR: 0.003
Created m5 decision tree 25 multivariate regression (all feats) MIN_SDR: 0.003
Created MultClass 2 with nModels: 5
Created m5 decision tree 2 multivariate regression (all feats) MIN_SDR: 0.003
Created m5 decision tree 8 multivariate regression (all feats) MIN_SDR: 0.003
Created m5 decision tree 14 multivariate regression (all feats) MIN_SDR: 0.003
Created m5 decision tree 20 multivariate regression (all feats) MIN_SDR: 0.003
Created m5 decision tree 26 multivariate regression (all feats) MIN_SDR: 0.003
-995
-995
-995
-995
-995
-996
-994
-995
-980
-994
-994
-994
-995
-982
-994
-994
-994
-991
-995
-995
-993
-992
-993
-994
-995
-994
-994
-995
-960
-995
-994
-992
-995
-991
-995
-995
-995
-981
-991
-993
-982
-993
-993
-978
-991
-993
-995
-991
-994
-993
-994
-993
-994
-992
-992
-994
-992
-981
-992
-995
-995
-996
-995
-992
-981
-993
-993
-992
-991
-995
-994
-993
-995
-994
-997
-996
-995
-993
-993
-994
-991
-997
-994
-994
-994
-995
-992
-994
-997
-994
-994
-992
-995
-995
-995
-992
-995
-995
-992
-996
-980
-997
-995
-995
-981
-992
-995
-995
-994
-994
-995
-994
-992
-995
-994
-993
-994
-994
-992
-995
-994
-994
-994
-995
-995
-994
-989
-994
-995
-988
-992
-996
-995
-995
-995
-992
-990
-991
-995
-995
-995
-993
-988
-995
-961
-961
-994
-994
-992
-983
-991
-993
-993
-979
-995
-993
-990
-993
-979
-994
-980
-994
-992
-979
-992
-992
-992
-992
-992
-992
-992
-992
-992
-994
-992
-995
-994
-992
-992
-992
-992
-992
-992
-993
-992
-992
-992
-992
-992
-992
-991
-992
-992
-992
-992
-992
-991
-981
-994
-979
-992
-992
-995
-995
-994
-994
-980
-981
-992
-994
-978
-994
-992
-980
-992
-994
-993
-993
-993
-992
-993
-993
-994
-994
-993
-993
-993
-994
-994
-992
-992
-992
-992
-994
-992
-993
-994
-993
-992
-994
-993
-994
-993
-993
-993
-993
-993
-992
-993
-992
-993
-992
-995
-993
-991
-993
-991
-979
-978
-993
-993
-991
-992
-992
-992
-992
-992
-960
-980
-996
-960
-960
-992
-992
-992
-992
-992
-992
-992
-992
-991
-991
-991
-991
-991
-991
-991
-992
-991
-991
-991
-991
-991
-993
-993
-988
-994
-992
-991
-994
-992
-993
-988
-994
-993
-988
-993
-991
-993
-989
-993
-991
-996
-996
-990
-993
-960
-993
-960
-993
-991
-993
-992
-979
-992
-993
-991
-993
-991
-993
-991
-993
-991
-996
-993
-989
-993
-989
-993
-989
-993
-989
-993
-991
-993
-991
-993
-991
-993
-991
-993
-991
-994
-992
-993
-990
-993
-991
-994
-991
-994
-993
-991
-993
-991
-995
-993
-992
-992
-993
-992
-993
-992
-997
-995
-995
-993
-992
-992
-993
-993
-992
-993
-993
-993
-993
-992
-994
-994
-991
-993
-991
-992
-991
-992
-992
-992
-992
-992
-992
-992
-992
-992
-992
-992
-992
-992
-992
-992
-992
-992
-993
-992
-993
-992
-994
-992
-996
-992
-997
-993
-996
-996
-996
-992
-993
-993
-992
-979
-992
-993
-996
-992
-994
-997
-993
-992
-993
-992
-996
-992
-996
-996
-996
-993
-993
-994
-996
-996
-993
-993
-993
-993
-993
-993
-993
-993
-993
-993
-993
-992
-993
-981
-993
-992
-993
-992
-992
-993
-992
-992
-965
-980
-991
-995
-991
-995
-994
-995
-994
-993
-995
-994
-993
-995
-993
-995
-993
-993
-990
-993
-992
-996
-993
-996
-994
-993
-992
-993
-992
-993
-992
-993
-992
-992
-993
-992
-993
-993
-989
-997
-994
-994
-993
-994
-997
-989
-993
-991
-993
-993
-990
-993
-993
-960
-996
-993
-995
-980
-992
-995
-995
-989
-993
-988
-997
-993
-988
-993
-988
-993
-988
-993
-988
-993
-988
-993
-988
-995
-993
-988
-995
-993
-988
-993
-988
-993
-992
-995
-994
-994
-996
-990
-995
-991
-993
-993
-993
-991
-993
-991
-993
-991
-993
-993
-993
-993
-993
-993
-992
-993
-992
-993
-992
-993
-992
-993
-992
-993
-992
-993
-992
-993
-992
-993
-992
-993
-992
-993
-992
-993
-992
-993
-992
-993
-992
-993
-992
-993
-992
-994
-992
-993
-992
-993
-992
-993
-992
-993
-992
-993
-992
-993
-992
-993
-991
-993
-992
-993
-988
-992
-993
-992
-993
-987
-993
-992
-993
-964
-993
-992
-993
-992
-994
-993
-992
-993
-992
-993
-992
-993
-992
-993
-992
-993
-988
-993
-960
-993
-988
-993
-991
-993
-992
-993
-992
-993
-992
-993
-992
-993
-992
-993
-988
-993
-988
-993
-989
-993
-992
-993
-989
-993
-988
-993
-986
-995
-993
-964
-993
-988
-993
-989
-993
-988
-993
-988
-993
-988
-993
-988
-993
-988
-993
-988
-993
-988
-993
-988
-993
-988
-993
-988
-993
-988
-994
-993
-988
-993
-988
-993
-988
-993
-989
-993
-964
-993
-989
-993
-988
-993
-989
-993
-984
-988
-993
-989
-993
-984
-964
-993
-988
-993
-992
-993
-992
-993
-992
-993
-992
-993
-992
-993
-992
-993
-992
-993
-992
-993
-992
-993
-992
-993
-992
-993
-992
-993
-992
-993
-992
-993
-992
-993
-973
-993
-988
-993
-989
-993
-988
-993
-988
-993
-989
-993
-989
-993
-988
-993
-989
-993
-988
-993
-988
-993
-988
-993
-989
-993
-989
-993
-989
-993
-988
-993
-988
-993
-988
-993
-989
-993
-989
-993
-989
-993
-992
-993
-989
-993
-989
-993
-988
-993
-989
-995
-993
-989
-995
-989
-995
-993
-989
-995
-995
-995
-993
-989
-995
-993
-989
-995
-993
-989
-995
-995
-995
-995
-995
-995
-995
-993
-995
-993
-995
-993
-989
-995
-980
-995
-993
-988
-995
-993
-988
-995
-993
-988
-995
-993
-988
-995
-993
-988
-995
-993
-995
-982
-995
-993
-995
-993
-989
-995
-993
-992
-995
-993
-989
-995
-996
-989
-995
-994
-995
-996
-989
-995
-993
-989
-995
-993
-988
-995
-993
-988
-995
-993
-989
-995
-993
-989
-995
-993
-989
-995
-993
-989
-995
-993
-989
-995
-993
-989
-995
-994
-994
-995
-994
-995
-994
-993
-989
-993
-989
-993
-989
-993
-989
-993
-989
-993
-989
-993
-960
-993
-964
-993
-987
-993
-960
-993
-988
-993
-988
-993
-988
-993
-988
-993
-988
-993
-973
-993
-964
-993
-988
-993
-964
-993
-964
-993
-964
-993
-932
-993
-987
-993
-988
-993
-972
-993
-960
-993
-988
-993
-988
-993
-988
-993
-960
-993
-989
-993
-989
-993
-989
-993
-989
-993
-989
