agent: texplore
env: asterix
model: M5 Tree
Environment is episodic.
set statesPerDim to 0 for all dim
feature 0 has range 30
feature 1 has range 30
feature 2 has range 30
reward range: 1001
Parallel ETUCT tracking real state values
Planner using history size: 0
Start model learning thread
start parallel uct planning search thread
Created MultClass 0 with nModels: 5
Created m5 decision tree 0 multivariate regression (all feats) MIN_SDR: 0.003
Created m5 decision tree 6 multivariate regression (all feats) MIN_SDR: 0.003
Created m5 decision tree 12 multivariate regression (all feats) MIN_SDR: 0.003
Created m5 decision tree 18 multivariate regression (all feats) MIN_SDR: 0.003
Created m5 decision tree 24 multivariate regression (all feats) MIN_SDR: 0.003
Created MultClass 3 with nModels: 5
Created m5 decision tree 3 multivariate regression (all feats) MIN_SDR: 0.1001
Created m5 decision tree 9 multivariate regression (all feats) MIN_SDR: 0.1001
Created m5 decision tree 15 multivariate regression (all feats) MIN_SDR: 0.1001
Created m5 decision tree 21 multivariate regression (all feats) MIN_SDR: 0.1001
Created m5 decision tree 27 multivariate regression (all feats) MIN_SDR: 0.1001
Created MultClass 4 with nModels: 5
Created m5 decision tree 4 multivariate regression (all feats) MIN_SDR: 0.0001
Created m5 decision tree 10 multivariate regression (all feats) MIN_SDR: 0.0001
Created m5 decision tree 16 multivariate regression (all feats) MIN_SDR: 0.0001
Created m5 decision tree 22 multivariate regression (all feats) MIN_SDR: 0.0001
Created m5 decision tree 28 multivariate regression (all feats) MIN_SDR: 0.0001
Created MultClass 1 with nModels: 5
Created m5 decision tree 1 multivariate regression (all feats) MIN_SDR: 0.003
Created m5 decision tree 7 multivariate regression (all feats) MIN_SDR: 0.003
Created m5 decision tree 13 multivariate regression (all feats) MIN_SDR: 0.003
Created m5 decision tree 19 multivariate regression (all feats) MIN_SDR: 0.003
Created m5 decision tree 25 multivariate regression (all feats) MIN_SDR: 0.003
Created MultClass 2 with nModels: 5
Created m5 decision tree 2 multivariate regression (all feats) MIN_SDR: 0.003
Created m5 decision tree 8 multivariate regression (all feats) MIN_SDR: 0.003
Created m5 decision tree 14 multivariate regression (all feats) MIN_SDR: 0.003
Created m5 decision tree 20 multivariate regression (all feats) MIN_SDR: 0.003
Created m5 decision tree 26 multivariate regression (all feats) MIN_SDR: 0.003
-994
-994
-994
-994
-994
-995
-994
-993
-994
-994
-994
-994
-992
-994
-995
-995
-994
-994
-992
-992
-990
-994
-996
-995
-977
-995
-995
-994
-992
-995
-995
-992
-993
-994
-982
-993
-994
-994
-993
-990
-992
-989
-989
-993
-994
-993
-994
-994
-989
-995
-993
-994
-996
-994
-993
-992
-994
-994
-995
-993
-994
-989
-995
-995
-990
-981
-995
-993
-995
-996
-994
-994
-994
-990
-995
-996
-994
-994
-995
-995
-995
-994
-993
-979
-994
-989
-995
-996
-981
-995
-995
-992
-994
-995
-986
-995
-996
-961
-990
-993
-995
-994
-995
-994
-995
-990
-974
-984
-994
-989
-994
-995
-992
-995
-994
-994
-994
-994
-994
-995
-995
-996
-994
-994
-994
-983
-978
-994
-946
-996
-994
-995
-995
-995
-994
-995
-992
-995
-995
-995
-992
-992
-995
-992
-993
-992
-994
-994
-990
-995
-994
-995
-994
-994
-995
-990
-995
-994
-995
-995
-990
-995
-995
-995
-995
-996
-993
-976
-997
-995
-993
-994
-993
-992
-995
-994
-995
-989
-995
-995
-995
-994
-995
-995
-991
-995
-994
-994
-991
-995
-992
-994
-992
-996
-994
-994
-993
-990
-996
-996
-994
-996
-996
-996
-996
-997
-995
-995
-994
-995
-995
-994
-994
-994
-992
-994
-993
-996
-992
-992
-993
-952
-995
-993
-995
-977
-916
-994
-995
-990
-994
-994
-997
-994
-995
-994
-994
-996
-994
-996
-994
-990
-994
-995
-994
-994
-995
-994
-995
-994
-995
-995
-995
-994
-994
-966
-995
-995
-995
-989
-995
-996
-995
-989
-995
-986
-995
-991
-995
-981
-994
-981
-995
-996
-995
-995
-984
-994
-980
-992
-992
-995
-992
-994
-978
-992
-967
-994
-994
-992
-992
-992
-994
-995
-992
-994
-991
-995
-994
-995
-995
-995
-994
-995
-995
-996
-995
-991
-995
-981
-995
-994
-995
-994
-995
-994
-995
-994
-994
-994
-994
-994
-994
-994
-994
-994
-994
-994
-994
-995
-994
-994
-994
-995
-995
-995
-995
-995
-995
-995
-994
-995
-995
-994
-994
-994
-994
-995
-994
-996
-994
-994
-995
-995
-994
-994
-995
-994
-981
-989
-994
-995
-995
-991
-995
-995
-994
-994
-994
-994
-994
-996
-995
-994
-994
-994
-995
-994
-981
-994
-994
-990
-994
-994
-994
-982
-994
-995
-994
-994
-994
-993
-996
-993
-992
-995
-995
-992
-979
-994
-995
-995
-996
-995
-974
-995
-995
-978
-995
-996
-996
-996
-994
-992
-994
-994
-996
-995
-994
-994
-995
-994
-992
-992
-994
-992
-994
-989
-995
-995
-995
-995
-994
-995
-994
-994
-994
-994
-992
-995
-994
-994
-994
-994
-994
-994
-990
-994
-992
-993
-994
-993
-994
-993
-996
-994
-994
-984
-994
-994
-994
-994
-991
-994
-994
-975
-995
-995
-995
-995
-995
-994
-993
-994
-994
-994
-994
-994
-994
-994
-994
-994
-994
-994
-994
-994
-991
-974
-994
-996
-994
-952
-995
-994
-995
-995
-994
-975
-994
-979
-994
-996
-994
-994
-994
-994
-994
-994
-996
-980
-995
-994
-995
-995
-994
-994
-994
-994
-995
-995
-994
-994
-994
-995
-995
-994
-995
-994
-990
-994
-994
-994
-994
-994
-994
-994
-994
-994
-994
-994
-994
-995
-994
-994
-994
-995
-995
-995
-994
-994
-995
-994
-994
-994
-994
-994
-994
-996
-994
-994
-995
-994
-995
-994
-994
-994
-994
-994
-994
-994
-994
-992
-992
-989
-991
-994
-991
-996
-996
-996
-995
-980
-996
-996
-994
-994
-995
-994
-994
-996
-996
-994
-992
-993
-971
-994
-991
-995
-989
-994
-991
-994
-995
-996
-992
-994
-995
-994
-995
-994
-995
-996
-996
-991
-994
-994
-994
-995
-993
-995
-995
-995
-995
-994
-996
-995
-994
-995
-994
-995
-994
-994
-975
-995
-995
-980
-995
-992
-994
-992
-992
-994
-991
-994
-994
-994
-994
-994
-994
-992
-991
-992
-992
-993
-995
-993
-994
-994
-977
-994
-995
-995
-995
-995
-994
-993
-993
-992
-994
-994
-995
-995
-993
-994
-992
-977
-994
-994
-995
-995
-995
-995
-995
-994
-995
-995
-994
-994
-994
-994
-994
-989
-994
-994
-994
-995
-995
-996
-963
-994
-994
-994
-994
-995
-995
-995
-995
-995
-995
-996
-996
-996
-992
-995
-995
-995
-995
-995
-995
-995
-995
-995
-980
-994
-994
-983
-994
-959
-980
-994
-994
-994
-995
-994
-994
-994
-994
-994
-994
-994
-994
-994
-994
-994
-953
-992
-992
-992
-995
-995
-994
-994
-994
-992
-992
-994
-994
-994
-994
-994
-994
-994
-994
-994
-994
-994
-994
-994
-995
-994
-994
-992
-994
-994
-994
-994
-994
-994
-992
-994
-994
-996
-994
-994
-994
-994
-994
-994
-994
-994
-995
-994
-994
-994
-994
-994
-979
-994
-892
-993
-994
-978
-994
-992
-992
-993
-995
-994
-993
-995
-979
-994
-931
-994
-995
-994
-995
-976
-995
-993
-994
-995
-994
-994
-994
-994
-994
-994
-994
-994
-994
-994
-994
-994
-945
-981
-994
-978
-994
-992
-994
-994
-997
-994
-996
-994
-994
-995
-994
-996
-996
-994
-996
-994
-996
-991
-996
-994
-996
-994
-994
-994
-994
-994
-995
-995
-995
-994
-994
-994
-994
-994
-994
-994
-994
-994
-994
-994
-994
-994
-994
-996
-996
-994
-994
-994
-994
-994
-994
-994
-994
-994
-994
-994
-995
-994
-996
-995
-996
-996
-994
-995
-994
-994
-996
-996
-996
-996
-994
-994
-994
-994
-995
-995
-995
-995
-995
-978
-994
-996
-996
-996
-994
-991
-994
-994
-996
-994
-994
-994
-994
-994
-994
-994
-994
-994
-995
-994
-994
-996
-994
-994
-994
-995
-995
-994
-995
-994
-994
-994
-994
-994
-995
-994
-994
-994
-966
-994
-994
-993
-996
-993
-995
-982
-993
-995
-993
-996
-996
-994
-993
-994
-994
-995
-995
-993
-994
-993
-994
-995
-995
-993
-977
-980
-950
-993
-994
-995
-994
-994
-994
-994
-993
-994
-994
-993
-994
-994
-995
-994
