agent: texplore
env: asterix
model: M5 Tree
Environment is episodic.
set statesPerDim to 0 for all dim
feature 0 has range 30
feature 1 has range 30
feature 2 has range 30
reward range: 1001
Parallel ETUCT tracking real state values
Planner using history size: 0
Start model learning thread
start parallel uct planning search thread
Created MultClass 0 with nModels: 5
Created m5 decision tree 0 multivariate regression (all feats) MIN_SDR: 0.003
Created m5 decision tree 6 multivariate regression (all feats) MIN_SDR: 0.003
Created m5 decision tree 12 multivariate regression (all feats) MIN_SDR: 0.003
Created m5 decision tree 18 multivariate regression (all feats) MIN_SDR: 0.003
Created m5 decision tree 24 multivariate regression (all feats) MIN_SDR: 0.003
Created MultClass 3 with nModels: 5
Created m5 decision tree 3 multivariate regression (all feats) MIN_SDR: 0.1001
Created m5 decision tree 9 multivariate regression (all feats) MIN_SDR: 0.1001
Created m5 decision tree 15 multivariate regression (all feats) MIN_SDR: 0.1001
Created m5 decision tree 21 multivariate regression (all feats) MIN_SDR: 0.1001
Created m5 decision tree 27 multivariate regression (all feats) MIN_SDR: 0.1001
Created MultClass 4 with nModels: 5
Created m5 decision tree 4 multivariate regression (all feats) MIN_SDR: 0.0001
Created m5 decision tree 10 multivariate regression (all feats) MIN_SDR: 0.0001
Created m5 decision tree 16 multivariate regression (all feats) MIN_SDR: 0.0001
Created m5 decision tree 22 multivariate regression (all feats) MIN_SDR: 0.0001
Created m5 decision tree 28 multivariate regression (all feats) MIN_SDR: 0.0001
Created MultClass 1 with nModels: 5
Created m5 decision tree 1 multivariate regression (all feats) MIN_SDR: 0.003
Created m5 decision tree 7 multivariate regression (all feats) MIN_SDR: 0.003
Created m5 decision tree 13 multivariate regression (all feats) MIN_SDR: 0.003
Created m5 decision tree 19 multivariate regression (all feats) MIN_SDR: 0.003
Created m5 decision tree 25 multivariate regression (all feats) MIN_SDR: 0.003
Created MultClass 2 with nModels: 5
Created m5 decision tree 2 multivariate regression (all feats) MIN_SDR: 0.003
Created m5 decision tree 8 multivariate regression (all feats) MIN_SDR: 0.003
Created m5 decision tree 14 multivariate regression (all feats) MIN_SDR: 0.003
Created m5 decision tree 20 multivariate regression (all feats) MIN_SDR: 0.003
Created m5 decision tree 26 multivariate regression (all feats) MIN_SDR: 0.003
-993
-993
-993
-994
-994
-991
-992
-991
-982
-990
-990
-993
-996
-994
-991
-970
-994
-995
-994
-995
-993
-994
-992
-995
-992
-995
-990
-992
-995
-996
-995
-995
-994
-991
-993
-995
-995
-995
-994
-988
-994
-994
-995
-996
-995
-994
-994
-994
-995
-959
-996
-989
-994
-994
-996
-995
-995
-996
-982
-983
-993
-995
-994
-993
-993
-994
-995
-995
-994
-996
-995
-995
-996
-996
-996
-993
-995
-989
-997
-996
-996
-996
-992
-997
-994
-994
-997
-996
-995
-995
-989
-994
-988
-987
-990
-996
-996
-997
-995
-994
-996
-997
-996
-997
-997
-997
-997
-996
-996
-995
-996
-983
-995
-992
-995
-988
-996
-997
-997
-995
-994
-974
-997
-989
-995
-995
-995
-995
-995
-995
-995
-991
-996
-993
-994
-997
-996
-996
-996
-996
-996
-996
-994
-990
-996
-996
-993
-993
-993
-995
-996
-996
-996
-996
-996
-995
-996
-995
-990
-990
-997
-996
-992
-996
-996
-996
-996
-996
-996
-996
-997
-996
-996
-996
-996
-993
-994
-995
-995
-990
-994
-997
-996
-987
-995
-987
-997
-996
-995
-996
-982
-997
-995
-993
-996
-997
-990
-996
-997
-996
-976
-996
-996
-997
-996
-997
-996
-997
-995
-914
-993
-997
-997
-997
-996
-995
-994
-992
-994
-997
-997
-997
-997
-995
-996
-994
-988
-995
-993
-980
-991
-996
-994
-992
-996
-992
-994
-996
-996
-996
-996
-996
-996
-995
-989
-994
-996
-996
-996
-996
-996
-996
-996
-996
-994
-989
-995
-990
-990
-996
-990
-996
-996
-996
-996
-996
-995
-995
-996
-996
-996
-996
-996
-996
-996
-996
-996
-996
-990
-996
-990
-996
-994
-996
-994
-996
-996
-993
-995
-996
-996
-993
-992
-995
-995
-993
-996
-993
-996
-993
-996
-993
-969
-995
-996
-996
-996
-994
-990
-990
-993
-980
-996
-995
-995
-992
-982
-995
-994
-982
-996
-996
-994
-996
-996
-996
-996
-996
-992
-994
-993
-996
-982
-995
-993
-980
-993
-994
-994
-995
-993
-982
-990
-996
-996
-993
-995
-993
-995
-996
-993
-995
-996
-993
-996
-993
-992
-996
-980
-994
-995
-996
-994
-995
-992
-992
-976
-967
-992
-992
-982
-992
-992
-996
-993
-995
-995
-993
-990
-993
-993
-993
-993
-996
-993
-995
-993
-996
-995
-993
-994
-996
-990
-974
-994
-996
-990
-993
-994
-959
-988
-991
-991
-988
-995
-983
-995
-988
-993
-994
-995
-991
-991
-992
-993
-996
-996
-991
-992
-995
-995
-993
-994
-995
-994
-982
-993
-992
-993
-994
-996
-996
-996
-996
-996
-996
-996
-994
-996
-996
-994
-995
-994
-996
-996
-996
-996
-996
-994
-994
-995
-993
-994
-994
-994
-994
-993
-994
-994
-995
-994
-993
-994
-995
-995
-952
-995
-993
-996
-994
-994
-994
-994
-993
-995
-980
-995
-995
-995
-994
-994
-994
-995
-993
-993
-994
-994
-994
-994
-994
-994
-993
-995
-993
-995
-994
-994
-995
-995
-995
-995
-994
-995
-993
-993
-993
-993
-993
-994
-995
-994
-995
-994
-994
-994
-995
-966
-994
-994
-994
-994
-994
-994
-994
-994
-994
-996
-994
-995
-994
-995
-995
-995
-995
-995
-995
-994
-994
-993
-995
-995
-994
-995
-995
-994
-990
-996
-995
-995
-980
-991
-956
-990
-966
-967
-995
-992
-992
-994
-995
-992
-992
-990
-992
-995
-911
-967
-994
-994
-995
-993
-993
-993
-977
-977
-995
-993
-996
-992
-995
-995
-993
-993
-995
-977
-997
-980
-997
-995
-997
-997
-995
-997
-995
-997
-997
-995
-995
-995
-995
-993
-982
-997
-994
-994
-979
-994
-995
-994
-994
-995
-995
-994
-951
-995
-995
-994
-992
-993
-980
-994
-994
-994
-995
-994
-992
-992
-995
-995
-995
-995
-995
-995
-995
-995
-995
-995
-995
-995
-992
-997
-992
-992
-992
-992
-992
-992
-992
-994
-994
-994
-992
-995
-992
-994
-994
-994
-994
-992
-994
-994
-994
-992
-994
-995
-994
-994
-994
-994
-994
-994
-994
-994
-975
-978
-994
-994
-994
-994
-991
-991
-995
-994
-995
-994
-990
-995
-994
-995
-992
-995
-977
-892
-995
-992
-992
-992
-994
-994
-992
-995
-996
-992
-992
-992
-994
-992
-992
-992
-994
-977
-966
-994
-981
-984
-992
-994
-994
-994
-994
-994
-994
-983
-994
-993
-992
-994
-994
-980
-994
-994
-966
-992
-992
-992
-992
-992
-996
-996
-996
-994
-996
-992
-992
-970
-964
-996
-992
-992
-992
-992
-992
-992
-937
-981
-992
-992
-992
-995
-992
-992
-992
-992
-990
-989
-993
-993
-993
-993
-993
-993
-993
-993
-993
-993
-993
-993
-993
-993
-993
-994
-994
-993
-995
-993
-993
-993
-993
-995
-993
-994
-995
-994
-995
-994
-989
-994
-994
-994
-994
-994
-995
-994
-994
-994
-994
-994
-993
-993
-993
-993
-993
-993
-993
-993
-993
-993
-993
-993
-993
-993
-993
-993
-993
-992
-992
-992
-992
-979
-964
-994
-993
-993
-993
-993
-993
-993
-993
-993
-993
-993
-993
-993
-993
-993
-995
-993
-993
-993
-993
-993
-993
-994
-993
-993
-993
-993
-979
-980
-993
-980
-994
-994
-975
-976
-967
-973
-994
-959
-973
-978
-980
-918
-994
-994
-918
-980
-994
-980
-994
-994
-994
-994
-992
-994
-994
-992
-991
-994
-994
-994
-994
-994
-994
201
-995
-994
-994
-995
-989
-995
-992
-995
-946
-992
-994
-994
-994
-994
-994
-994
-994
-995
-996
-995
-997
-994
-995
-997
-995
-997
-994
-994
-994
-994
-990
-994
-994
-994
-994
-994
-994
-994
-994
-995
-990
-995
-996
-995
-997
-995
-997
-995
-996
-985
-991
-973
-959
-994
-995
-997
-995
-889
-946
-995
-889
-995
-997
-995
-997
-995
-997
-995
-997
-995
-997
-995
-997
-996
-995
-963
-995
-995
-995
-996
-995
-995
-995
-995
-995
-996
-995
-995
-995
-996
-996
-996
-995
-996
-996
-996
-996
-996
-996
-996
-996
-996
-969
-995
-973
