agent: texplore
env: asterix
model: M5 Tree
Environment is episodic.
set statesPerDim to 0 for all dim
feature 0 has range 30
feature 1 has range 30
feature 2 has range 30
reward range: 1001
Parallel ETUCT tracking real state values
Planner using history size: 0
Start model learning thread
start parallel uct planning search thread
Created MultClass 0 with nModels: 5
Created m5 decision tree 0 multivariate regression (all feats) MIN_SDR: 0.003
Created m5 decision tree 6 multivariate regression (all feats) MIN_SDR: 0.003
Created m5 decision tree 12 multivariate regression (all feats) MIN_SDR: 0.003
Created m5 decision tree 18 multivariate regression (all feats) MIN_SDR: 0.003
Created m5 decision tree 24 multivariate regression (all feats) MIN_SDR: 0.003
Created MultClass 3 with nModels: 5
Created m5 decision tree 3 multivariate regression (all feats) MIN_SDR: 0.1001
Created m5 decision tree 9 multivariate regression (all feats) MIN_SDR: 0.1001
Created m5 decision tree 15 multivariate regression (all feats) MIN_SDR: 0.1001
Created m5 decision tree 21 multivariate regression (all feats) MIN_SDR: 0.1001
Created m5 decision tree 27 multivariate regression (all feats) MIN_SDR: 0.1001
Created MultClass 4 with nModels: 5
Created m5 decision tree 4 multivariate regression (all feats) MIN_SDR: 0.0001
Created m5 decision tree 10 multivariate regression (all feats) MIN_SDR: 0.0001
Created m5 decision tree 16 multivariate regression (all feats) MIN_SDR: 0.0001
Created m5 decision tree 22 multivariate regression (all feats) MIN_SDR: 0.0001
Created m5 decision tree 28 multivariate regression (all feats) MIN_SDR: 0.0001
Created MultClass 1 with nModels: 5
Created m5 decision tree 1 multivariate regression (all feats) MIN_SDR: 0.003
Created m5 decision tree 7 multivariate regression (all feats) MIN_SDR: 0.003
Created m5 decision tree 13 multivariate regression (all feats) MIN_SDR: 0.003
Created m5 decision tree 19 multivariate regression (all feats) MIN_SDR: 0.003
Created m5 decision tree 25 multivariate regression (all feats) MIN_SDR: 0.003
Created MultClass 2 with nModels: 5
Created m5 decision tree 2 multivariate regression (all feats) MIN_SDR: 0.003
Created m5 decision tree 8 multivariate regression (all feats) MIN_SDR: 0.003
Created m5 decision tree 14 multivariate regression (all feats) MIN_SDR: 0.003
Created m5 decision tree 20 multivariate regression (all feats) MIN_SDR: 0.003
Created m5 decision tree 26 multivariate regression (all feats) MIN_SDR: 0.003
-995
-995
-995
-993
-991
-995
-992
-993
-994
-996
-995
-981
-992
-994
-994
-996
-995
-993
-990
-996
-990
-995
-996
-995
-995
-995
-991
-991
-994
-995
-995
-995
-991
-993
-993
-992
-996
-996
-994
-996
-991
-993
-993
-994
-991
-994
-994
-992
-992
-993
-992
-987
-989
-992
-997
-992
-992
-992
-994
-992
-994
-991
-994
-991
-992
-995
-990
-992
-994
-991
-994
-991
-992
-994
-992
-994
-994
-994
-995
-995
-993
-984
-989
-994
-983
-994
-994
-994
-991
-994
-995
-985
-994
-994
-983
-994
-994
-994
-994
-994
-994
-994
-994
-994
-994
-994
-994
-994
-995
-994
-995
-994
-994
-995
-991
-992
-984
-995
-996
-995
-994
-994
-994
-994
-994
-994
-994
-995
-994
-995
-994
-994
-995
-994
-995
-995
-994
-994
-994
-994
-994
-994
-994
-994
-994
-995
-995
-995
-995
-995
-995
-994
-994
-994
-994
-994
-994
-994
-996
-994
-994
-994
-994
-994
-994
-994
-994
-995
-994
-985
-985
-972
-994
-994
-994
-994
-994
-995
-973
-995
-995
-994
-994
-994
-994
-994
-994
-994
-995
-995
-995
-995
-995
-995
-995
-996
-996
-995
-995
-994
-995
-995
-995
-994
-994
-985
-985
-991
-996
-994
-994
-972
-995
-995
-994
-994
-994
-994
-994
-994
-994
-996
-994
-995
-994
-994
-994
-995
-994
-994
-994
-994
-994
-994
-995
-995
-995
-995
-994
-995
-995
-994
-994
-994
-994
-994
-994
-994
-994
-994
-994
-994
-995
-994
-994
-994
-994
-994
-994
-995
-996
-985
-973
-994
-958
-994
-994
-994
-994
-994
-994
-973
-997
-994
-959
-972
-994
-994
-994
-994
-994
-994
-994
-994
-994
-994
-994
-994
-995
-995
-995
-994
-995
-995
-994
-995
-995
-994
-994
-995
-994
-994
-994
-995
-995
-995
-994
-994
-994
-994
-994
-994
-994
-994
-994
-994
-994
-994
-994
-994
-985
-994
-994
-984
-973
-974
-995
-994
-994
-994
-994
-994
-994
-994
-994
-995
-996
-994
-995
-994
-994
-994
-994
-994
-994
-994
-994
-994
-994
-994
-994
-994
-994
-994
-994
-994
-994
-994
-994
-994
-994
-994
-994
-994
-994
-994
-994
-994
-995
-994
-995
-995
-994
-995
-995
-995
-994
-994
-985
-972
-994
-995
-995
-995
-995
-994
-994
-994
-994
-994
-994
-994
-994
-994
-994
-994
-972
-985
-985
-985
-985
-985
-996
-985
-973
-972
-995
-994
-994
-994
-994
-994
-994
-984
-994
-984
-959
-996
-994
-994
-994
-995
-994
-994
-994
-995
-995
-994
-994
-995
-996
-994
-995
-995
-996
-996
-995
-994
-994
-994
-994
-994
-994
-994
-994
-994
-994
-994
-994
-994
-994
-994
-994
-994
-994
-994
-994
-994
-994
-994
-994
-994
-994
-994
-994
-994
-994
-995
-995
-995
-995
-994
-994
-994
-994
-994
-995
-995
-996
-996
-996
-996
-995
-996
-996
-995
-995
-995
-995
-995
-996
-995
-994
-995
-995
-995
-995
-995
-995
-995
-995
-995
-994
-994
-994
-994
-994
-994
-994
-994
-994
-994
-994
-994
-994
-994
-994
-994
-994
-994
-994
-994
-994
-995
-995
-995
-995
-994
-995
-994
-995
-994
-996
-994
-994
-994
-994
-994
-994
-994
-994
-994
-994
-994
-994
-994
-994
-994
-994
-994
-994
-994
-994
-994
-994
-995
-995
-995
-994
-994
-994
-996
-996
-995
-995
-995
-995
-995
-995
-995
-995
-995
-995
-994
-994
-994
-994
-994
-994
-994
-994
-994
-994
-994
-994
-995
-995
-995
-997
-997
-997
-996
-995
-995
-997
-997
-997
-996
-995
-995
-995
-995
-996
-995
-995
-995
-995
-995
-995
-995
-994
-994
-996
-995
-995
-995
-995
-995
-995
-995
-995
-995
-995
-995
-995
-995
-994
-995
-994
-994
-994
-994
-995
-995
-995
-995
-995
-995
-995
-995
-995
-995
-995
-994
-995
-995
-995
-994
-994
-994
-994
-994
-994
-994
-994
-994
-994
-994
-994
-994
-995
-994
-995
-994
-995
-996
-996
-996
-996
-996
-996
-996
-995
-995
-995
-995
-995
-995
-995
-995
-995
-995
-995
-995
-995
-995
-995
-995
-996
-996
-996
-995
-995
-996
-996
-996
-996
-996
-996
-996
-995
-995
-995
-995
-995
-995
-995
-994
-994
-994
-995
-995
-995
-995
-995
-995
-995
-995
-995
-995
-996
-996
-995
-995
-995
-995
-995
-995
-995
-995
-995
-995
-995
-995
-995
-995
-995
-995
-995
-995
-995
-995
-995
-995
-995
-995
-996
-995
-995
-995
-995
-995
-995
-995
-995
-995
-995
-995
-995
-995
-995
-995
-994
-995
-994
-995
-995
-995
-995
-995
-995
-994
-995
-995
-995
-994
-995
-994
-995
-994
-994
-997
-997
-994
-995
-996
-995
-996
-985
-997
-994
-994
-994
-994
-994
-995
-996
-996
-996
-994
-994
-994
-995
-994
-994
-995
-996
-996
-994
-995
-996
-994
-995
-994
-996
-995
-995
-995
-995
-995
-995
-995
-995
-995
-995
-995
-995
-995
-995
-995
-995
-995
-995
-995
-995
-995
-995
-995
-995
-995
-995
-995
-995
-995
-995
-995
-995
-995
-995
-995
-995
-995
-995
-995
-995
-995
-995
-995
-995
-995
-995
-995
-995
-995
-995
-995
-995
-995
-995
-995
-995
-995
-995
-995
-995
-995
-995
-995
-995
-995
-995
-994
-995
-994
-995
-994
-995
-994
-995
-994
-995
-994
-995
-995
-995
-994
-995
-994
-995
-995
-995
-995
-994
-995
-994
-996
-995
-995
-996
-994
-994
-994
-994
-994
-994
-994
-994
-994
-995
-995
-995
-995
-995
-995
-995
-995
-995
-995
-995
-995
-995
-995
-995
-995
-995
-995
-995
-995
-995
-995
-995
-995
-995
-995
-995
-995
-995
-995
-995
-995
-995
-995
-995
-994
-994
-996
-995
-995
-995
-995
-995
-995
-995
-995
-995
-994
-994
-994
-994
-994
-994
-994
-995
-995
-995
-995
-995
-995
-995
-995
-995
-995
-995
-995
-995
-995
-995
-995
-995
-995
-995
-995
-995
-995
-994
-994
-994
-994
-994
-994
