agent: texplore
env: asterix
model: M5 Tree
Environment is episodic.
set statesPerDim to 0 for all dim
feature 0 has range 30
feature 1 has range 30
feature 2 has range 30
reward range: 1001
Parallel ETUCT tracking real state values
Planner using history size: 0
Start model learning thread
start parallel uct planning search thread
Created MultClass 0 with nModels: 5
Created m5 decision tree 0 multivariate regression (all feats) MIN_SDR: 0.003
Created m5 decision tree 6 multivariate regression (all feats) MIN_SDR: 0.003
Created m5 decision tree 12 multivariate regression (all feats) MIN_SDR: 0.003
Created m5 decision tree 18 multivariate regression (all feats) MIN_SDR: 0.003
Created m5 decision tree 24 multivariate regression (all feats) MIN_SDR: 0.003
Created MultClass 3 with nModels: 5
Created m5 decision tree 3 multivariate regression (all feats) MIN_SDR: 0.1001
Created m5 decision tree 9 multivariate regression (all feats) MIN_SDR: 0.1001
Created m5 decision tree 15 multivariate regression (all feats) MIN_SDR: 0.1001
Created m5 decision tree 21 multivariate regression (all feats) MIN_SDR: 0.1001
Created m5 decision tree 27 multivariate regression (all feats) MIN_SDR: 0.1001
Created MultClass 4 with nModels: 5
Created m5 decision tree 4 multivariate regression (all feats) MIN_SDR: 0.0001
Created m5 decision tree 10 multivariate regression (all feats) MIN_SDR: 0.0001
Created m5 decision tree 16 multivariate regression (all feats) MIN_SDR: 0.0001
-995
Created m5 decision tree 22 multivariate regression (all feats) MIN_SDR: 0.0001
Created m5 decision tree 28 multivariate regression (all feats) MIN_SDR: 0.0001
Created MultClass 1 with nModels: 5
Created m5 decision tree 1 multivariate regression (all feats) MIN_SDR: 0.003
Created m5 decision tree 7 multivariate regression (all feats) MIN_SDR: 0.003
Created m5 decision tree 13 multivariate regression (all feats) MIN_SDR: 0.003
Created m5 decision tree 19 multivariate regression (all feats) MIN_SDR: 0.003
Created m5 decision tree 25 multivariate regression (all feats) MIN_SDR: 0.003
Created MultClass 2 with nModels: 5
Created m5 decision tree 2 multivariate regression (all feats) MIN_SDR: 0.003
Created m5 decision tree 8 multivariate regression (all feats) MIN_SDR: 0.003
Created m5 decision tree 14 multivariate regression (all feats) MIN_SDR: 0.003
Created m5 decision tree 20 multivariate regression (all feats) MIN_SDR: 0.003
Created m5 decision tree 26 multivariate regression (all feats) MIN_SDR: 0.003
-989
-991
-994
-995
-997
-991
-989
-995
-993
-995
-995
-995
-994
-992
-996
-995
-991
-990
-994
-990
-994
-995
-989
-991
-988
-994
-968
-993
-994
-992
-997
-991
-995
-996
-996
-903
-980
-992
-994
-991
-990
-995
-991
-990
-991
-989
-904
-991
-989
-995
-991
-991
-991
-980
-991
-991
-991
-981
-981
-991
-952
-976
-959
-981
-980
-981
-960
-980
-981
-946
-959
-981
-993
-993
-992
-992
-992
-992
-992
-993
-992
-992
-992
-992
-992
-993
-992
-992
-992
-991
-991
-991
-992
-992
-992
-992
-992
-992
-993
-992
-993
-993
-991
-992
-992
-992
-992
-992
-992
-992
-992
-992
-992
-992
-992
-992
-992
-992
-992
-992
-991
-991
-992
-991
-992
-992
-993
-992
-981
-993
-993
-980
-996
-992
-982
-980
-992
-993
-994
-994
-994
-987
-995
-987
-996
-987
-987
-919
-987
-987
-994
-993
-987
-980
-988
-996
-994
-991
-991
-987
-974
-959
-975
-997
-997
-994
-992
-992
-992
-992
-992
-992
-992
-992
-992
-992
-992
-992
-992
-992
-992
-992
-992
-987
-959
-975
-988
201
-988
-974
201
-875
201
-992
-992
-992
-992
-991
-992
-992
-992
-988
-988
-988
-989
-974
-918
-946
201
-875
-987
-987
-931
-974
-974
-975
-997
-974
-991
-973
-974
-992
-918
-974
-992
-973
-945
-974
-992
-889
201
-862
-991
-974
201
-918
-991
-974
-973
-973
201
201
-989
-946
-991
201
-989
-989
-989
-946
-994
201
-834
201
201
201
-917
-995
-973
-973
-973
-995
-997
-974
-973
-945
-975
-995
-974
-993
-973
-995
-996
-973
-973
-973
-973
-973
-987
-987
-973
-973
-973
-973
-973
-973
-973
-945
-973
-973
201
201
201
201
201
201
201
201
201
201
-931
-987
-819
-987
-987
-987
-987
-987
-987
201
-875
-987
-987
-819
-987
-959
-987
-987
-959
-987
-987
-987
-875
-987
-996
-996
-987
-996
-987
-994
-994
-994
-994
-996
-903
-996
-987
-996
-987
-993
-994
-996
-987
-996
-987
-996
-987
-996
-987
-996
-959
-987
-996
-987
-996
-987
-996
-819
-996
-987
-995
-987
-996
-987
-996
-987
-996
-987
-996
-987
-996
-987
-996
-987
-996
-987
-996
-987
-995
-995
-995
-995
-995
-995
-995
-995
-995
-994
-987
-992
-995
-995
-995
-996
-995
-995
-995
-995
-995
-995
-994
-997
-987
-992
-992
-992
-992
-992
-992
-969
-980
-991
-992
-978
-997
-980
-994
-991
-994
-994
-980
-994
-994
-994
-994
-994
-994
-994
-994
-994
-994
-994
-978
-980
-987
-994
-995
-996
-996
-996
-987
-995
-997
-997
-987
-994
-995
-995
-987
-987
-980
-994
-995
-995
-987
-995
-996
-995
-994
-994
-994
-994
-995
-995
-995
-994
-992
-992
-993
-993
-994
-993
-993
-993
-993
-993
-993
-993
-994
-997
-987
-994
-994
-990
-987
-990
201
-988
-995
-959
-987
201
-987
-819
-993
-994
-987
201
-994
-993
-993
-993
-994
-994
-994
-987
201
-987
-996
-994
-989
-996
-994
-994
-993
-993
-994
-994
-994
-994
-993
-993
-993
-993
-993
-993
-993
-993
-993
-993
-993
-993
-993
-994
-994
-994
-994
-994
-994
-994
-997
201
-994
-994
-994
-997
-819
-994
-993
-993
-993
-992
-992
-992
-992
-992
-993
-993
-992
-993
-992
-993
-992
-993
-993
-992
-994
-992
-992
-992
-994
-995
-995
-995
-996
-995
-995
-997
-875
-995
-997
-993
-997
201
-994
-995
-997
-994
-997
-847
-994
-995
-997
-987
-995
-996
-994
-995
-996
-994
-994
-994
-994
-992
-992
-992
-992
-992
-992
-994
-994
-994
-994
-992
-994
-994
-994
-994
-994
-994
-994
-994
-997
-931
-995
-996
-994
-994
-994
-994
-994
-995
-996
-995
-996
-995
-997
-995
-997
-995
-997
-995
-997
-995
-994
-994
-994
-994
-994
-994
-994
-994
-994
-992
-997
-992
-997
-992
-992
-996
-992
-996
-992
-978
-997
-987
-959
-978
-992
-959
-981
-997
-987
-992
-996
-992
-996
-981
-978
-991
-992
-992
-994
-994
-994
-994
-994
-992
-992
-992
-992
-992
-992
-992
-992
-992
-992
-992
-996
-992
-992
-996
-992
-996
-992
-997
-991
-992
-991
-980
-973
-996
-991
-981
-997
-987
-973
-997
-973
-997
-987
-959
-981
-987
-983
-996
-981
-987
-981
-977
-981
-996
-987
-994
-992
-992
-997
-992
-992
-997
-987
-992
-996
-992
-992
-992
-992
-992
-991
-991
-991
-991
-991
-991
-991
-991
-991
-991
-991
-991
-991
-991
-991
-991
-992
-996
-992
-996
-992
-996
-992
-996
-992
-996
-992
-996
-992
-996
-992
-996
-992
-996
-992
-996
-992
-996
-992
-996
-991
-991
-992
-991
-991
-992
-996
-992
-996
-992
-996
-992
-996
-992
-992
-996
-992
-992
-992
-992
-992
-992
-992
-992
-992
-992
-992
-992
-992
-992
-992
-992
-992
-992
-992
-992
-992
-992
-992
-995
-987
-995
-996
-995
-996
-992
-992
-992
-995
-996
-995
-996
-995
-996
-995
-997
-987
-992
-992
-992
-992
-992
-992
-992
-992
-992
-992
-992
-992
-992
-992
-992
-992
-991
-991
-992
-996
-992
-992
-992
-992
-992
-997
-987
-992
-992
-996
-991
-992
-991
-991
-991
-991
-991
-991
-991
-992
-992
-992
-992
-996
-992
-992
-992
-992
-992
-992
-992
-992
-992
-992
-992
-992
-992
-992
-992
-992
-992
-992
-991
-959
-991
-991
-991
-991
-991
-959
-991
-973
-996
-981
-997
-987
-983
-994
-994
-973
-997
-973
-996
-970
-978
-997
-987
-991
-991
-991
-991
-991
-991
-991
-991
-991
-991
-992
-997
-987
-991
-991
-991
-991
-991
-991
-991
-991
-991
-991
-991
-991
-991
-991
-991
-991
-991
-991
-975
-994
-987
-991
-991
-991
-991
-991
-987
-991
-991
-992
-992
-992
-992
-992
-992
-997
-992
-992
-992
-992
-992
-992
-992
-992
-992
-992
-997
-992
-997
-987
-992
-997
-992
-997
