agent: texplore
env: asterix
model: M5 Tree
Environment is episodic.
set statesPerDim to 0 for all dim
feature 0 has range 30
feature 1 has range 30
feature 2 has range 30
reward range: 1001
Parallel ETUCT tracking real state values
Planner using history size: 0
Start model learning thread
start parallel uct planning search thread
Created MultClass 0 with nModels: 5
Created m5 decision tree 0 multivariate regression (all feats) MIN_SDR: 0.003
Created m5 decision tree 6 multivariate regression (all feats) MIN_SDR: 0.003
Created m5 decision tree 12 multivariate regression (all feats) MIN_SDR: 0.003
Created m5 decision tree 18 multivariate regression (all feats) MIN_SDR: 0.003
Created m5 decision tree 24 multivariate regression (all feats) MIN_SDR: 0.003
Created MultClass 3 with nModels: 5
Created m5 decision tree 3 multivariate regression (all feats) MIN_SDR: 0.1001
Created m5 decision tree 9 multivariate regression (all feats) MIN_SDR: 0.1001
Created m5 decision tree 15 multivariate regression (all feats) MIN_SDR: 0.1001
Created m5 decision tree 21 multivariate regression (all feats) MIN_SDR: 0.1001
Created m5 decision tree 27 multivariate regression (all feats) MIN_SDR: 0.1001
Created MultClass 4 with nModels: 5
Created m5 decision tree 4 multivariate regression (all feats) MIN_SDR: 0.0001
Created m5 decision tree 10 multivariate regression (all feats) MIN_SDR: 0.0001
Created m5 decision tree 16 multivariate regression (all feats) MIN_SDR: 0.0001
Created m5 decision tree 22 multivariate regression (all feats) MIN_SDR: 0.0001
Created m5 decision tree 28 multivariate regression (all feats) MIN_SDR: 0.0001
Created MultClass 1 with nModels: 5
Created m5 decision tree 1 multivariate regression (all feats) MIN_SDR: 0.003
-995
Created m5 decision tree 7 multivariate regression (all feats) MIN_SDR: 0.003
Created m5 decision tree 13 multivariate regression (all feats) MIN_SDR: 0.003
Created m5 decision tree 19 multivariate regression (all feats) MIN_SDR: 0.003
Created m5 decision tree 25 multivariate regression (all feats) MIN_SDR: 0.003
Created MultClass 2 with nModels: 5
Created m5 decision tree 2 multivariate regression (all feats) MIN_SDR: 0.003
Created m5 decision tree 8 multivariate regression (all feats) MIN_SDR: 0.003
Created m5 decision tree 14 multivariate regression (all feats) MIN_SDR: 0.003
Created m5 decision tree 20 multivariate regression (all feats) MIN_SDR: 0.003
Created m5 decision tree 26 multivariate regression (all feats) MIN_SDR: 0.003
-996
-992
-995
-988
-995
-994
-995
-994
-994
-994
-994
-994
-994
-994
-993
-994
-995
-995
-996
-993
-995
-994
-993
-995
-996
-993
-994
-995
-996
-995
-994
-993
-995
-995
-994
-995
-995
-995
-994
-996
-995
-995
-995
-995
-971
-994
-995
-994
-994
-995
-972
-995
-994
-995
-995
-995
-987
-987
-995
-994
-996
-987
-995
-995
-996
-993
-995
-994
-995
-993
-993
-995
-994
-996
-972
-992
-995
-994
-995
-994
-994
-994
-996
-995
-959
-995
-985
-994
-994
-994
-995
-992
-987
-994
-969
-996
-996
-995
-997
-997
-995
-994
-994
-994
-994
-994
-994
-994
-994
-995
-992
-996
-992
-992
-989
-992
-992
-944
-994
-995
-995
-995
-995
-995
-994
-994
-995
-995
-995
-995
-995
-995
-996
-996
-996
-995
-995
-996
-995
-996
-996
-996
-995
-996
-996
-996
-996
-996
-996
-995
-995
-994
-994
-994
-994
-995
-995
-995
-995
-995
-995
-995
-996
-995
-995
-995
-996
-996
-996
-996
-996
-995
-995
-995
-995
-995
-994
-995
-995
-995
-995
-995
-995
-995
-995
-995
-995
-995
-995
-995
-995
-995
-995
-995
-995
-995
-995
-995
-996
-995
-995
-995
-995
-995
-995
-995
-995
-995
-995
-995
-995
-996
-996
-995
-995
-995
-995
-995
-995
-995
-995
-996
-996
-996
-996
-996
-996
-996
-995
-996
-996
-996
-996
-996
-996
-996
-996
-996
-996
-995
-995
-995
-996
-996
-996
-996
-995
-995
-995
-995
-995
-995
-994
-994
-995
-994
-995
-994
-994
-994
-994
-994
-994
-994
-994
-994
-994
-994
-995
-995
-994
-994
-994
-995
-995
-995
-995
-995
-995
-995
-995
-994
-994
-994
-994
-987
-996
-994
-994
-995
-994
-995
-995
-995
-995
-995
-995
-995
-995
-994
-995
-995
-995
-995
-994
-994
-994
-994
-994
-995
-995
-995
-994
-994
-987
-994
-995
-994
-994
-995
-995
-995
-994
-994
-974
-996
-995
-995
-995
-994
-994
-995
-995
-995
-995
-995
-992
-996
-995
-993
-994
-993
-994
-992
-992
-992
-992
-994
-986
-995
-995
-994
-995
-986
-995
-986
-995
-994
-986
-994
-992
-996
-992
-995
-995
-995
-994
-992
-995
-992
-995
-994
-994
-994
-994
-994
-992
-994
-994
-994
-994
-994
-995
-994
-994
-995
-994
-994
-995
-995
-995
-996
-996
-995
-995
-995
-995
-995
-995
-994
-994
-994
-994
-994
-994
-994
-994
-994
-994
-994
-994
-994
-994
-994
-994
-994
-992
-992
-992
-992
-993
-994
-993
-994
-993
-994
-993
-994
-994
-993
-994
-993
-994
-993
-994
-993
-994
-993
-994
-993
-994
-993
-994
-994
-994
-994
-994
-995
-995
-995
-995
-995
-995
-994
-994
-995
-995
-994
-994
-995
-995
-995
-995
-995
-995
-995
-995
-994
-994
-994
-994
-994
-994
-994
-994
-994
-992
-992
-996
-996
-995
-995
-994
-995
-996
-996
-996
-996
-996
-996
-996
-994
-994
-996
-996
-996
-996
-996
-994
-995
-995
-995
-994
-995
-995
-995
-992
-992
-995
-994
-994
-994
-995
-994
-995
-995
-995
-995
-995
-995
-995
-995
-995
-994
-995
-994
-994
-987
-997
-995
-946
-995
-994
-994
-973
-959
-989
-918
-995
-994
-994
-973
-917
-945
-996
-972
-972
-987
-996
-972
-994
-994
-994
-994
-994
-973
-994
-994
-994
-994
-994
-994
-994
-903
-987
-945
-995
-994
-994
-995
-995
-995
-995
-995
-995
-995
-995
-995
-995
-995
-995
-995
-995
-995
-995
-995
-995
-996
-994
-994
-994
-994
-995
-995
-994
-994
-994
-994
-994
-994
-994
-994
-994
-994
-994
-994
-994
-994
-994
-994
-994
-994
-994
-994
-994
-994
-994
-994
-994
-994
-973
-994
-994
-994
-994
-994
-994
-994
-994
-994
-994
-994
-994
-994
-994
-994
-994
-994
-994
-994
-994
-994
-994
-994
-994
-995
-994
-994
-994
-994
-994
-994
-994
-994
-995
-995
-995
-995
-995
-995
-995
-995
-995
-995
-994
-994
-994
-994
-994
-994
-994
-994
-994
-994
-994
-994
-994
-994
-994
-994
-994
-994
-994
-994
-994
-987
-987
-987
-987
-987
-987
-987
-987
-987
-987
-987
-987
-987
-987
-987
-987
-987
-987
-987
-997
-996
-987
-973
-973
-994
-994
-994
-994
-994
-994
-994
-994
-994
-994
-994
-994
-994
-994
-994
-994
-994
-994
-994
-994
-994
-994
-994
-994
-994
-994
-994
-994
-994
-994
-994
-994
-994
-994
-994
-994
-994
-994
-994
-994
-994
-994
-994
-994
-994
-995
-995
-995
-995
-995
-987
-987
-987
-987
-987
-987
-987
-987
-987
-987
-987
-987
-987
-987
-987
-987
-987
-987
-987
-987
-987
-994
-995
-994
-987
-987
-987
-987
-987
-987
-987
-987
-987
-987
-987
-987
-987
-987
-987
-996
-992
-992
-992
-992
-995
-995
-995
-995
-992
-992
-992
-992
-992
-992
-992
-992
-992
-992
-992
-992
-992
-992
-992
-992
-992
-992
-992
-992
-992
-992
-992
-992
-992
-992
-992
-995
-995
-995
-995
-995
-995
-994
-994
-994
-994
-994
-994
-994
-994
-994
-994
-994
-994
-994
-994
-994
-994
-994
-994
-994
-994
-994
-994
-994
-994
-994
-994
-994
-994
-994
-994
-994
-994
-994
-994
-994
-994
-994
-994
-994
-994
-994
-994
-994
-994
-994
-994
-994
-994
-994
-994
-994
-994
-995
-995
-995
-995
-995
-995
-995
-995
-995
-995
-995
-995
-995
-995
-995
-995
-994
-994
-994
-994
-994
-994
-994
-994
-994
-994
-994
-994
-994
-994
-994
-994
-994
-994
-994
-994
-994
-994
-994
-994
-994
-994
-994
-994
-994
-994
-994
-994
-994
-994
-995
-995
-995
-994
-995
-994
-994
-994
-994
-994
-995
-995
-994
-994
-994
-994
-994
-994
-994
-994
-994
-994
-994
-994
-994
-994
-994
-994
-994
-994
-994
-994
-994
-995
-995
-995
-995
-995
-995
-995
-995
-995
-995
-995
-995
-995
-995
-995
-992
-992
-992
-995
-992
-995
-995
-992
-994
