agent: texplore
env: asterix
model: M5 Tree
Environment is episodic.
set statesPerDim to 0 for all dim
feature 0 has range 30
feature 1 has range 30
feature 2 has range 30
reward range: 1001
Parallel ETUCT tracking real state values
Planner using history size: 0
Start model learning thread
start parallel uct planning search thread
Created MultClass 0 with nModels: 5
Created m5 decision tree 0 multivariate regression (all feats) MIN_SDR: 0.003
Created m5 decision tree 6 multivariate regression (all feats) MIN_SDR: 0.003
Created m5 decision tree 12 multivariate regression (all feats) MIN_SDR: 0.003
Created m5 decision tree 18 multivariate regression (all feats) MIN_SDR: 0.003
Created m5 decision tree 24 multivariate regression (all feats) MIN_SDR: 0.003
Created MultClass 3 with nModels: 5
Created m5 decision tree 3 multivariate regression (all feats) MIN_SDR: 0.1001
Created m5 decision tree 9 multivariate regression (all feats) MIN_SDR: 0.1001
Created m5 decision tree 15 multivariate regression (all feats) MIN_SDR: 0.1001
Created m5 decision tree 21 multivariate regression (all feats) MIN_SDR: 0.1001
Created m5 decision tree 27 multivariate regression (all feats) MIN_SDR: 0.1001
Created MultClass 4 with nModels: 5
Created m5 decision tree 4 multivariate regression (all feats) MIN_SDR: 0.0001
Created m5 decision tree 10 multivariate regression (all feats) MIN_SDR: 0.0001
Created m5 decision tree 16 multivariate regression (all feats) MIN_SDR: 0.0001
Created m5 decision tree 22 multivariate regression (all feats) MIN_SDR: 0.0001
Created m5 decision tree 28 multivariate regression (all feats) MIN_SDR: 0.0001
Created MultClass 1 with nModels: 5
Created m5 decision tree 1 multivariate regression (all feats) MIN_SDR: 0.003
Created m5 decision tree 7 multivariate regression (all feats) MIN_SDR: 0.003
Created m5 decision tree 13 multivariate regression (all feats) MIN_SDR: 0.003
Created m5 decision tree 19 multivariate regression (all feats) MIN_SDR: 0.003
Created m5 decision tree 25 multivariate regression (all feats) MIN_SDR: 0.003
Created MultClass 2 with nModels: 5
Created m5 decision tree 2 multivariate regression (all feats) MIN_SDR: 0.003
Created m5 decision tree 8 multivariate regression (all feats) MIN_SDR: 0.003
Created m5 decision tree 14 multivariate regression (all feats) MIN_SDR: 0.003
Created m5 decision tree 20 multivariate regression (all feats) MIN_SDR: 0.003
-995
Created m5 decision tree 26 multivariate regression (all feats) MIN_SDR: 0.003
-992
-994
-981
-995
-995
-994
-993
-993
-995
-995
-992
-946
-991
-996
-995
-995
-993
-996
-995
-994
-995
-996
-995
-994
-994
-994
-994
-995
-995
-994
-994
-994
-995
-994
-995
-995
-995
-995
-995
-993
-995
-993
-994
-995
-994
-995
-994
-996
-994
-995
-985
-994
-995
-993
-985
-994
-995
-994
-995
-984
-994
-995
-976
-994
-995
-984
-994
-995
-993
-994
-995
-993
-994
-995
-993
-994
-995
-984
-994
-995
-993
-994
-995
-982
-983
-994
-995
-993
-985
-994
-995
-993
-985
-994
-995
-994
-984
-995
-994
-984
-995
-994
-976
-995
-994
-986
-985
-995
-994
-984
-995
-994
-985
-995
-994
-981
-994
-968
-995
-995
-981
-991
-995
-995
-981
-995
-996
-996
-996
-996
-994
-981
-996
-982
-984
-984
-994
-995
-994
-995
-994
-984
-995
-994
-995
-994
-995
-994
-995
-994
-995
-994
-995
-994
-995
-994
-995
-994
-995
-994
-995
-994
-995
-994
-995
-994
-995
-995
-994
-995
-995
-984
-995
-994
-983
-983
-994
-995
-974
-974
-984
-994
-975
-995
-984
-995
-995
-995
-984
-994
-995
-984
-994
-995
-984
-994
-995
-994
-995
-984
-995
-995
-994
-995
-994
-995
-994
-995
-984
-994
-995
-983
-994
-995
-983
-994
-995
-983
-994
-995
-984
-994
-995
-983
-994
-995
-995
-995
-995
-995
-995
-995
-995
-995
-995
-995
-995
-995
-995
-996
-991
-985
-995
-996
-996
-996
-995
-985
-994
-995
-985
-994
-995
-985
-994
-995
-985
-994
-995
-994
-995
-994
-995
-995
-995
-995
-995
-995
-995
-995
-995
-995
-995
-995
-995
-995
-995
-995
-995
-995
-995
-995
-995
-984
-975
-994
-996
-995
-984
-994
-995
-985
-994
-995
-985
-994
-995
-984
-994
-995
-984
-994
-995
-984
-994
-995
-984
-994
-995
-984
-994
-995
-984
-994
-995
-984
-994
-995
-983
-994
-995
-983
-994
-995
-984
-994
-995
-983
-994
-995
-984
-994
-995
-984
-994
-995
-983
-994
-995
-983
-994
-995
-983
-994
-995
-976
-984
-994
-995
-984
-994
-995
-985
-994
-995
-983
-994
-995
-985
-994
-995
-984
-994
-995
-984
-994
-995
-984
-994
-995
-984
-994
-995
-984
-994
-995
-984
-994
-995
-984
-994
-995
-984
-994
-995
-983
-994
-995
-994
-995
-994
-995
-994
-995
-994
-995
-984
-994
-995
-984
-994
-995
-984
-994
-995
-983
-994
-995
-984
-994
-995
-984
-994
-984
-994
-995
-984
-994
-996
-995
-995
-994
-996
-996
-996
-996
-996
-996
-996
-996
-996
-996
-996
-996
-996
-996
-996
-996
-996
-996
-996
-996
-996
-996
-996
-996
-996
-996
-996
-996
-996
-996
-996
-996
-996
-996
-996
-996
-996
-996
-996
-996
-996
-996
-996
-996
-996
-996
-996
-996
-996
-996
-996
-996
-996
-996
-995
-984
-994
-995
-995
-984
-994
-995
-995
-995
-995
-995
-995
-995
-995
-995
-995
-995
-995
-995
-995
-995
-995
-995
-995
-995
-995
-995
-995
-995
-995
-995
-976
-994
-996
-996
-996
-994
-995
-984
-984
-966
-996
-996
-996
-996
-996
-996
-996
-996
-996
-996
-996
-995
-969
-966
-996
-996
-996
-996
-996
-996
-996
-996
-996
-996
-996
-996
-996
-996
-996
-996
-996
-996
-996
-996
-996
-996
-996
-996
-996
-996
-996
-996
-996
-996
-996
-996
-996
-996
-996
-996
-996
-996
-996
-996
-996
-996
-996
-996
-996
-996
-996
-996
-996
-996
-996
-996
-996
-996
-996
-996
-996
-996
-996
-996
-996
-996
-996
-996
-996
-996
-996
-996
-996
-996
-996
-996
-996
-996
-996
-996
-996
-996
-996
-996
-996
-996
-996
-996
-996
-996
-996
-996
-996
-996
-996
-996
-996
-996
-996
-996
-996
-996
-996
-996
-996
-996
-996
-996
-996
-996
-996
-996
-996
-996
-996
-996
-996
-996
-996
-996
-996
-996
-996
-996
-996
-996
-996
-996
-996
-996
-996
-996
-996
-996
-996
-996
-996
-996
-996
-996
-996
-996
-996
-996
-996
-996
-996
-996
-996
-996
-996
-996
-996
-996
-996
-996
-996
-996
-996
-996
-996
-996
-996
-996
-996
-996
-996
-996
-996
-996
-996
-996
-996
-996
-996
-996
-996
-996
-996
-996
-996
-996
-996
-996
-996
-996
-996
-996
-996
-996
-996
-996
-996
-996
-996
-996
-996
-996
-996
-996
-996
-996
-996
-996
-996
-996
-996
-996
-996
-996
-996
-996
-996
-996
-996
-996
-996
-996
-996
-996
-991
-983
-982
-983
-982
-982
-995
-995
-995
-995
-995
-995
-996
-996
-996
-996
-996
-996
-996
-996
-996
-996
-996
-996
-996
-996
-996
-996
-996
-996
-996
-996
-996
-996
-996
-996
-996
-996
-996
-996
-996
-996
-996
-996
-996
-996
-996
-996
-996
-996
-996
-996
-996
-996
-996
-996
-996
-996
-996
-996
-996
-996
-996
-996
-996
-996
-996
-996
-996
-996
-996
-996
-996
-996
-996
-996
-996
-996
-996
-996
-996
-996
-996
-996
-996
-996
-996
-996
-996
-996
-996
-996
-996
-996
-996
-996
-996
-996
-996
-996
-996
-996
-996
-996
-996
-996
-996
-996
-996
-996
-996
-996
-996
-996
-996
-996
-996
-996
-996
-996
-996
-996
-996
-996
-996
-996
-996
-996
-996
-996
-996
-996
-996
-996
-996
-996
-996
-996
-996
-996
-996
-996
-996
-996
-996
-996
-996
-996
-996
-996
-996
-996
-996
-996
-996
-996
-996
-996
-996
-996
-996
-996
-996
-996
-996
-996
-996
-996
-996
-996
-996
-996
-996
-996
-996
-996
-996
-996
-996
-996
-996
-996
-996
-996
-996
-996
-996
-996
-996
-996
-996
-996
-996
-996
-996
-996
-996
-996
-996
-996
-996
-996
-996
-996
-996
-996
-996
-996
-996
-996
-996
-996
-996
-996
-996
-996
-996
-996
-996
-996
-996
-996
-996
-996
-996
-996
-996
-996
-996
-996
-996
-996
-996
-996
-996
-996
-996
-996
-996
-996
-996
-996
-996
-996
-996
-996
-996
-996
-996
-996
-996
