agent: texplore
env: asterix
model: M5 Tree
Environment is episodic.
set statesPerDim to 0 for all dim
feature 0 has range 30
feature 1 has range 30
feature 2 has range 30
reward range: 1001
Parallel ETUCT tracking real state values
Planner using history size: 0
start parallel uct planning search thread
Start model learning thread
Created MultClass 0 with nModels: 5
Created m5 decision tree 0 multivariate regression (all feats) MIN_SDR: 0.003
Created m5 decision tree 6 multivariate regression (all feats) MIN_SDR: 0.003
Created m5 decision tree 12 multivariate regression (all feats) MIN_SDR: 0.003
Created m5 decision tree 18 multivariate regression (all feats) MIN_SDR: 0.003
Created m5 decision tree 24 multivariate regression (all feats) MIN_SDR: 0.003
Created MultClass 3 with nModels: 5
Created m5 decision tree 3 multivariate regression (all feats) MIN_SDR: 0.1001
Created m5 decision tree 9 multivariate regression (all feats) MIN_SDR: 0.1001
Created m5 decision tree 15 multivariate regression (all feats) MIN_SDR: 0.1001
Created m5 decision tree 21 multivariate regression (all feats) MIN_SDR: 0.1001
Created m5 decision tree 27 multivariate regression (all feats) MIN_SDR: 0.1001
Created MultClass 4 with nModels: 5
Created m5 decision tree 4 multivariate regression (all feats) MIN_SDR: 0.0001
Created m5 decision tree 10 multivariate regression (all feats) MIN_SDR: 0.0001
Created m5 decision tree 16 multivariate regression (all feats) MIN_SDR: 0.0001
Created m5 decision tree 22 multivariate regression (all feats) MIN_SDR: 0.0001
Created m5 decision tree 28 multivariate regression (all feats) MIN_SDR: 0.0001
Created MultClass 1 with nModels: 5
Created m5 decision tree 1 multivariate regression (all feats) MIN_SDR: 0.003
Created m5 decision tree 7 multivariate regression (all feats) MIN_SDR: 0.003
Created m5 decision tree 13 multivariate regression (all feats) MIN_SDR: 0.003
Created m5 decision tree 19 multivariate regression (all feats) MIN_SDR: 0.003
-995
Created m5 decision tree 25 multivariate regression (all feats) MIN_SDR: 0.003
Created MultClass 2 with nModels: 5
Created m5 decision tree 2 multivariate regression (all feats) MIN_SDR: 0.003
Created m5 decision tree 8 multivariate regression (all feats) MIN_SDR: 0.003
Created m5 decision tree 14 multivariate regression (all feats) MIN_SDR: 0.003
Created m5 decision tree 20 multivariate regression (all feats) MIN_SDR: 0.003
Created m5 decision tree 26 multivariate regression (all feats) MIN_SDR: 0.003
-994
-994
-994
-996
-996
-995
-994
-983
-996
-996
-980
-995
-991
-993
-983
-994
-995
-994
-995
-994
-991
-994
-994
-993
-992
-994
-995
-993
-995
-993
-995
-995
-994
-994
-993
-994
-994
-994
-994
-994
-994
-995
-995
-995
-995
-992
-992
-994
-992
-995
-989
-993
-979
-994
-982
-994
-996
-995
-994
-981
-967
-997
-993
-993
-996
-995
-995
-995
-995
-995
-996
-995
-968
-991
-988
-994
-994
-994
-994
-991
-994
-994
-995
-994
-995
-994
-989
-995
-987
-994
-994
-995
-994
-994
-994
-994
-995
-995
-995
-995
-995
-994
-994
-995
-989
-994
-994
-994
-995
-995
-995
-995
-995
-994
-995
-995
-995
-995
-995
-995
-995
-995
-995
-995
-995
-995
-977
-994
-960
-994
-988
-996
-996
-995
-992
-990
-989
-989
-994
-985
-995
-994
-994
-988
-973
-994
-994
-995
-987
-994
-994
-995
-986
-994
-994
-994
-994
-994
-995
-994
-994
-996
-996
-994
-996
-994
-994
-995
-994
-994
-994
-985
-994
-994
-995
-973
-994
-995
-995
-995
-994
-994
-995
-996
-996
-994
-996
-994
-995
-996
-994
-995
-994
-995
-994
-995
-995
-995
-994
-995
-980
-995
-994
-994
-994
-994
-995
-994
-994
-994
-994
-994
-994
-995
-995
-994
-994
-995
-994
-994
-994
-994
-994
-994
-994
-994
-995
-995
-987
-990
-988
-994
-994
-994
-994
-994
-994
-994
-994
-994
-983
-994
-994
-994
-983
-994
-996
-994
-994
-994
-994
-994
-994
-994
-994
-994
-994
-994
-994
-995
-983
-995
-988
-994
-995
-975
-959
-995
-983
-995
-971
-987
-994
-995
-987
-987
-994
-995
-987
-994
-995
-987
-995
-987
-995
-989
-994
-995
-983
-995
-987
-994
-995
-987
-995
-987
-994
-995
-987
-995
-987
-995
-988
-987
-994
-989
-989
-994
-959
-994
-994
-994
-994
-996
-987
-994
-996
-987
-985
-985
-986
-975
-985
-947
-974
-987
-994
-987
-996
-987
-987
-994
-987
-996
-987
-987
-994
-987
-994
-987
-987
-994
-984
-989
-975
-987
-987
-959
-972
-968
-987
-995
-987
-994
-990
-987
-994
-987
-994
-987
-994
-987
-978
-987
-994
-987
-994
-987
-987
-987
-994
-987
-987
-987
-987
-994
-987
-994
-987
-994
-987
-994
-987
-987
-987
-994
-987
-994
-987
-987
-996
-987
-987
-987
-987
-994
-987
-994
-987
-996
-987
-996
-987
-994
-987
-994
-987
-994
-987
-994
-987
-994
-987
-994
-987
-994
-987
-994
-996
-996
-996
-987
-994
-995
-995
-995
-995
-986
-987
-994
-987
-994
-995
-995
-987
-994
-987
-994
-987
-994
-987
-994
-987
-994
-987
-994
-987
-994
-987
-994
-987
-994
-987
-994
-987
-994
-987
-994
-987
-994
-987
-994
-987
-994
-987
-994
-987
-994
-987
-994
-987
-994
-987
-994
-987
-994
-987
-994
-987
-994
-987
-994
-987
-994
-987
-994
-987
-994
-987
-994
-987
-994
-987
-994
-987
-994
-987
-994
-987
-994
-987
-994
-986
-987
-994
-987
-994
-987
-994
-987
-994
-987
-994
-987
-994
-987
-994
-987
-994
-987
-994
-987
-994
-987
-994
-987
-994
-987
-994
-987
-994
-987
-994
-987
-994
-987
-994
-987
-994
-987
-994
-987
-994
-987
-994
-987
-994
-987
-994
-987
-994
-987
-994
-987
-994
-987
-994
-987
-994
-987
-994
-987
-994
-987
-994
-987
-994
-987
-994
-987
-994
-987
-994
-987
-987
-994
-987
-994
-987
-994
-987
-994
-987
-994
-987
-994
-987
-994
-987
-994
-987
-994
-987
-994
-987
-994
-987
-994
-987
-994
-987
-994
-987
-994
-987
-994
-987
-994
-987
-994
-987
-994
-987
-994
-987
-994
-987
-994
-987
-994
-987
-994
-987
-994
-987
-994
-987
-987
-987
-987
-987
-987
-987
-987
-987
-987
-987
-987
-987
-987
-987
-987
-987
-987
-987
-987
-987
-987
-987
-987
-987
-987
-987
-987
-987
-994
-987
-987
-994
-987
-987
-987
-994
-987
-994
-987
-987
-994
-987
-996
-987
-994
-987
-994
-987
-994
-987
-994
-987
-994
-987
-987
-987
-994
-987
-994
-987
-987
-987
-987
-987
-997
-987
-994
-987
-994
-987
-987
-987
-987
-987
-987
-987
-987
-987
-987
-987
-987
-987
-987
-987
-987
-987
-987
-987
-987
-987
-987
-987
-987
-987
-987
-987
-987
-987
-987
-987
-987
-987
-987
-987
-987
-987
-987
-987
-987
-987
-987
-987
-987
-987
-987
-987
-987
-987
-987
-987
-987
-987
-987
-987
-987
-987
-987
-987
-987
-987
-987
-987
-987
-987
-987
-987
-987
-987
-987
-987
-987
-987
-987
-987
-996
-987
-996
-987
-995
-987
-995
-987
-987
-997
-987
-997
-997
-986
-986
-987
-996
-987
-996
-987
-996
-987
-997
-987
-987
-987
-997
-987
-997
-987
-994
-987
-987
-987
-994
-987
-994
-987
-994
-987
-994
-987
-994
-987
-994
-987
-994
-987
-994
-987
-994
-987
-994
-987
-994
-982
-987
-994
-987
-996
-987
-994
-987
-994
-987
-994
-987
-994
-987
-997
-987
-997
-987
-997
-987
-997
-987
-997
-987
-987
-987
-997
-987
-997
-987
-995
-987
-994
-987
-994
-987
-994
-987
-996
-987
-995
-987
-995
-987
-987
-995
-987
-995
-987
-994
-987
-994
-987
-994
-987
-997
-987
-994
-987
-995
-987
-995
-987
-995
-987
-995
-987
-996
-987
-997
-987
-996
-987
-994
-987
-996
-987
-994
-987
-994
-987
-996
-987
-994
-987
-994
-987
-994
-987
-994
-987
-996
-987
-996
-987
-996
-987
-996
-987
-996
-987
-997
-987
-994
-987
-994
-987
-997
-987
-997
-987
-997
-987
-997
-987
-997
-987
-997
-987
-994
-987
-995
-987
-994
-987
-994
-987
-994
-987
-994
-987
-994
-987
-994
-987
-994
-987
-994
-987
-994
-987
-994
-987
-994
-987
-994
-987
-994
-987
-994
-987
-994
-987
-994
-987
-994
-987
-994
-987
-994
-987
-994
-987
-994
-987
-994
-987
-994
-987
-994
-987
-994
-987
