agent: texplore
env: asterix
model: M5 Tree
Environment is episodic.
set statesPerDim to 0 for all dim
feature 0 has range 30
feature 1 has range 30
feature 2 has range 30
reward range: 1001
Parallel ETUCT tracking real state values
Planner using history size: 0
Start model learning thread
start parallel uct planning search thread
Created MultClass 0 with nModels: 5
Created m5 decision tree 0 multivariate regression (all feats) MIN_SDR: 0.003
Created m5 decision tree 6 multivariate regression (all feats) MIN_SDR: 0.003
Created m5 decision tree 12 multivariate regression (all feats) MIN_SDR: 0.003
Created m5 decision tree 18 multivariate regression (all feats) MIN_SDR: 0.003
Created m5 decision tree 24 multivariate regression (all feats) MIN_SDR: 0.003
Created MultClass 3 with nModels: 5
Created m5 decision tree 3 multivariate regression (all feats) MIN_SDR: 0.1001
Created m5 decision tree 9 multivariate regression (all feats) MIN_SDR: 0.1001
Created m5 decision tree 15 multivariate regression (all feats) MIN_SDR: 0.1001
Created m5 decision tree 21 multivariate regression (all feats) MIN_SDR: 0.1001
Created m5 decision tree 27 multivariate regression (all feats) MIN_SDR: 0.1001
Created MultClass 4 with nModels: 5
Created m5 decision tree 4 multivariate regression (all feats) MIN_SDR: 0.0001
Created m5 decision tree 10 multivariate regression (all feats) MIN_SDR: 0.0001
Created m5 decision tree 16 multivariate regression (all feats) MIN_SDR: 0.0001
Created m5 decision tree 22 multivariate regression (all feats) MIN_SDR: 0.0001
Created m5 decision tree 28 multivariate regression (all feats) MIN_SDR: 0.0001
Created MultClass 1 with nModels: 5
Created m5 decision tree 1 multivariate regression (all feats) MIN_SDR: 0.003
Created m5 decision tree 7 multivariate regression (all feats) MIN_SDR: 0.003
Created m5 decision tree 13 multivariate regression (all feats) MIN_SDR: 0.003
Created m5 decision tree 19 multivariate regression (all feats) MIN_SDR: 0.003
Created m5 decision tree 25 multivariate regression (all feats) MIN_SDR: 0.003
Created MultClass 2 with nModels: 5
Created m5 decision tree 2 multivariate regression (all feats) MIN_SDR: 0.003
Created m5 decision tree 8 multivariate regression (all feats) MIN_SDR: 0.003
Created m5 decision tree 14 multivariate regression (all feats) MIN_SDR: 0.003
Created m5 decision tree 20 multivariate regression (all feats) MIN_SDR: 0.003
Created m5 decision tree 26 multivariate regression (all feats) MIN_SDR: 0.003
-996
-994
-994
-994
-994
-994
-996
-997
-982
-994
-994
-994
-993
-981
-994
-996
-996
-995
-996
-996
-996
-994
-993
-979
-993
-993
-992
-982
-996
-996
-996
-996
-993
-996
-994
-993
-993
-980
-995
-995
-995
-984
-994
-994
-995
-994
-994
-995
-994
-995
-995
-984
-996
-996
-992
-995
-996
-995
-996
-995
-997
-995
-996
-994
-992
-992
-995
-993
-980
-986
-995
-997
-981
-990
-996
-995
-995
-996
-995
-992
-992
-996
-995
-985
-996
-992
-994
-996
-994
-994
-994
-994
-994
-978
-995
-995
-995
-992
-994
-980
-995
-991
-993
-994
-966
-996
-996
-996
-995
-984
-992
-992
-996
-994
-970
-984
-995
-993
-993
-996
-992
-984
-990
-994
-994
-992
-990
-992
-991
-992
-993
-993
-993
-989
-981
-992
-992
-992
-970
-990
-995
-992
-995
-994
-995
-992
-993
-994
-995
-992
-994
-992
-993
-995
-995
-995
-992
-993
-994
-983
-995
-992
-993
-993
-993
-994
-995
-993
-976
-981
-994
-989
-982
-994
-994
-980
-967
-995
-995
-994
-990
-991
-975
-992
-994
-995
-994
-994
-995
-994
-981
-994
-995
-990
-994
-992
-997
-995
-992
-991
-995
-997
-995
-994
-983
-992
-994
-995
-994
-988
-982
-984
-990
-995
-993
-995
-993
-991
-995
-994
-995
-991
-997
-993
-993
-996
-993
-993
-993
-996
-993
-995
-995
-995
-994
-993
-993
-994
-973
-959
-981
-973
-983
-973
-993
-993
-980
-984
-993
-994
-994
-994
-981
-995
-974
-994
-981
-994
-994
-994
-994
-994
-994
-995
-995
-994
-983
-994
-985
-973
-995
-995
-995
-995
-996
-995
-995
-995
-994
-995
-995
-996
-973
-995
-972
-995
-994
-960
-993
-996
-996
-994
-995
-995
-993
-994
-995
-994
-994
-995
-993
-995
-995
-995
-993
-992
-980
-995
-995
-995
-997
-997
-995
-994
-996
-997
-994
-995
-996
-994
-996
-994
-993
-993
-995
-992
-991
-994
-994
-994
-994
-993
-993
-996
-993
-996
-996
-993
-994
-988
-996
-994
-994
-992
-994
-975
-995
-995
-995
-994
-995
-995
-994
-994
-994
-995
-995
-994
-994
-992
-994
-992
-994
-994
-995
-994
-995
-992
-996
-992
-995
-977
-994
-994
-993
-983
-980
-992
-982
-980
-994
-994
-993
-994
-994
-980
-996
-993
-993
-993
-993
-993
-994
-994
-994
-993
-993
-995
-995
-995
-993
-995
-993
-993
-994
-994
-995
-995
-995
-995
-995
-996
-996
-996
-996
-996
-956
-996
-986
-991
-996
-991
-995
-995
-995
-995
-995
-995
-995
-988
-995
-973
-986
-995
-995
-973
-996
-996
-996
-996
-996
-996
-996
-995
-972
-996
-995
-996
-993
-994
-994
-996
-996
-996
-995
-995
-996
-996
-996
-996
-996
-996
-996
-996
-996
-996
-996
-996
-996
-996
-996
-994
-996
-996
-994
-994
-995
-995
-995
-996
-995
-996
-995
-991
-995
-995
-987
-995
-995
-996
-995
-994
-994
-994
-994
-996
-989
-994
-994
-994
-995
-995
-994
-994
-994
-994
-994
-994
-994
-994
-994
-994
-994
-994
-994
-995
-994
-995
-995
-994
-995
-994
-994
-994
-994
-994
-994
-995
-994
-994
-995
-995
-995
-995
-995
-995
-995
-995
-995
-995
-994
-994
-994
-994
-995
-994
-994
-994
-994
-994
-994
-994
-995
-994
-995
-994
-994
-994
-995
-994
-995
-994
-994
-991
-990
-994
-995
-995
-993
-994
-994
-994
-995
-996
-995
-994
-995
-996
-996
-995
-996
-995
-995
-995
-996
-996
-996
-995
-994
-995
-994
-995
-995
-994
-995
-994
-995
-994
-995
-994
-995
-994
-994
-995
-994
-995
-995
-995
-994
-994
-994
-996
-994
-996
-994
-996
-994
-996
-993
-994
-994
-996
-994
-994
-994
-993
-993
-993
-994
-993
-995
-995
-995
-989
-995
-993
-993
-993
-994
-993
-996
-993
-996
-993
-994
-993
-996
-993
-994
-993
-993
-993
-994
-994
-993
-996
-993
-994
-993
-993
-993
-994
-994
-994
-992
-996
-994
-994
-993
-996
-994
-995
-995
-995
-995
-993
-996
-994
-993
-993
-993
-993
-993
-994
-993
-995
-996
-995
-995
-996
-994
-995
-994
-996
-994
-995
-994
-996
-995
-983
-994
-991
-994
-996
-994
-994
-996
-994
-993
-994
-994
-994
-994
-993
-993
-993
-994
-995
-993
-994
-995
-995
-995
-991
-991
-990
-995
-983
-995
-995
-995
-995
-995
-995
-995
-990
-983
-995
-984
-991
-994
-989
-995
-995
-983
-995
-994
-994
-994
-994
-995
-995
-995
-991
-991
-975
-995
-994
-994
-984
-991
-994
-973
-996
-969
-995
-983
-986
-994
-994
-994
-994
-984
-994
-993
-994
-993
-994
-993
-991
-973
-973
-989
-994
-982
-994
-994
-994
-994
-994
-994
-995
-995
-995
-995
-995
-994
-994
-994
-994
-994
-994
-994
-993
-973
-984
-996
-974
-987
-996
-995
-996
-968
-995
-977
-994
-994
-976
-995
-994
-994
-994
-981
-994
-992
-994
-995
-991
-994
-995
-994
-994
-994
-992
-994
-982
-997
-994
-994
-994
-994
-994
-994
-980
-994
-992
-994
-994
-994
-994
-994
-994
-994
-995
-994
-994
-995
-994
-994
-994
-995
-995
-991
-995
-974
-991
-973
-995
-994
-973
-994
-994
-983
-994
-994
-995
-994
-994
-994
-995
-994
-994
-995
-994
-994
-994
-994
-994
-993
-995
-984
-993
-994
-994
-994
-991
-992
-992
-981
-974
-996
-968
-981
-982
-973
-993
-994
-973
-984
-984
-993
-995
-994
-995
-994
-995
-994
-994
-983
-995
-994
-994
-994
-995
-994
-994
-995
-994
-995
-994
-985
-994
-995
-995
-995
-994
-995
-994
-995
-994
-995
-995
-981
-995
-995
-995
-994
-984
-995
-984
-994
-995
-994
-995
-994
-995
-995
-995
-995
-995
-995
-981
-980
-968
-977
-995
-980
-972
-993
-995
-994
-995
-995
-990
-994
-996
-995
-993
-994
-974
-995
-994
-995
-995
-994
-995
-994
-995
-995
-983
-993
-977
-982
-995
-995
-995
-995
-976
-976
-993
