agent: texplore
env: asterix
model: M5 Tree
Environment is episodic.
set statesPerDim to 0 for all dim
feature 0 has range 30
feature 1 has range 30
feature 2 has range 30
reward range: 1001
Parallel ETUCT tracking real state values
Planner using history size: 0
start parallel uct planning search thread
Start model learning thread
Created MultClass 0 with nModels: 5
Created m5 decision tree 0 multivariate regression (all feats) MIN_SDR: 0.003
Created m5 decision tree 6 multivariate regression (all feats) MIN_SDR: 0.003
Created m5 decision tree 12 multivariate regression (all feats) MIN_SDR: 0.003
Created m5 decision tree 18 multivariate regression (all feats) MIN_SDR: 0.003
Created m5 decision tree 24 multivariate regression (all feats) MIN_SDR: 0.003
Created MultClass 3 with nModels: 5
Created m5 decision tree 3 multivariate regression (all feats) MIN_SDR: 0.1001
Created m5 decision tree 9 multivariate regression (all feats) MIN_SDR: 0.1001
Created m5 decision tree 15 multivariate regression (all feats) MIN_SDR: 0.1001
Created m5 decision tree 21 multivariate regression (all feats) MIN_SDR: 0.1001
Created m5 decision tree 27 multivariate regression (all feats) MIN_SDR: 0.1001
Created MultClass 4 with nModels: 5
Created m5 decision tree 4 multivariate regression (all feats) MIN_SDR: 0.0001
Created m5 decision tree 10 multivariate regression (all feats) MIN_SDR: 0.0001
Created m5 decision tree 16 multivariate regression (all feats) MIN_SDR: 0.0001
Created m5 decision tree 22 multivariate regression (all feats) MIN_SDR: 0.0001
Created m5 decision tree 28 multivariate regression (all feats) MIN_SDR: 0.0001
Created MultClass 1 with nModels: 5
Created m5 decision tree 1 multivariate regression (all feats) MIN_SDR: 0.003
Created m5 decision tree 7 multivariate regression (all feats) MIN_SDR: 0.003
Created m5 decision tree 13 multivariate regression (all feats) MIN_SDR: 0.003
Created m5 decision tree 19 multivariate regression (all feats) MIN_SDR: 0.003
Created m5 decision tree 25 multivariate regression (all feats) MIN_SDR: 0.003
Created MultClass 2 with nModels: 5
Created m5 decision tree 2 multivariate regression (all feats) MIN_SDR: 0.003
Created m5 decision tree 8 multivariate regression (all feats) MIN_SDR: 0.003
Created m5 decision tree 14 multivariate regression (all feats) MIN_SDR: 0.003
Created m5 decision tree 20 multivariate regression (all feats) MIN_SDR: 0.003
Created m5 decision tree 26 multivariate regression (all feats) MIN_SDR: 0.003
-997
-995
-994
-994
-994
-994
-993
-994
-994
-993
-996
-995
-994
-994
-996
-994
-995
-973
-992
-996
-995
-994
-996
-980
-994
-994
-994
-995
-980
-989
-995
-961
-997
-971
-995
-992
-996
-992
-996
-996
-992
-994
-994
-992
-995
-994
-994
-995
-991
-994
-991
-994
-994
-994
-994
-994
-995
-991
-991
-992
-992
-997
-993
-994
-994
-995
-994
-994
-994
-994
-994
-992
-994
-994
-995
-994
-992
-995
-994
-992
-993
-993
-995
-994
-959
-994
-994
-995
-996
-995
-994
-989
-996
-996
-994
-990
-995
-995
-995
-995
-993
-994
-994
-994
-996
-996
-995
-996
-995
-995
-987
-992
-994
-994
-995
-994
-994
-996
-994
-994
-994
-994
-994
-993
-994
-994
-994
-996
-996
-993
-993
-993
-994
-993
-994
-991
-994
-973
-975
-993
-992
-994
-995
-995
-993
-994
-991
-995
-995
-994
-994
-994
-994
-983
-989
-994
-994
-994
-994
-994
-994
-977
-980
-997
-994
-995
-992
-994
-997
-992
-997
-990
-997
-994
-989
-994
-985
-994
-996
-997
-995
-996
-994
-997
-994
-995
-991
-995
-991
-995
-994
-992
-994
-994
-994
-989
-996
-995
-996
-995
-991
-994
-994
-995
-991
-994
-994
-995
-995
-994
-995
-994
-994
-994
-995
-994
-991
-995
-994
-994
-994
-994
-994
-991
-989
-989
-991
-990
-990
-992
-982
-991
-981
-992
-992
-994
-992
-990
-992
-990
-988
-992
-994
-988
-991
-994
-994
-994
-994
-994
-992
-994
-994
-994
-995
-995
-995
-995
-991
-987
-990
-986
-995
-989
-985
-989
-992
-992
-995
-994
-996
-989
-983
-987
-989
-995
-989
-991
-968
-989
-995
-990
-989
-992
-995
-989
-975
-992
-992
-992
-992
-992
-992
-992
-993
-992
-994
-994
-991
-994
-994
-994
-994
-995
-994
-990
-994
-994
-990
-995
-982
-980
-974
-992
-994
-993
-994
-994
-962
-961
-993
-983
-983
-994
-993
-994
-994
-993
-993
-993
-993
-993
-993
-992
-993
-993
-994
-991
-994
-996
-996
-994
-995
-994
-995
-991
-996
-996
-992
-992
-994
-992
-992
-992
-992
-992
-991
-995
-978
-996
-967
-992
-991
-991
-996
-990
-992
-995
-992
-992
-990
-992
-992
-992
-992
-993
-992
-995
-991
-992
-992
-992
-981
-992
-991
-991
-991
-984
-983
-991
-991
-992
-992
-991
-994
-994
-992
-995
-989
-990
-990
-990
-995
-994
-990
-991
-987
-987
-995
-991
-994
-994
-979
-990
-988
-995
-994
-987
-987
-987
-987
-996
-991
-994
-987
-987
-996
-994
-989
-996
-989
-995
-983
-988
-987
-987
-987
-994
-990
-990
-967
-990
-996
-996
-990
-996
-996
-978
-990
-995
-990
-995
-990
-996
-981
-980
-977
-991
-992
-995
-959
-992
-987
-995
-981
-988
-988
-991
-989
-992
-987
-990
-996
-994
-989
-984
-991
-992
-992
-980
-980
-992
-992
-992
-992
-959
-987
-983
-987
-986
-994
-987
-996
-983
-987
-987
-988
-988
-989
-994
-984
-991
-989
-994
-990
-990
-987
-989
-988
-987
-989
-985
-988
-987
-988
-931
-996
-985
-973
-945
-988
-995
-996
-986
-994
-986
-995
-993
-995
-995
-972
-995
-997
-959
-987
-976
-985
-986
-984
-984
-996
-994
-988
-985
-987
-987
-987
-994
-981
-986
-994
-984
-958
-988
-979
-917
-903
-995
-985
-931
-903
-987
-973
-997
-997
-997
-987
-987
-987
-987
-987
-995
-995
-987
-987
-995
-987
-995
-987
-987
-987
-959
-964
-992
-987
-990
-987
-987
-987
-987
-988
-988
-986
-987
-973
-995
-987
-959
-995
-987
-945
-978
-987
-995
-988
-988
-995
-987
-987
-988
-996
-987
-988
-987
-987
-987
-987
-959
-987
-987
-987
-987
-987
-987
-994
-994
-987
-994
-987
-987
-987
-987
-987
-993
-987
-987
-994
-987
-994
-991
-985
-987
-987
-874
-959
-987
-987
-992
-995
-994
-987
-983
-995
-987
-987
-987
-992
-995
-992
-995
-992
-992
-994
-959
-992
-994
-980
-981
-980
-980
-992
-987
-985
-995
-959
-959
-959
-959
-959
-995
-989
-988
-994
-981
-995
-991
-991
-994
-988
-994
-995
-994
-996
-994
-995
-995
-995
-995
-995
-995
-995
-995
-995
-994
-995
-995
-994
-988
-996
-995
-991
-995
-989
-988
-996
-991
-960
-996
-994
-984
-988
-988
-997
-997
-997
-997
-995
-990
-960
-996
-995
-994
-995
-994
-995
-995
-995
-988
-994
-995
-994
-995
-995
-995
-994
-988
-989
-995
-994
-988
-995
-996
-988
-987
-989
-980
-995
-989
-988
-988
-987
-985
-987
-996
-996
-960
-995
-994
-995
-985
-991
-991
-995
-994
-982
-994
-995
-996
-987
-995
-995
-994
-994
-996
-980
-996
-996
-980
-992
-996
-996
-996
-996
-994
-997
-996
-980
-980
-997
-994
-981
-990
-994
-997
-980
-973
-995
-991
-994
-994
-994
-994
-994
-996
-997
-959
-996
-987
-996
-994
-994
-996
-996
-996
-992
-985
-994
-995
-997
-996
-996
-996
-996
-996
-996
-996
-987
-996
-996
-993
-996
-995
-996
-994
-995
-996
-997
-997
-997
-994
-995
-988
-988
-987
-993
-994
-996
-995
-995
-994
-995
-994
-995
-996
-994
-994
-994
-994
-994
-995
-996
-994
-993
-997
-994
-992
-994
-996
-995
-991
-992
-994
-996
-995
-987
-994
-994
-995
-996
-995
-994
-985
-992
-994
-994
-994
-980
-994
-989
-996
-981
-996
-995
-995
-994
-994
-994
-994
-994
-994
-996
-995
-993
-993
-994
-984
-981
-996
-972
-992
-988
-982
-996
-994
-994
-976
-996
-996
-996
-996
-994
-981
-996
-996
-996
-989
-993
-994
-997
-996
-997
-987
-987
-996
-996
-994
-994
-987
-987
-959
-903
-987
-996
-996
-973
-996
-996
-994
-996
-994
-989
-994
-973
-993
-987
-987
-994
-973
-987
-992
-990
-995
-987
-959
-997
-997
-997
-987
-987
-993
-992
-987
-997
-997
-997
-987
-994
-991
-987
-994
-994
-996
-994
-987
-997
-997
-996
-992
-996
-987
