agent: texplore
env: asterix
model: M5 Tree
Environment is episodic.
set statesPerDim to 0 for all dim
feature 0 has range 30
feature 1 has range 30
feature 2 has range 30
reward range: 1001
Parallel ETUCT tracking real state values
Planner using history size: 0
Start model learning thread
start parallel uct planning search thread
Created MultClass 0 with nModels: 5
Created m5 decision tree 0 multivariate regression (all feats) MIN_SDR: 0.003
Created m5 decision tree 6 multivariate regression (all feats) MIN_SDR: 0.003
Created m5 decision tree 12 multivariate regression (all feats) MIN_SDR: 0.003
Created m5 decision tree 18 multivariate regression (all feats) MIN_SDR: 0.003
Created m5 decision tree 24 multivariate regression (all feats) MIN_SDR: 0.003
Created MultClass 3 with nModels: 5
Created m5 decision tree 3 multivariate regression (all feats) MIN_SDR: 0.1001
Created m5 decision tree 9 multivariate regression (all feats) MIN_SDR: 0.1001
Created m5 decision tree 15 multivariate regression (all feats) MIN_SDR: 0.1001
Created m5 decision tree 21 multivariate regression (all feats) MIN_SDR: 0.1001
Created m5 decision tree 27 multivariate regression (all feats) MIN_SDR: 0.1001
Created MultClass 4 with nModels: 5
Created m5 decision tree 4 multivariate regression (all feats) MIN_SDR: 0.0001
Created m5 decision tree 10 multivariate regression (all feats) MIN_SDR: 0.0001
Created m5 decision tree 16 multivariate regression (all feats) MIN_SDR: 0.0001
Created m5 decision tree 22 multivariate regression (all feats) MIN_SDR: 0.0001
Created m5 decision tree 28 multivariate regression (all feats) MIN_SDR: 0.0001
Created MultClass 1 with nModels: 5
Created m5 decision tree 1 multivariate regression (all feats) MIN_SDR: 0.003
Created m5 decision tree 7 multivariate regression (all feats) MIN_SDR: 0.003
Created m5 decision tree 13 multivariate regression (all feats) MIN_SDR: 0.003
Created m5 decision tree 19 multivariate regression (all feats) MIN_SDR: 0.003
Created m5 decision tree 25 multivariate regression (all feats) MIN_SDR: 0.003
Created MultClass 2 with nModels: 5
Created m5 decision tree 2 multivariate regression (all feats) MIN_SDR: 0.003
Created m5 decision tree 8 multivariate regression (all feats) MIN_SDR: 0.003
Created m5 decision tree 14 multivariate regression (all feats) MIN_SDR: 0.003
Created m5 decision tree 20 multivariate regression (all feats) MIN_SDR: 0.003
Created m5 decision tree 26 multivariate regression (all feats) MIN_SDR: 0.003
-995
-995
-993
-995
-995
-996
-995
-995
-994
-995
-977
-996
-996
-995
-995
-994
-996
-994
-994
-984
-995
-995
-994
-994
-990
-995
-992
-994
-994
-996
-990
-991
-994
-995
-994
-996
-996
-994
-995
-996
-995
-994
-995
-991
-995
-995
-995
-997
-985
-992
-995
-995
-983
-996
-995
-994
-994
-995
-994
-995
-995
-995
-994
-994
-996
-983
-994
-994
-995
-995
-994
-995
-996
-993
-982
-994
-994
-994
-994
-995
-992
-993
-994
-994
-995
-995
-995
-994
-973
-995
-991
-995
-993
-994
-984
-996
-992
-990
-992
-993
-992
-992
-993
-997
-997
-996
-996
-996
-996
-990
-995
-996
-978
-992
-992
-982
-994
-987
-980
-993
-992
-987
-987
-987
-992
-992
-992
-992
-980
-995
-980
-982
-978
-993
-995
-991
-987
-992
-993
-992
-992
-992
-992
-990
-990
-993
-992
-990
-992
-983
-991
-992
-992
-971
-990
-980
-993
-992
-973
-994
-973
-996
-994
-977
-976
-992
-973
-991
-991
-992
-993
-992
-992
-993
-992
-993
-994
-994
-993
-995
-982
-994
-993
-994
-993
-994
-993
-994
-995
-995
-993
-992
-991
-993
-991
-996
-960
-992
-992
-994
-994
-994
-994
-994
-995
-994
-995
-992
-994
-995
-981
-995
-981
-993
-993
-990
-967
-993
-979
-992
-981
-990
-981
-990
-978
-990
-993
-994
-995
-990
-993
-995
-992
-991
-995
-991
-992
-995
-992
-995
-992
-994
-992
-991
-992
-994
-994
-994
-994
-996
-994
-994
-994
-994
-994
-994
-994
-973
-981
-992
-994
-994
-994
-994
-994
-994
-994
-994
-991
-973
-995
-992
-994
-994
-995
-990
-995
-944
-990
-994
-994
-994
-994
-994
-994
-994
-973
-996
-982
-996
-973
-996
-982
-994
-994
-995
-996
-995
-996
-995
-996
-995
-996
-995
-988
-990
-995
-990
-995
-990
-995
-973
-995
-992
-995
-992
-984
-994
-994
-994
-995
-994
-994
-994
-994
-994
-995
-992
-994
-995
-990
-995
-968
-990
-995
-992
-995
-993
-993
-994
-995
-991
-995
-993
-991
-990
-990
-959
-995
-995
-995
-995
-995
-988
-906
-990
-992
-995
-992
-976
-850
-993
-990
-990
-991
-959
-991
-996
-996
-996
-996
-996
-996
-996
-995
-991
-994
-994
-994
-995
-995
-995
-996
-996
-996
-991
-993
-991
-994
-994
-994
-993
-991
-962
-994
-994
-994
-994
-994
-993
-992
-992
-995
-995
-995
-995
-995
-993
-991
-993
-991
-993
-991
-993
-991
-993
-991
-993
-990
-993
-992
-993
-992
-992
-992
-992
-992
-992
-993
-993
-992
-990
-992
-990
-992
-990
-990
-991
-892
-992
-991
-987
-962
-987
-987
-991
-991
-991
-987
-987
-993
-987
-976
-989
-990
-987
-987
-958
-987
-990
-990
-991
-991
-991
-990
-990
-990
-990
-990
-990
-990
-990
-990
-990
-993
-995
-995
-995
-995
-993
-993
-990
-993
-993
-993
-993
-993
-982
-995
-995
-995
-995
-995
-995
-981
-973
-973
-980
-990
-993
-990
-993
-990
-993
-960
-975
-992
-992
-993
-993
-993
-993
-993
-993
-993
-993
-990
-990
-990
-993
-993
-990
-995
-993
-995
-995
-993
-993
-991
-991
-991
-991
-992
-992
-992
-994
-994
-994
-992
-987
-987
-992
-992
-992
-992
-993
-987
-987
-987
-994
-994
-994
-988
-992
-992
-992
-992
-992
-992
-994
-994
-994
-994
-994
-994
-992
-994
-992
-987
-987
-992
-992
-992
-992
-987
-994
-994
-991
-990
-991
-991
-994
-994
-994
-994
-994
-994
-994
-994
-994
-994
-994
-994
-994
-994
-994
-994
-991
-994
-992
-992
-992
-992
-987
-987
-994
-994
-994
-994
-994
-994
-994
-994
-994
-994
-994
-994
-994
-994
-992
-992
-992
-993
-992
-987
-987
-987
-987
-987
-987
-987
-987
-945
-987
-988
-987
-987
-987
-987
-987
-987
-987
-987
-992
-992
-992
-992
-993
-993
-987
-990
-994
-995
-987
-995
-959
-903
-987
-841
-820
-987
-987
-987
-995
-974
-995
-987
-987
-987
-987
-987
-987
-991
-991
-974
-918
-991
-995
-965
-995
-987
-995
-987
-993
-991
-993
-959
-962
-819
-959
-991
-995
-991
-995
-937
-973
-932
-937
-980
-980
-990
-990
-991
-991
-946
-993
-993
-993
-993
-993
-993
-992
-992
-993
-993
-993
-993
-993
-993
-993
-993
-993
-993
-993
-993
-993
-993
-993
-991
-991
-945
-993
-988
-963
-978
-980
-945
-960
-988
-960
-988
-988
-918
-988
-988
-987
-988
-988
-959
-973
-989
-965
-965
-965
-993
-993
-993
-993
-987
-993
-987
-988
-988
-993
-988
-988
-988
-988
-989
-993
-965
-965
-993
-993
-993
-993
-993
-993
-993
-993
-993
-993
-993
-993
-993
-993
-993
-993
-965
-989
-993
-994
-994
-994
-994
-994
-994
-994
-959
-994
-994
-994
-988
-994
-994
-994
-988
-994
-974
-993
-974
-994
-994
-948
-976
-965
-916
-994
-909
201
-995
-995
-993
-993
-965
-993
-993
-993
-993
-993
-993
-965
-993
-987
-959
-937
-917
-995
-974
-995
-939
-903
-993
-892
-931
-920
-878
-827
-967
-967
-995
-994
-883
201
-994
-847
-959
-937
-819
-959
201
-819
-995
-995
-994
-994
-994
-994
-994
-994
-994
-994
-994
-994
-994
-994
-994
-994
-994
-994
-994
-994
-994
-994
-994
-994
-994
-994
-822
-994
-976
-994
-976
-976
-934
-878
-976
-948
-931
-931
-995
-994
-834
-994
-994
-994
-974
-994
-995
-973
-994
-994
-994
-994
-994
-994
-994
-994
-994
-994
-994
-994
-994
-994
-994
-994
-994
-994
-994
-994
-994
-994
-994
-994
-994
-994
201
-994
-994
-857
-995
-995
-994
-994
-994
-994
-994
-994
-994
-994
-994
-994
-994
-913
-995
-966
-883
-995
-995
-994
-994
-994
-966
-846
-994
-995
-932
-929
-994
-994
-994
-996
-994
-994
-994
-995
-994
-994
-994
-995
-990
-990
-991
-990
-981
-994
-994
-994
-992
-994
-992
-994
-995
-995
-995
-992
-994
-995
-995
-995
