agent: texplore
env: asterix
model: M5 Tree
Environment is episodic.
set statesPerDim to 0 for all dim
feature 0 has range 30
feature 1 has range 30
feature 2 has range 30
reward range: 1001
Parallel ETUCT tracking real state values
Planner using history size: 0
Start model learning thread
start parallel uct planning search thread
Created MultClass 0 with nModels: 5
Created m5 decision tree 0 multivariate regression (all feats) MIN_SDR: 0.003
Created m5 decision tree 6 multivariate regression (all feats) MIN_SDR: 0.003
Created m5 decision tree 12 multivariate regression (all feats) MIN_SDR: 0.003
Created m5 decision tree 18 multivariate regression (all feats) MIN_SDR: 0.003
Created m5 decision tree 24 multivariate regression (all feats) MIN_SDR: 0.003
Created MultClass 3 with nModels: 5
Created m5 decision tree 3 multivariate regression (all feats) MIN_SDR: 0.1001
Created m5 decision tree 9 multivariate regression (all feats) MIN_SDR: 0.1001
Created m5 decision tree 15 multivariate regression (all feats) MIN_SDR: 0.1001
Created m5 decision tree 21 multivariate regression (all feats) MIN_SDR: 0.1001
Created m5 decision tree 27 multivariate regression (all feats) MIN_SDR: 0.1001
Created MultClass 4 with nModels: 5
Created m5 decision tree 4 multivariate regression (all feats) MIN_SDR: 0.0001
Created m5 decision tree 10 multivariate regression (all feats) MIN_SDR: 0.0001
Created m5 decision tree 16 multivariate regression (all feats) MIN_SDR: 0.0001
Created m5 decision tree 22 multivariate regression (all feats) MIN_SDR: 0.0001
Created m5 decision tree 28 multivariate regression (all feats) MIN_SDR: 0.0001
Created MultClass 1 with nModels: 5
Created m5 decision tree 1 multivariate regression (all feats) MIN_SDR: 0.003
Created m5 decision tree 7 multivariate regression (all feats) MIN_SDR: 0.003
Created m5 decision tree 13 multivariate regression (all feats) MIN_SDR: 0.003
Created m5 decision tree 19 multivariate regression (all feats) MIN_SDR: 0.003
Created m5 decision tree 25 multivariate regression (all feats) MIN_SDR: 0.003
Created MultClass 2 with nModels: 5
Created m5 decision tree 2 multivariate regression (all feats) MIN_SDR: 0.003
Created m5 decision tree 8 multivariate regression (all feats) MIN_SDR: 0.003
Created m5 decision tree 14 multivariate regression (all feats) MIN_SDR: 0.003
Created m5 decision tree 20 multivariate regression (all feats) MIN_SDR: 0.003
Created m5 decision tree 26 multivariate regression (all feats) MIN_SDR: 0.003
-995
-994
-994
-994
-996
-992
-981
-996
-988
-994
-992
-994
-994
-993
-996
-994
-994
-990
-995
-995
-992
-995
-991
-995
-971
-996
-994
-993
-992
-983
-996
-995
-989
-993
-991
-980
-994
-995
-984
-991
-994
-993
-994
-996
-993
-985
-996
-993
-986
-983
-993
-994
-994
-993
-994
-996
-992
-992
-992
-994
-983
-994
-994
-996
-994
-993
-992
-994
-993
-963
-989
-993
-993
-996
-993
-990
-993
-992
-994
-993
-992
-996
-992
-995
-990
-995
-990
-995
-993
-994
-995
-992
-989
-994
-994
-994
-993
-990
-991
-988
-993
-991
-994
-991
-993
-991
-992
-996
-993
-996
-994
-994
-980
-994
-992
-992
-995
-993
-961
-996
-995
-992
-994
-993
-996
-990
-996
-995
-991
-992
-995
-989
-989
-995
-989
-993
-989
-994
-987
-993
-992
-987
-995
-992
-994
-993
-993
-993
-995
-993
-993
-992
-991
-992
-993
-993
-995
-984
-993
-991
-993
-993
-993
-988
-993
-993
-987
-989
-995
-992
-993
-992
-992
-994
-993
-992
-994
-992
-985
-993
-993
-989
-989
-994
-992
-989
-993
-993
-996
-989
-995
-989
-993
-993
-990
-993
-993
-993
-984
-995
-989
-997
-997
-996
-997
-996
-967
-995
-973
-995
-993
-993
-995
-991
-989
-987
-987
-987
-987
-979
-994
-995
-994
-994
-989
-988
-995
-994
-993
-993
-995
-995
-987
-991
-990
-996
-996
-996
-996
-996
-989
-994
-989
-991
-994
-994
-994
-981
-991
-996
-981
-994
-994
-996
-994
-994
-993
-993
-987
-987
-993
-993
-993
-993
-994
-993
-995
-993
-996
-993
-996
-995
-993
-996
-995
-995
-987
-996
-992
-987
-995
-993
-993
-993
-994
-980
-993
-987
-994
-987
-987
-991
-991
-996
-996
-996
-991
-995
-991
-994
-987
-994
-993
-996
-994
-995
-992
-993
-993
-994
-995
-993
-993
-993
-987
-995
-988
-992
-988
-995
-994
-995
-995
-994
-995
-993
-995
-993
-995
-994
-988
-994
-995
-993
-995
-987
-988
-987
-987
-987
-987
-993
-995
-991
-993
-994
-993
-996
-996
-987
-988
-979
-988
-988
-988
-988
-988
-988
-988
-988
-960
-987
-988
-987
-993
-993
-987
-991
-975
-980
-989
-991
-991
-994
-991
-991
-993
-991
-987
-995
-987
-993
-994
-991
-987
-987
-987
-987
-988
-987
-990
-960
-987
-993
-988
-988
-988
-988
-988
-988
-987
-993
-993
-993
-990
-990
-987
-993
-990
-990
-990
-990
-990
-990
-990
-990
-990
-990
-990
-990
-992
-992
-990
-991
-991
-991
-991
-987
-991
-987
-992
-987
-987
-989
-989
-987
-987
-989
-987
-987
-987
-987
-987
-987
-987
-987
-987
-996
-987
-987
-987
-987
-987
-991
-987
-987
-987
-959
-989
-990
-989
-989
-994
-989
-989
-992
-992
-992
-989
-992
-989
-989
-990
-989
-989
-989
-987
-994
-987
-987
-987
-987
-987
-987
-987
-987
-987
-987
-990
-987
-987
-987
-987
-987
-989
-989
-989
-989
-989
-987
-987
-987
-987
-987
-987
-987
-987
-992
-992
-992
-987
-989
-989
-987
-989
-989
-989
-989
-989
-989
-992
-989
-989
-987
-987
-989
-989
-990
-992
-987
-987
-992
-992
-992
-995
-991
-987
-987
-987
-987
-992
-995
-992
-990
-987
-991
-994
-992
-987
-991
-992
-991
-991
-988
-991
-990
-991
-996
-992
-978
-995
-996
-991
-988
-989
-991
-989
-987
-987
-987
-987
-987
-987
-987
-991
-991
-991
-992
-991
-990
-975
-992
-991
-991
-985
-984
-990
-992
-982
-991
-982
-991
-990
-991
-992
-992
-992
-985
-992
-992
-973
-991
-991
-992
-986
-991
-992
-991
-991
-991
-992
-991
-996
-992
-991
-996
-991
-995
-987
-987
-987
-987
-987
-991
-991
-995
-987
-987
-987
-987
-987
-990
-990
-990
-990
-990
-990
-996
-990
-996
-990
-996
-990
-991
-990
-996
-990
-996
-990
-996
-990
-990
-990
-991
-991
-991
-990
-990
-990
-990
-990
-992
-990
-990
-990
-990
-991
-991
-990
-995
-990
-990
-995
-990
-991
-990
-983
-990
-996
-990
-990
-996
-990
-990
-990
-990
-990
-990
-990
-990
-990
-990
-990
-990
-990
-990
-990
-990
-990
-990
-990
-990
-990
-987
-987
-990
-990
-990
-990
-990
-990
-990
-987
-987
-987
-987
-987
-987
-987
-987
-990
-990
-990
-990
-990
-990
-990
-990
-990
-990
-990
-990
-990
-990
-990
-990
-990
-990
-990
-990
-990
-990
-990
-990
-990
-990
-990
-990
-990
-990
-990
-987
-987
-987
-987
-987
-987
-990
-987
-987
-987
-987
-987
-987
-987
-990
-990
-987
-987
-987
-987
-987
-987
-987
-987
-987
-987
-987
-987
-987
-987
-987
-987
-989
-989
-987
-987
-987
-987
-987
-987
-987
-989
-989
-989
-989
-989
-989
-989
-989
-989
-989
-989
-989
-989
-989
-989
-989
-989
-989
-989
-992
-989
-992
-989
-989
-989
-989
-989
-989
-989
-989
-989
-989
-989
-989
-989
-989
-989
-989
-989
-989
-989
-989
-989
-987
-987
-987
-987
-987
-987
-987
-987
-989
-987
-991
-989
-989
-989
-989
-989
-989
-989
-989
-989
-989
-989
-989
-989
-987
-987
-987
-987
-987
-987
-987
-989
-989
-987
-989
-989
-989
-989
-989
-989
-989
-989
-989
-989
-989
-989
-987
-987
-987
-987
-989
-989
-989
-989
-987
-991
-994
-994
-994
-987
-987
-987
-991
-991
-987
-987
-994
-994
-994
-994
-987
-987
-987
-987
-987
-989
-989
-994
-989
-989
-989
-989
-994
-994
-994
-994
-994
-994
-994
-994
-994
-994
-994
-989
-989
-989
-994
-994
-994
-994
-989
-989
-989
-989
-989
-989
-989
-989
-989
-989
-989
-989
-989
-989
-989
-989
-989
-989
-989
-989
-989
-989
-989
-989
-989
-989
-989
-989
-989
-989
-989
-989
-989
-989
-989
-989
-989
-989
-989
-989
-989
-987
-987
-989
-989
-989
-989
-989
-994
-994
-989
-994
-989
-989
-989
-989
-989
-989
-989
-989
-989
-989
-989
-989
-989
