agent: texplore
env: asterix
model: M5 Tree
Environment is episodic.
set statesPerDim to 0 for all dim
feature 0 has range 30
feature 1 has range 30
feature 2 has range 30
reward range: 1001
Parallel ETUCT tracking real state values
Planner using history size: 0
Start model learning thread
start parallel uct planning search thread
Created MultClass 0 with nModels: 5
Created m5 decision tree 0 multivariate regression (all feats) MIN_SDR: 0.003
Created m5 decision tree 6 multivariate regression (all feats) MIN_SDR: 0.003
Created m5 decision tree 12 multivariate regression (all feats) MIN_SDR: 0.003
Created m5 decision tree 18 multivariate regression (all feats) MIN_SDR: 0.003
Created m5 decision tree 24 multivariate regression (all feats) MIN_SDR: 0.003
Created MultClass 3 with nModels: 5
Created m5 decision tree 3 multivariate regression (all feats) MIN_SDR: 0.1001
Created m5 decision tree 9 multivariate regression (all feats) MIN_SDR: 0.1001
Created m5 decision tree 15 multivariate regression (all feats) MIN_SDR: 0.1001
Created m5 decision tree 21 multivariate regression (all feats) MIN_SDR: 0.1001
Created m5 decision tree 27 multivariate regression (all feats) MIN_SDR: 0.1001
Created MultClass 4 with nModels: 5
Created m5 decision tree 4 multivariate regression (all feats) MIN_SDR: 0.0001
Created m5 decision tree 10 multivariate regression (all feats) MIN_SDR: 0.0001
Created m5 decision tree 16 multivariate regression (all feats) MIN_SDR: 0.0001
Created m5 decision tree 22 multivariate regression (all feats) MIN_SDR: 0.0001
Created m5 decision tree 28 multivariate regression (all feats) MIN_SDR: 0.0001
Created MultClass 1 with nModels: 5
Created m5 decision tree 1 multivariate regression (all feats) MIN_SDR: 0.003
Created m5 decision tree 7 multivariate regression (all feats) MIN_SDR: 0.003
Created m5 decision tree 13 multivariate regression (all feats) MIN_SDR: 0.003
Created m5 decision tree 19 multivariate regression (all feats) MIN_SDR: 0.003
Created m5 decision tree 25 multivariate regression (all feats) MIN_SDR: 0.003
Created MultClass 2 with nModels: 5
Created m5 decision tree 2 multivariate regression (all feats) MIN_SDR: 0.003
Created m5 decision tree 8 multivariate regression (all feats) MIN_SDR: 0.003
Created m5 decision tree 14 multivariate regression (all feats) MIN_SDR: 0.003
Created m5 decision tree 20 multivariate regression (all feats) MIN_SDR: 0.003
Created m5 decision tree 26 multivariate regression (all feats) MIN_SDR: 0.003
-994
-993
-995
-995
-992
-989
-997
-994
-994
-991
-994
-993
-994
-996
-995
-981
-995
-994
-994
-995
-991
-995
-993
-994
-993
-994
-993
-994
-994
-994
-994
-994
-994
-993
-993
-995
-995
-990
-993
-987
-997
-995
-995
-995
-996
-996
-994
-992
-992
-991
-993
-993
-997
-997
-994
-994
-994
-994
-992
-997
-994
-995
-995
-990
-995
-994
-994
-994
-994
-995
-994
-991
-997
-987
-991
-993
-997
-997
-991
-992
-993
-993
-992
-992
-992
-992
-994
-997
-993
-995
-995
-995
-995
-995
-995
-994
-993
-995
-996
-994
-994
-993
-987
-993
-987
-991
-991
-994
-992
-994
-994
-993
-992
-987
-990
-990
-987
-987
-995
-987
-987
-973
-945
-997
-995
-994
-994
-994
-994
-994
-992
-975
-994
-994
-986
-986
-985
-994
-994
-992
-995
-995
-984
-995
-995
-995
-995
-995
-985
-994
-994
-994
-994
-994
-994
-994
-994
-994
-994
-995
-989
-994
-995
-972
-994
-994
-994
-995
-989
-994
-994
-994
-994
-994
-994
-994
-994
-968
-996
-996
-996
-996
-996
-996
-996
-996
-996
-996
-996
-996
-996
-996
-996
-996
-996
-996
-995
-995
-996
-996
-996
-996
-996
-996
-996
-996
-996
-996
-995
-995
-995
-995
-994
-997
-997
-992
-994
-997
-997
-997
-997
-997
-994
-993
-994
-997
-995
-990
-993
-992
-994
-997
-997
-997
-997
-997
-997
-997
-997
-997
-994
-992
-993
-994
-997
-992
-993
-992
-995
-995
-994
-993
-992
-995
-993
-992
-992
-992
-993
-994
-997
-992
-994
-997
-992
-994
-997
-992
-994
-997
-992
-994
-997
-992
-994
-997
-992
-994
-997
-992
-994
-997
-992
-994
-997
-992
-994
-997
-992
-994
-997
-992
-994
-997
-992
-994
-997
-992
-994
-992
-993
-992
-993
-992
-993
-992
-993
-992
-993
-992
-993
-992
-993
-992
-993
-992
-993
-992
-993
-992
-993
-992
-993
-992
-993
-992
-993
-992
-993
-995
-993
-995
-993
-992
-993
-992
-993
-992
-993
-992
-993
-992
-993
-992
-993
-992
-993
-992
-993
-992
-993
-992
-994
-997
-992
-994
-997
-992
-993
-992
-993
-992
-993
-992
-993
-992
-993
-992
-993
-992
-993
-992
-993
-992
-994
-992
-993
-992
-993
-992
-993
-992
-993
-992
-993
-992
-993
-992
-993
-992
-993
-992
-993
-992
-994
-992
-995
-995
-995
-994
-992
-995
-994
-992
-994
-992
-995
-995
-995
-995
-995
-995
-995
-995
-994
-997
-993
-994
-997
-997
-997
-992
-995
-995
-995
-995
-994
-992
-995
-995
-994
-997
-997
-997
-997
-997
-997
-992
-994
-992
-995
-995
-995
-995
-995
-995
-994
-992
-995
-995
-995
-992
-992
-992
-992
-992
-992
-992
-992
-992
-992
-992
-992
-995
-997
-991
-992
-993
-992
-993
-992
-993
-992
-993
-992
-993
-992
-994
-995
-992
-994
-995
-992
-994
-995
-992
-995
-992
-995
-992
-995
-992
-994
-995
-992
-994
-995
-997
-992
-994
-995
-992
-995
-992
-994
-995
-992
-994
-995
-992
-994
-995
-992
-994
-995
-992
-994
-995
-997
-992
-994
-995
-992
-994
-992
-995
-997
-997
-997
-997
-997
-997
-997
-997
-997
-997
-997
-992
-994
-995
-992
-994
-995
-992
-994
-995
-992
-994
-995
-992
-994
-995
-992
-994
-995
-992
-994
-995
-991
-994
-995
-992
-994
-995
-991
-992
-992
-994
-995
-991
-994
-995
-980
-992
-992
-992
-994
-995
-991
-992
-994
-995
-984
-983
-979
-980
-994
-995
-984
-980
-994
-995
-980
-994
-995
-980
-994
-995
-980
-992
-992
-992
-994
-995
-979
-966
-995
-980
-994
-995
-980
-994
-995
-981
-993
-992
-992
-992
-992
-992
-992
-992
-992
-992
-992
-992
-992
-992
-992
-992
-993
-992
-994
-991
-993
-995
-997
-991
-995
-991
-992
-992
-992
-992
-995
-991
-992
-992
-992
-995
-997
-997
-997
-997
-997
-997
-997
-997
-997
-997
-997
-997
-997
-991
-992
-992
-994
-992
-993
-992
-993
-995
-995
-995
-995
-995
-995
-995
-995
-995
-995
-995
-992
-996
-996
-994
-992
-996
-994
-992
-996
-994
-995
-995
-995
-995
-995
-995
-995
-995
-995
-995
-992
-994
-992
-993
-992
-993
-995
-995
-995
-995
-995
-995
-995
-995
-995
-995
-995
-995
-995
-995
-995
-995
-995
-995
-995
-995
-995
-995
-995
-995
-995
-995
-995
-995
-995
-995
-995
-995
-995
-995
-995
-995
-995
-995
-995
-995
-995
-995
-995
-995
-995
-995
-995
-995
-995
-995
-995
-995
-995
-995
-995
-995
-995
-995
-995
-995
-995
-995
-995
-995
-995
-995
-995
-995
-995
-995
-995
-994
-996
-990
-996
-994
-995
-995
-995
-995
-995
-995
-995
-995
-995
-995
-994
-994
-994
-994
-994
-994
-996
-993
-994
-996
-990
-994
-994
-994
-994
-994
-995
-995
-995
-994
-994
-994
-994
-994
-994
-995
-995
-994
-994
-994
-995
-995
-995
-995
-995
-995
-994
-994
-994
-994
-994
-994
-994
-994
-994
-994
-994
-994
-994
-994
-994
-994
-994
-994
-994
-994
-994
-994
-994
-994
-994
-994
-994
-994
-994
-994
-994
-994
-994
-994
-994
-994
-994
-994
-994
-994
-994
-994
-994
-994
-994
-994
-994
-994
-994
-994
-994
-994
-994
-994
-994
-996
-996
-996
-996
-996
-996
-996
-996
-996
-996
-996
-996
-996
-996
-990
-994
-994
-994
-994
-993
-995
-995
-995
-995
-995
-995
-995
-995
-995
-995
-995
-995
-995
-995
-995
-995
-995
-995
-995
-995
-995
-995
-995
-995
-995
-995
-995
-995
-995
-995
-995
-995
-995
-995
-995
-995
-995
-995
-995
-995
-995
-995
-995
-995
-995
-995
-995
-995
-995
-995
-995
-995
-995
-995
-995
-995
-995
-995
-995
-995
-995
-995
-995
-995
-995
-995
-995
-995
-995
-995
-995
-995
-995
-995
-995
-995
-995
-995
-995
-995
-995
-995
-995
-995
-995
-995
-995
-995
-995
-995
-995
-995
-995
-995
-995
