agent: texplore
env: asterix
model: M5 Tree
Environment is episodic.
set statesPerDim to 0 for all dim
feature 0 has range 30
feature 1 has range 30
feature 2 has range 30
reward range: 1001
Parallel ETUCT tracking real state values
Planner using history size: 0
Start model learning thread
start parallel uct planning search thread
Created MultClass 0 with nModels: 5
Created m5 decision tree 0 multivariate regression (all feats) MIN_SDR: 0.003
Created m5 decision tree 6 multivariate regression (all feats) MIN_SDR: 0.003
Created m5 decision tree 12 multivariate regression (all feats) MIN_SDR: 0.003
Created m5 decision tree 18 multivariate regression (all feats) MIN_SDR: 0.003
Created m5 decision tree 24 multivariate regression (all feats) MIN_SDR: 0.003
Created MultClass 3 with nModels: 5
Created m5 decision tree 3 multivariate regression (all feats) MIN_SDR: 0.1001
Created m5 decision tree 9 multivariate regression (all feats) MIN_SDR: 0.1001
Created m5 decision tree 15 multivariate regression (all feats) MIN_SDR: 0.1001
Created m5 decision tree 21 multivariate regression (all feats) MIN_SDR: 0.1001
Created m5 decision tree 27 multivariate regression (all feats) MIN_SDR: 0.1001
Created MultClass 4 with nModels: 5
Created m5 decision tree 4 multivariate regression (all feats) MIN_SDR: 0.0001
Created m5 decision tree 10 multivariate regression (all feats) MIN_SDR: 0.0001
Created m5 decision tree 16 multivariate regression (all feats) MIN_SDR: 0.0001
Created m5 decision tree 22 multivariate regression (all feats) MIN_SDR: 0.0001
Created m5 decision tree 28 multivariate regression (all feats) MIN_SDR: 0.0001
Created MultClass 1 with nModels: 5
Created m5 decision tree 1 multivariate regression (all feats) MIN_SDR: 0.003
Created m5 decision tree 7 multivariate regression (all feats) MIN_SDR: 0.003
Created m5 decision tree 13 multivariate regression (all feats) MIN_SDR: 0.003
Created m5 decision tree 19 multivariate regression (all feats) MIN_SDR: 0.003
Created m5 decision tree 25 multivariate regression (all feats) MIN_SDR: 0.003
Created MultClass 2 with nModels: 5
Created m5 decision tree 2 multivariate regression (all feats) MIN_SDR: 0.003
Created m5 decision tree 8 multivariate regression (all feats) MIN_SDR: 0.003
Created m5 decision tree 14 multivariate regression (all feats) MIN_SDR: 0.003
Created m5 decision tree 20 multivariate regression (all feats) MIN_SDR: 0.003
Created m5 decision tree 26 multivariate regression (all feats) MIN_SDR: 0.003
-983
-993
-994
-994
-995
-995
-992
-994
-994
-994
-995
-994
-987
-992
-994
-994
-996
-994
-989
-994
-979
-994
-993
-995
-991
-994
-994
-995
-995
-996
-993
-995
-993
-995
-994
-996
-970
-995
-974
-993
-991
-994
-995
-994
-995
-991
-994
-994
-993
-995
-995
-983
-992
-980
-980
-994
-996
-991
-994
-991
-996
-995
-990
-980
-990
-991
-980
-994
-980
-991
-991
-994
-981
-983
-983
-991
-983
-996
-996
-996
-976
-996
-996
-996
-994
-994
-996
-994
-980
-994
-989
-991
-995
-995
-995
-995
-996
-995
-980
-995
-989
-980
-995
-989
-989
-980
-980
-980
-994
-994
-995
-995
-995
-991
-996
-995
-995
-995
-991
-994
-994
-994
-995
-995
-995
-991
-982
-990
-996
-996
-991
-991
-995
-991
-991
-991
-991
-991
-990
-990
-996
-996
-983
-982
-996
-996
-996
-996
-996
-996
-996
-996
-996
-996
-996
-995
-996
-996
-996
-995
-996
-996
-996
-996
-996
-996
-997
-996
-996
-996
-996
-996
-996
-996
-995
-995
-995
-996
-996
-996
-996
-996
-996
-996
-996
-996
-996
-996
-995
-996
-996
-996
-996
-995
-995
-995
-995
-995
-996
-996
-996
-996
-996
-996
-996
-996
-997
-997
-997
-997
-997
-997
-997
-997
-997
-997
-997
-997
-997
-997
-996
-997
-997
-997
-997
-997
-997
-997
-997
-995
-997
-997
-996
-997
-997
-995
-996
-996
-997
-997
-997
-997
-997
-997
-997
-996
-997
-997
-997
-995
-996
-996
-996
-996
-996
-996
-996
-996
-996
-996
-996
-996
-996
-996
-996
-996
-996
-996
-996
-995
-995
-996
-996
-996
-996
-996
-996
-996
-996
-996
-996
-996
-995
-996
-996
-996
-996
-997
-996
-996
-997
-995
-996
-996
-996
-996
-996
-990
-995
-990
-990
-995
-989
-991
-991
-991
-992
-995
-990
-995
-990
-995
-990
-992
-995
-970
-991
-992
-995
-973
-991
-991
-991
-991
-991
-990
-991
-992
-980
-995
-996
-996
-995
-990
-995
-996
-996
-996
-990
-996
-996
-980
-990
-996
-990
-991
-981
-995
-995
-995
-996
-996
-995
-995
-995
-996
-996
-996
-996
-996
-996
-996
-990
-991
-983
-995
-996
-996
-996
-996
-996
-996
-996
-996
-996
-996
-996
-996
-973
-996
-996
-996
-996
-996
-990
-995
-984
-975
-995
-973
-992
-996
-996
-996
-996
-996
-996
-996
-996
-996
-996
-990
-992
-991
-984
-995
-996
-996
-996
-996
-996
-996
-990
-992
-991
-995
-996
-996
-996
-996
-996
-996
-996
-996
-996
-996
-996
-996
-996
-996
-996
-996
-990
-992
-996
-996
-996
-996
-996
-996
-996
-996
-989
-995
-996
-996
-996
-996
-996
-996
-996
-996
-996
-996
-996
-996
-996
-996
-996
-996
-996
-996
-996
-996
-996
-996
-996
-996
-996
-996
-996
-996
-996
-996
-996
-996
-996
-996
-996
-996
-996
-996
-996
-996
-996
-996
-996
-996
-996
-996
-996
-996
-996
-996
-996
-996
-996
-996
-995
-996
-996
-996
-996
-996
-996
-996
-996
-996
-996
-996
-995
-995
-996
-996
-996
-996
-996
-996
-996
-996
-996
-996
-996
-996
-996
-996
-996
-996
-996
-996
-996
-996
-996
-996
-996
-996
-996
-996
-996
-996
-996
-996
-996
-996
-996
-996
-996
-996
-996
-996
-996
-996
-996
-996
-996
-996
-996
-996
-996
-996
-996
-996
-996
-996
-996
-996
-996
-996
-996
-996
-996
-996
-990
-991
-991
-992
-992
-992
-992
-992
-992
-992
-992
-995
-995
-996
-995
-995
-995
-995
-996
-994
-994
-994
-995
-989
-991
-995
-991
-976
-994
-994
-994
-994
-994
-995
-995
-996
-995
-995
-995
-996
-995
-996
-995
-995
-995
-995
-995
-995
-995
-996
-994
-994
-994
-994
-993
-982
-993
-995
-995
-995
-995
-995
-995
-995
-995
-995
-995
-995
-995
-995
-995
-995
-995
-995
-995
-995
-995
-995
-995
-995
-995
-995
-995
-995
-995
-995
-995
-995
-995
-995
-995
-995
-995
-995
-995
-995
-995
-995
-995
-995
-995
-995
-995
-995
-995
-995
-995
-995
-995
-995
-995
-992
-994
-994
-994
-994
-992
-992
-995
-995
-995
-995
-995
-995
-995
-995
-995
-995
-995
-992
-994
-994
-994
-994
-994
-994
-994
-994
-994
-994
-994
-994
-994
-994
-994
-994
-994
-994
-994
-994
-993
-992
-995
-995
-995
-992
-994
-994
-993
-995
-995
-995
-995
-995
-995
-995
-995
-995
-995
-995
-995
-995
-995
-995
-995
-995
-995
-995
-995
-995
-995
-995
-995
-995
-995
-995
-995
-995
-995
-995
-995
-995
-995
-995
-995
-995
-995
-995
-995
-995
-995
-995
-995
-995
-995
-995
-995
-995
-995
-995
-995
-995
-995
-995
-995
-995
-995
-995
-995
-995
-995
-995
-995
-995
-995
-995
-995
-995
-995
-995
-995
-995
-995
-995
-995
-995
-995
-995
-995
-995
-995
-995
-995
-995
-995
-995
-995
-995
-995
-995
-995
-995
-995
-995
-995
-995
-995
-995
-995
-995
-995
-995
-995
-995
-995
-995
-995
-995
-995
-995
-995
-995
-995
-995
-995
-995
-995
-995
-995
-995
-995
-995
-995
-995
-995
-995
-995
-995
-995
-995
-995
-995
-995
-995
-995
-995
-995
-995
-995
-995
-995
-995
-995
-995
-995
-995
-995
-995
-995
-995
-995
-995
-995
-995
-995
-995
-995
-995
-995
-995
-995
-995
-995
-995
-995
-995
-995
-995
-995
-995
-995
-995
-995
-995
-995
-995
-995
-995
-995
-995
-995
-995
-995
-995
-995
-995
-995
-995
-995
-995
-995
-995
-995
-995
-995
-995
-995
-995
-995
-995
-995
-995
-995
-995
-995
-995
-995
-995
-995
-995
-995
-995
-995
-995
-995
-995
-995
-995
-995
-995
-995
-995
-995
-995
-995
-995
-995
-995
-995
-995
-995
-995
-995
-995
-995
-995
-995
-995
-995
-995
-995
-995
-995
-995
-995
-995
-995
-995
-995
-995
-995
-995
-995
-995
-995
-995
-995
-995
-995
-995
-995
-995
-995
-995
-995
-995
-995
-995
