agent: texplore
env: asterix
model: M5 Tree
Environment is episodic.
set statesPerDim to 0 for all dim
feature 0 has range 30
feature 1 has range 30
feature 2 has range 30
reward range: 1001
Parallel ETUCT tracking real state values
Planner using history size: 0
start parallel uct planning search thread
Start model learning thread
Created MultClass 0 with nModels: 5
Created m5 decision tree 0 multivariate regression (all feats) MIN_SDR: 0.003
Created m5 decision tree 6 multivariate regression (all feats) MIN_SDR: 0.003
Created m5 decision tree 12 multivariate regression (all feats) MIN_SDR: 0.003
Created m5 decision tree 18 multivariate regression (all feats) MIN_SDR: 0.003
Created m5 decision tree 24 multivariate regression (all feats) MIN_SDR: 0.003
Created MultClass 3 with nModels: 5
Created m5 decision tree 3 multivariate regression (all feats) MIN_SDR: 0.1001
Created m5 decision tree 9 multivariate regression (all feats) MIN_SDR: 0.1001
Created m5 decision tree 15 multivariate regression (all feats) MIN_SDR: 0.1001
Created m5 decision tree 21 multivariate regression (all feats) MIN_SDR: 0.1001
Created m5 decision tree 27 multivariate regression (all feats) MIN_SDR: 0.1001
Created MultClass 4 with nModels: 5
Created m5 decision tree 4 multivariate regression (all feats) MIN_SDR: 0.0001
Created m5 decision tree 10 multivariate regression (all feats) MIN_SDR: 0.0001
Created m5 decision tree 16 multivariate regression (all feats) MIN_SDR: 0.0001
Created m5 decision tree 22 multivariate regression (all feats) MIN_SDR: 0.0001
Created m5 decision tree 28 multivariate regression (all feats) MIN_SDR: 0.0001
Created MultClass 1 with nModels: 5
Created m5 decision tree 1 multivariate regression (all feats) MIN_SDR: 0.003
Created m5 decision tree 7 multivariate regression (all feats) MIN_SDR: 0.003
Created m5 decision tree 13 multivariate regression (all feats) MIN_SDR: 0.003
Created m5 decision tree 19 multivariate regression (all feats) MIN_SDR: 0.003
Created m5 decision tree 25 multivariate regression (all feats) MIN_SDR: 0.003
Created MultClass 2 with nModels: 5
Created m5 decision tree 2 multivariate regression (all feats) MIN_SDR: 0.003
Created m5 decision tree 8 multivariate regression (all feats) MIN_SDR: 0.003
Created m5 decision tree 14 multivariate regression (all feats) MIN_SDR: 0.003
Created m5 decision tree 20 multivariate regression (all feats) MIN_SDR: 0.003
Created m5 decision tree 26 multivariate regression (all feats) MIN_SDR: 0.003
-991
-994
-991
-994
-994
-994
-993
-992
-995
-994
-992
-989
-985
-991
-983
-984
-986
-989
-987
-988
-985
-974
-984
-989
-990
-993
-984
-988
-992
-987
-988
-997
-988
-989
-993
-993
-993
-993
-993
-987
-983
-989
-976
-995
-995
-991
-988
-994
-988
-989
-988
-995
-990
-995
-994
-994
-987
-987
-989
-993
-993
-982
-993
-982
-996
-994
-994
-994
-995
-995
-995
-995
-994
-995
-995
-995
-995
-995
-995
-995
-995
-995
-995
-995
-995
-995
-995
-995
-995
-995
-995
-995
-995
-995
-995
-995
-995
-995
-995
-993
-995
-995
-995
-995
-995
-995
-995
-995
-995
-993
-995
-995
-995
-994
-994
-995
-995
-995
-994
-994
-995
-994
-995
-995
-995
-995
-995
-995
-995
-995
-995
-995
-995
-995
-995
-995
-995
-994
-995
-994
-994
-994
-995
-995
-994
-994
-994
-994
-994
-994
-995
-994
-994
-994
-994
-997
-994
-995
-994
-995
-995
-995
-994
-997
-994
-994
-994
-980
-995
-992
-994
-994
-994
-993
-995
-990
-990
-995
-995
-995
-995
-995
-995
-993
-994
-992
-996
-994
-995
-996
-994
-994
-995
-992
-994
-994
-994
-994
-995
-994
-992
-993
-980
-995
-992
-993
-995
-995
-994
-995
-994
-994
-994
-996
-996
-996
-996
-996
-996
-996
-996
-996
-996
-995
-996
-996
-995
-995
-995
-994
-979
-979
-994
-995
-995
-996
-995
-996
-996
-996
-996
-996
-996
-994
-994
-994
-994
-986
-993
-995
-995
-995
-980
-995
-987
-995
-993
-990
-993
-994
-993
-992
-994
-993
-994
-994
-984
-992
-993
-995
-995
-995
-993
-994
-994
-994
-995
-994
-994
-994
-994
-993
-989
-994
-993
-995
-983
-993
-994
-994
-993
-994
-994
-994
-994
-996
-996
-996
-996
-996
-995
-993
-994
-994
-994
-994
-993
-993
-994
-996
-994
-992
-994
-994
-994
-994
-996
-996
-996
-996
-996
-996
-996
-996
-996
-996
-996
-996
-996
-996
-996
-996
-996
-996
-996
-996
-996
-996
-996
-996
-996
-996
-996
-996
-996
-996
-996
-995
-995
-985
-994
-996
-996
-996
-996
-996
-996
-996
-996
-996
-996
-996
-996
-996
-996
-996
-995
-996
-996
-996
-996
-996
-996
-996
-996
-996
-996
-996
-996
-996
-996
-996
-996
-996
-996
-996
-996
-996
-996
-996
-996
-996
-996
-996
-996
-996
-996
-996
-996
-996
-996
-996
-996
-996
-994
-994
-994
-994
-994
-994
-994
-994
-994
-994
-994
-994
-995
-995
-995
-994
-994
-994
-994
-994
-994
-994
-994
-994
-994
-994
-996
-994
-994
-996
-996
-996
-996
-996
-996
-996
-996
-996
-996
-996
-996
-996
-996
-996
-996
-996
-996
-996
-996
-996
-996
-996
-996
-996
-996
-996
-996
-996
-996
-996
-996
-996
-996
-996
-996
-996
-996
-996
-996
-996
-996
-996
-996
-996
-996
-996
-996
-996
-996
-996
-996
-996
-996
-996
-996
-996
-996
-996
-996
-996
-996
-996
-996
-996
-996
-996
-996
-996
-996
-996
-996
-996
-996
-996
-996
-996
-996
-996
-996
-996
-996
-996
-996
-996
-996
-996
-996
-996
-996
-996
-996
-996
-996
-996
-996
-996
-996
-996
-996
-996
-996
-996
-996
-996
-996
-996
-996
-996
-996
-996
-996
-996
-996
-996
-996
-996
-996
-996
-996
-996
-996
-996
-996
-996
-996
-996
-996
-996
-996
-996
-996
-996
-996
-996
-996
-996
-996
-996
-996
-996
-996
-996
-996
-996
-996
-996
-996
-996
-996
-996
-996
-996
-996
-996
-996
-996
-996
-996
-996
-996
-996
-996
-996
-996
-996
-996
-996
-996
-996
-996
-996
-996
-996
-996
-996
-996
-996
-996
-996
-996
-996
-996
-996
-994
-994
-993
-993
-993
-994
-994
-994
-995
-995
-995
-995
-995
-995
-995
-995
-995
-995
-995
-995
-995
-995
-996
-996
-996
-996
-996
-996
-996
-996
-996
-996
-996
-996
-996
-996
-996
-996
-996
-996
-996
-996
-996
-996
-996
-996
-996
-996
-996
-996
-996
-996
-996
-996
-996
-996
-996
-996
-996
-996
-996
-996
-996
-996
-996
-996
-996
-996
-996
-996
-996
-996
-996
-996
-996
-996
-996
-996
-996
-996
-996
-996
-996
-996
-996
-996
-996
-996
-996
-996
-996
-996
-996
-996
-996
-996
-996
-996
-996
-996
-996
-996
-996
-996
-996
-996
-996
-996
-996
-996
-996
-996
-996
-996
-996
-996
-996
-996
-996
-996
-996
-996
-996
-996
-996
-996
-996
-996
-996
-996
-996
-996
-996
-996
-996
-996
-996
-996
-996
-996
-996
-996
-996
-996
-996
-996
-996
-996
-996
-996
-996
-996
-996
-996
-996
-996
-996
-996
-996
-996
-996
-996
-996
-995
-995
-996
-996
-995
-995
-995
-995
-995
-995
-994
-994
-994
-995
-994
-994
-995
-995
-995
-995
-995
-995
-995
-995
-994
-994
-994
-994
-994
-994
-994
-994
-994
-994
-993
-993
-993
-995
-993
-992
-989
-975
-993
-959
-985
-988
-986
-996
-992
-989
-993
-993
-993
-993
-993
-993
-993
-993
-993
-993
-993
-993
-993
-993
-993
-994
-994
-994
-994
-996
-996
-996
-996
-996
-996
-996
-996
-996
-996
-996
-996
-996
-996
-996
-996
-996
-996
-996
-996
-996
-996
-996
-996
-996
-996
-996
-996
-996
-996
-996
-996
-996
-996
-996
-996
-996
-993
-996
-995
-995
-996
-996
-996
-996
-996
-996
-996
-996
-995
-996
-995
-995
-996
-996
-996
-994
-994
-994
-994
-994
-996
-996
-996
-996
-996
-996
-996
-996
-996
-996
-996
-996
-996
-996
-996
-996
-996
-996
-996
-996
-996
-996
-996
-996
-996
-996
-996
-996
-996
-996
-996
-996
-996
-996
-996
-996
-996
-996
-996
-996
-996
-996
-996
-996
-996
-996
-996
-996
-996
-996
-996
-996
-996
-996
-996
-996
-996
-996
-996
-996
-996
-996
-996
-996
-996
-996
-996
-996
-996
-996
-996
-996
-996
-996
-996
-996
-996
-996
-996
-996
-996
-996
-996
-996
-996
-996
-996
-996
-996
-996
