agent: texplore
env: asterix
model: M5 Tree
Environment is episodic.
set statesPerDim to 0 for all dim
feature 0 has range 30
feature 1 has range 30
feature 2 has range 30
reward range: 1001
Parallel ETUCT tracking real state values
Planner using history size: 0
Start model learning thread
start parallel uct planning search thread
Created MultClass 0 with nModels: 5
Created m5 decision tree 0 multivariate regression (all feats) MIN_SDR: 0.003
Created m5 decision tree 6 multivariate regression (all feats) MIN_SDR: 0.003
Created m5 decision tree 12 multivariate regression (all feats) MIN_SDR: 0.003
Created m5 decision tree 18 multivariate regression (all feats) MIN_SDR: 0.003
Created m5 decision tree 24 multivariate regression (all feats) MIN_SDR: 0.003
Created MultClass 3 with nModels: 5
Created m5 decision tree 3 multivariate regression (all feats) MIN_SDR: 0.1001
Created m5 decision tree 9 multivariate regression (all feats) MIN_SDR: 0.1001
Created m5 decision tree 15 multivariate regression (all feats) MIN_SDR: 0.1001
Created m5 decision tree 21 multivariate regression (all feats) MIN_SDR: 0.1001
Created m5 decision tree 27 multivariate regression (all feats) MIN_SDR: 0.1001
Created MultClass 4 with nModels: 5
Created m5 decision tree 4 multivariate regression (all feats) MIN_SDR: 0.0001
Created m5 decision tree 10 multivariate regression (all feats) MIN_SDR: 0.0001
Created m5 decision tree 16 multivariate regression (all feats) MIN_SDR: 0.0001
Created m5 decision tree 22 multivariate regression (all feats) MIN_SDR: 0.0001
Created m5 decision tree 28 multivariate regression (all feats) MIN_SDR: 0.0001
Created MultClass 1 with nModels: 5
Created m5 decision tree 1 multivariate regression (all feats) MIN_SDR: 0.003
Created m5 decision tree 7 multivariate regression (all feats) MIN_SDR: 0.003
Created m5 decision tree 13 multivariate regression (all feats) MIN_SDR: 0.003
Created m5 decision tree 19 multivariate regression (all feats) MIN_SDR: 0.003
Created m5 decision tree 25 multivariate regression (all feats) MIN_SDR: 0.003
Created MultClass 2 with nModels: 5
Created m5 decision tree 2 multivariate regression (all feats) MIN_SDR: 0.003
Created m5 decision tree 8 multivariate regression (all feats) MIN_SDR: 0.003
Created m5 decision tree 14 multivariate regression (all feats) MIN_SDR: 0.003
Created m5 decision tree 20 multivariate regression (all feats) MIN_SDR: 0.003
Created m5 decision tree 26 multivariate regression (all feats) MIN_SDR: 0.003
-993
-995
-995
-995
-990
-990
-993
-994
-995
-994
-992
-994
-980
-996
-992
-993
-994
-996
-993
-993
-991
-991
-995
-994
-994
-996
-994
-992
-994
-996
-995
-996
-994
-994
-996
-992
-994
-983
-966
-995
-980
-993
-995
-993
-992
-994
-994
-991
-992
-992
-995
-994
-994
-995
-996
-994
-996
-979
-994
-995
-982
-995
-996
-996
-994
-995
-994
-983
-995
-982
-996
-959
-995
-990
-980
-990
-991
-994
-991
-996
-992
-995
-994
-994
-978
-994
-994
-995
-996
-995
-990
-988
-989
-991
-983
-989
-994
-986
-993
-995
-993
-992
-996
-990
-994
-996
-995
-996
-992
-995
-994
-996
-992
-996
-995
-991
-994
-993
-996
-995
-991
-995
-990
-992
-982
-995
-995
-992
-994
-982
-995
-994
-977
-994
-975
-985
-991
-994
-982
-982
-995
-981
-988
-991
-977
-982
-982
-996
-978
-989
-990
-991
-993
-996
-973
-982
-996
-996
-990
-996
-996
-991
-995
-993
-995
-983
-994
-993
-994
-996
-996
-993
-993
-994
-996
-992
-994
-992
-992
-993
-986
-983
-995
-994
-991
-982
-995
-994
-996
-996
-993
-995
-996
-995
-995
-984
-994
-996
-984
-995
-984
-994
-995
-995
-995
-995
-963
-991
-988
-994
-996
-995
-994
-984
-984
-978
-989
-995
-989
-994
-994
-994
-992
-992
-995
-994
-985
-985
-984
-983
-995
-994
-994
-994
-994
-994
-995
-994
-996
-992
-994
-963
-982
-990
-994
-996
-994
-994
-992
-994
-995
-992
-994
-995
-992
-990
-995
-992
-990
-970
-991
-994
-995
-991
-992
-990
-990
-986
-992
-992
-986
-980
-996
-995
-983
-996
-996
-992
-996
-996
-996
-996
-996
-981
-996
-996
-994
-991
-996
-994
-996
-996
-996
-996
-994
-996
-990
-991
-989
-992
-990
-988
-989
-991
-994
-990
-992
-996
-996
-996
-994
-992
-993
-992
-996
-995
-993
-996
-980
-990
-988
-988
-992
-995
-961
-982
-991
-992
-996
-996
-927
-991
-992
-993
-988
-991
-996
-977
-991
-991
-989
-991
-992
-991
-989
-988
-987
-981
-989
-975
-986
-989
-989
-989
-996
-992
-992
-992
-974
-988
-985
-986
-986
-992
-988
-992
-992
-992
-992
-996
-974
-984
-991
-991
-992
-981
-970
-983
-981
-971
-993
-993
-993
-995
-993
-995
-989
-995
-961
-993
-993
-992
-989
-992
-978
-994
-993
-994
-957
-976
-994
-996
-996
-989
-989
-990
-987
-993
-995
-961
-959
-991
-991
-989
-989
-955
-956
-989
-991
-993
-995
-989
-994
-994
-995
-994
-994
-995
-995
-992
-984
-989
-995
-994
-994
-995
-995
-994
-994
-994
-994
-994
-994
-994
-994
-994
-993
-993
-995
-995
-974
-991
-995
-991
-991
-991
-991
-987
-987
-994
-982
-995
-987
-987
-991
-995
-995
-995
-990
-981
-981
-974
-995
-985
-995
-990
-991
-974
-995
-989
-987
-995
-959
-995
-993
-995
-981
-991
-991
-995
-994
-995
-995
-995
-994
-991
-995
-994
-991
-986
-963
-995
-994
-995
-994
-995
-991
-995
-994
-995
-994
-995
-984
-984
-984
-956
-995
-993
-995
-995
-996
-993
-995
-995
-986
-991
-989
-991
-986
-986
-987
-987
-987
-990
-991
-991
-996
-996
-996
-996
-986
-987
-987
-987
-991
-994
-996
-987
-986
-995
-995
-994
-994
-995
-995
-987
-995
-995
-995
-991
-994
-987
-995
-987
-991
-995
-991
-994
-987
-995
-987
-995
-993
-995
-994
-994
-994
-995
-994
-989
-987
-987
-995
-994
-994
-987
-995
-994
-987
-995
-994
-987
-995
-995
-995
-994
-946
-995
-994
-988
-996
-995
-994
-994
-994
-987
-959
-995
-994
-973
-959
-995
-995
-995
-996
-988
-996
-996
-996
-996
-994
-997
-994
-988
-995
-994
-987
-995
-960
-995
-959
-993
-995
-993
-995
-974
-995
-994
-994
-994
-987
-995
-994
-985
-995
-994
-987
-987
-995
-994
-994
-995
-994
-995
-994
-995
-993
-991
-959
-989
-989
-989
-989
-989
-995
-995
-994
-989
-995
-994
-995
-994
-995
-994
-995
-994
-995
-995
-995
-994
-995
-994
-995
-992
-994
-994
-995
-996
-989
-995
-994
-995
-983
-995
-995
-983
-995
-985
-988
-987
-989
-986
-995
-987
-995
-995
-995
-959
-987
-995
-989
-995
-959
-989
-995
-985
-989
-995
-980
-995
-994
-993
-995
-993
-995
-995
-995
-995
-995
-995
-995
-995
-995
-994
-995
-994
-995
-994
-995
-994
-995
-994
-995
-995
-994
-994
-995
-994
-995
-994
-995
-994
-993
-985
-982
-985
-989
-989
-989
-987
-990
-989
-984
-994
-995
-995
-995
-995
-995
-995
-995
-994
-994
-995
-994
-994
-989
-995
-995
-989
-995
-994
-959
-984
-995
-995
-994
-995
-993
-995
-995
-995
-995
-995
-994
-995
-994
-984
-995
-994
-995
-995
-994
-989
-984
-995
-995
-989
-984
-989
-931
-987
-985
-989
-989
-990
-989
-995
-995
-995
-995
-995
-995
-995
-995
-995
-995
-995
-995
-995
-995
-995
-995
-995
-983
-995
-995
-995
-995
-995
-995
-995
-995
-995
-995
-995
-978
-995
-995
-995
-995
-996
-995
-992
-989
-995
-996
-995
-995
-995
-995
-995
-992
-995
-979
-995
-995
-995
-995
-995
-995
-995
-995
-995
-989
-995
-995
-995
-995
-994
-994
-994
-989
-995
-994
-994
-989
-958
-995
-994
-990
-985
-995
-931
-995
-994
-995
-994
-995
-986
-995
-995
-993
-995
-994
-995
-994
-993
-995
-986
-995
-995
-944
-995
-986
-995
-987
-902
-995
-993
-995
-981
-995
-995
-989
-989
-990
-990
-995
-994
-995
-995
-995
-995
-995
-994
-987
-987
-995
-993
-958
-995
-994
-987
-995
-986
-995
-997
-996
-987
-995
-996
-987
-995
-996
-973
-989
-995
-996
-995
-995
-960
-995
-987
-995
-995
-989
-995
-988
-995
-989
-995
-987
-990
-991
-996
-989
-995
-995
-995
-995
-995
-994
-996
-990
-995
-991
-995
-994
-994
-995
-996
-995
-975
-995
-994
-994
-990
-995
-996
