agent: texplore
env: asterix
model: M5 Tree
Environment is episodic.
set statesPerDim to 0 for all dim
feature 0 has range 30
feature 1 has range 30
feature 2 has range 30
reward range: 1001
Parallel ETUCT tracking real state values
Planner using history size: 0
Start model learning thread
start parallel uct planning search thread
Created MultClass 0 with nModels: 5
Created m5 decision tree 0 multivariate regression (all feats) MIN_SDR: 0.003
Created m5 decision tree 6 multivariate regression (all feats) MIN_SDR: 0.003
Created m5 decision tree 12 multivariate regression (all feats) MIN_SDR: 0.003
Created m5 decision tree 18 multivariate regression (all feats) MIN_SDR: 0.003
Created m5 decision tree 24 multivariate regression (all feats) MIN_SDR: 0.003
Created MultClass 3 with nModels: 5
Created m5 decision tree 3 multivariate regression (all feats) MIN_SDR: 0.1001
Created m5 decision tree 9 multivariate regression (all feats) MIN_SDR: 0.1001
Created m5 decision tree 15 multivariate regression (all feats) MIN_SDR: 0.1001
Created m5 decision tree 21 multivariate regression (all feats) MIN_SDR: 0.1001
Created m5 decision tree 27 multivariate regression (all feats) MIN_SDR: 0.1001
Created MultClass 4 with nModels: 5
Created m5 decision tree 4 multivariate regression (all feats) MIN_SDR: 0.0001
Created m5 decision tree 10 multivariate regression (all feats) MIN_SDR: 0.0001
Created m5 decision tree 16 multivariate regression (all feats) MIN_SDR: 0.0001
Created m5 decision tree 22 multivariate regression (all feats) MIN_SDR: 0.0001
Created m5 decision tree 28 multivariate regression (all feats) MIN_SDR: 0.0001
Created MultClass 1 with nModels: 5
Created m5 decision tree 1 multivariate regression (all feats) MIN_SDR: 0.003
Created m5 decision tree 7 multivariate regression (all feats) MIN_SDR: 0.003
Created m5 decision tree 13 multivariate regression (all feats) MIN_SDR: 0.003
Created m5 decision tree 19 multivariate regression (all feats) MIN_SDR: 0.003
Created m5 decision tree 25 multivariate regression (all feats) MIN_SDR: 0.003
Created MultClass 2 with nModels: 5
Created m5 decision tree 2 multivariate regression (all feats) MIN_SDR: 0.003
Created m5 decision tree 8 multivariate regression (all feats) MIN_SDR: 0.003
Created m5 decision tree 14 multivariate regression (all feats) MIN_SDR: 0.003
Created m5 decision tree 20 multivariate regression (all feats) MIN_SDR: 0.003
Created m5 decision tree 26 multivariate regression (all feats) MIN_SDR: 0.003
-995
-994
-996
-994
-996
-994
-994
-994
-982
-995
-993
-994
-992
-995
-995
-995
-994
-995
-983
-994
-994
-982
-994
-994
-994
-995
-995
-990
-982
-994
-996
-981
-994
-994
-994
-993
-995
-994
-994
-994
-994
-994
-994
-994
-992
-994
-995
-994
-995
-994
-994
-994
-994
-995
-994
-995
-996
-995
-995
-996
-995
-994
-994
-995
-990
-995
-994
-995
-994
-994
-983
-996
-995
-979
-996
-994
-993
-992
-991
-995
-994
-990
-993
-994
-994
-994
-990
-994
-994
-994
-995
-994
-994
-982
-996
-994
-967
-993
-995
-995
-975
-992
-994
-995
-995
-995
-995
-995
-994
-994
-993
-967
-995
-972
-994
-993
-995
-994
-995
-992
-991
-994
-994
-995
-993
-980
-991
-959
-978
-994
-995
-995
-966
-980
-994
-981
-994
-982
-983
-981
-995
-995
-994
-995
-992
-994
-982
-996
-966
-994
-994
-992
-992
-995
-993
-993
-992
-992
-980
-996
-996
-994
-994
-994
-993
-994
-994
-994
-994
-994
-992
-995
-980
-994
-981
-980
-980
-993
-977
-993
-980
-981
-994
-980
-995
-994
-996
-993
-996
-995
-994
-994
-996
-993
-996
-993
-996
-995
-994
-994
-996
-995
-994
-995
-994
-993
-985
-993
-979
-980
-982
-993
-994
-993
-994
-993
-980
-985
-993
-985
-993
-994
-994
-995
-979
-994
-995
-994
-994
-994
-994
-994
-993
-994
-994
-994
-994
-993
-994
-994
-994
-994
-994
-994
-994
-994
-994
-994
-994
-994
-994
-994
-994
-994
-994
-995
-994
-994
-995
-994
-995
-994
-994
-993
-995
-994
-994
-994
-994
-994
-994
-994
-994
-995
-994
-994
-994
-994
-994
-994
-994
-994
-994
-994
-994
-994
-994
-994
-994
-994
-994
-994
-994
-994
-994
-994
-994
-994
-994
-994
-994
-994
-994
-994
-979
-994
-995
-985
-994
-982
-995
-994
-995
-994
-994
-993
-994
-995
-994
-995
-994
-980
-995
-994
-995
-994
-995
-994
-995
-994
-995
-995
-994
-995
-994
-995
-994
-995
-994
-993
-994
-995
-994
-995
-994
-995
-995
-994
-996
-991
-995
-981
-992
-995
-994
-986
-980
-995
-981
-991
-994
-965
-992
-994
-994
-992
-980
-992
-982
-993
-991
-992
-995
-997
-997
-993
-997
-997
-997
-994
-993
-994
-995
-995
-994
-994
-995
-994
-993
-994
-994
-993
-995
-993
-996
-994
-980
-993
-993
-992
-993
-993
-993
-994
-994
-994
-993
-993
-991
-994
-994
-994
-994
-994
-993
-994
-994
-996
-992
-994
-994
-994
-996
-992
-995
-978
-994
-994
-994
-996
-994
-994
-980
-980
-981
-980
-994
-994
-994
-994
-994
-992
-994
-992
-994
-992
-994
-992
-994
-992
-994
-994
-997
-995
-991
-992
-994
-994
-993
-994
-994
-994
-994
-995
-994
-992
-994
-994
-994
-994
-994
-994
-994
-994
-995
-994
-995
-994
-995
-994
-995
-994
-994
-995
-994
-994
-994
-994
-995
-994
-995
-994
-994
-994
-994
-994
-994
-994
-994
-994
-995
-994
-994
-994
-994
-994
-994
-994
-994
-994
-994
-994
-994
-994
-994
-994
-994
-994
-994
-994
-994
-994
-994
-994
-994
-994
-995
-994
-995
-996
-994
-995
-995
-988
-994
-993
-994
-993
-994
-994
-992
-994
-994
-995
-994
-995
-995
-995
-994
-992
-994
-979
-994
-996
-994
-991
-992
-994
-994
-984
-994
-995
-994
-996
-994
-996
-994
-996
-994
-994
-994
-994
-996
-994
-996
-994
-996
-994
-997
-994
-996
-994
-996
-994
-996
-994
-996
-994
-994
-993
-994
-995
-994
-995
-996
-994
-962
-994
-996
-994
-996
-994
-994
-994
-994
-994
-994
-994
-994
-994
-994
-994
-994
-994
-994
-994
-994
-994
-994
-992
-996
-994
-993
-994
-994
-994
-994
-995
-994
-994
-994
-995
-995
-993
-992
-980
-995
-994
-996
-994
-996
-994
-996
-994
-996
-993
-993
-992
-996
-992
-996
-994
-994
-994
-994
-994
-994
-994
-996
-992
-996
-992
-995
-995
-994
-995
-995
-995
-994
-995
-993
-993
-994
-995
-994
-995
-995
-995
-996
-992
-996
-992
-995
-995
-995
-995
-994
-994
-994
-994
-994
-994
-994
-994
-994
-994
-994
-994
-994
-994
-994
-994
-994
-994
-994
-994
-994
-993
-992
-994
-994
-994
-981
-953
-977
-994
-992
-994
-995
-995
-992
-994
-994
-994
-994
-994
-994
-994
-994
-994
-994
-994
-994
-994
-994
-992
-993
-992
-993
-992
-994
-994
-994
-994
-994
-994
-980
-992
-992
-994
-994
-994
-994
-994
-994
-995
-992
-994
-994
-995
-992
-994
-994
-994
-994
-992
-992
-992
-992
-992
-992
-992
-992
-992
-992
-992
-994
-994
-994
-994
-994
-994
-994
-994
-994
-994
-994
-994
-994
-994
-994
-994
-994
-994
-994
-994
-994
-994
-994
-994
-994
-994
-995
-992
-995
-995
-992
-995
-992
-995
-992
-992
-992
-992
-981
-991
-991
-981
-995
-980
-992
-995
-995
-994
-992
-977
-967
-992
-978
-995
-992
-995
-992
-979
-992
-995
-992
-995
-996
-995
-995
-995
-995
-995
-995
-995
-995
-995
-995
-995
-995
-995
-978
-980
-970
-982
-996
-994
-994
-995
-996
-996
-996
-996
-995
-995
-994
-996
-994
-994
-994
-994
-995
-995
-995
-995
-995
-994
-994
-994
-994
-994
-994
-994
-994
-995
-994
-994
-994
-994
-994
-994
-994
-994
-994
-994
-994
-994
-994
-994
-994
-994
-994
-978
-992
-992
-992
-992
-982
-980
-982
-994
-994
-994
-994
-994
-994
-994
-994
-994
-994
-994
-994
-994
-994
-992
-994
-995
-994
-995
-994
-994
-995
-994
-964
-992
-994
-979
-994
-984
-994
-992
-995
-994
-992
-992
-992
-992
-992
-992
-992
-983
-995
-966
-994
-995
-992
-995
-992
-995
-995
-992
-967
-992
-992
-992
-983
-992
-992
-995
-992
-992
-992
-994
-991
-992
-992
-992
-979
-977
-939
-981
-982
-979
-981
-992
-991
-964
-988
-992
-989
-992
-992
-992
-992
-992
-992
-992
-971
-992
