agent: texplore
env: asterix
Environment is episodic.
set statesPerDim to 0 for all dim
feature 0 has range 30
feature 1 has range 30
feature 2 has range 30
reward range: 1001
Parallel ETUCT tracking real state values
Planner using history size: 0
start parallel uct planning search thread
Start model learning thread
Created MultClass 0 with nModels: 5
Created C4.5 decision tree 0 with == and > splits
Created C4.5 decision tree 6 with == and > splits
Created C4.5 decision tree 12 with == and > splits
Created C4.5 decision tree 18 with == and > splits
Created C4.5 decision tree 24 with == and > splits
Created MultClass 3 with nModels: 5
Created C4.5 decision tree 3 with == and > splits
Created C4.5 decision tree 9 with == and > splits
Created C4.5 decision tree 15 with == and > splits
Created C4.5 decision tree 21 with == and > splits
Created C4.5 decision tree 27 with == and > splits
Created MultClass 4 with nModels: 5
Created C4.5 decision tree 4 with == and > splits
Created C4.5 decision tree 10 with == and > splits
Created C4.5 decision tree 16 with == and > splits
Created C4.5 decision tree 22 with == and > splits
Created C4.5 decision tree 28 with == and > splits
Created MultClass 1 with nModels: 5
Created C4.5 decision tree 1 with == and > splits
Created C4.5 decision tree 7 with == and > splits
Created C4.5 decision tree 13 with == and > splits
Created C4.5 decision tree 19 with == and > splits
Created C4.5 decision tree 25 with == and > splits
Created MultClass 2 with nModels: 5
Created C4.5 decision tree 2 with == and > splits
Created C4.5 decision tree 8 with == and > splits
Created C4.5 decision tree 14 with == and > splits
Created C4.5 decision tree 20 with == and > splits
Created C4.5 decision tree 26 with == and > splits
-981
-995
-995
-995
-992
-992
-995
-994
-995
-994
-994
-994
-993
-992
-995
-994
-992
-994
-994
-993
-995
-992
-995
-992
-994
-984
-987
-994
-995
-995
-995
-993
-981
-996
-995
-996
-982
-994
-995
-995
-995
-993
-987
-993
-995
-994
-993
-993
-993
-994
-995
-987
-996
-994
-996
-991
-996
-983
-995
-995
-996
-992
-992
-980
-980
-992
-992
-995
-980
-992
-992
-980
-989
-994
-980
-993
-997
-996
-992
-995
-996
-995
-988
-992
-992
-995
-995
-992
-990
-990
-990
-990
-995
-990
-992
-994
-992
-992
-992
-983
-995
-995
-995
-990
-992
-992
-995
-990
-975
-990
-992
-990
-985
-990
-995
-994
-992
-992
-992
-994
-992
-992
-995
-975
-997
-992
-995
-997
-992
-992
-994
-996
-994
-995
-981
-992
-994
-992
-992
-992
-991
-992
-991
-995
-991
-992
-995
-996
-992
-992
-994
-992
-992
-994
-991
-992
-981
-995
-996
-994
-990
-995
-995
-996
-995
-996
-992
-995
-996
-980
-994
-995
-996
-995
-980
-991
-991
-995
-980
-994
-970
-992
-994
-992
-994
-994
-994
-992
-994
-992
-994
-992
-992
-992
-992
-979
-994
-991
-992
-994
-995
-997
-992
-992
-996
-992
-981
-995
-995
-974
-992
-995
-996
-992
-995
-992
-994
-995
-991
-995
-995
-995
-995
-994
-995
-991
-995
-995
-995
-995
-995
-995
-980
-992
-991
-990
-995
-995
-975
-995
-995
-995
-995
-995
-995
-995
-995
-995
-995
-995
-995
-995
-990
-994
-991
-992
-995
-973
-995
-996
-992
-995
-995
-987
-992
-995
-994
-992
-996
-992
-992
-995
-995
-976
-992
-992
-992
-994
-992
-992
-992
-992
-995
-983
-995
-984
-995
-980
-995
-992
-995
-992
-995
-996
-994
-995
-995
-992
-992
-992
-992
-995
-995
-996
-973
-992
-995
-992
-982
-992
-992
-994
-973
-996
-981
-994
-995
-995
-995
-995
-995
-991
-995
-996
-995
-996
-995
-991
-966
-989
-997
-996
-996
-996
-995
-988
-989
-989
-996
-995
-995
-997
-991
-965
-995
-991
-991
-991
-991
-991
-995
-991
-995
-996
-996
-995
-991
-995
-997
-996
-995
-991
-991
-991
-991
-991
-991
-987
-995
-995
-982
-996
-991
-991
-991
-996
-991
-983
-988
-995
-995
-995
-991
-995
-995
-991
-991
-973
-991
-995
-995
-991
-991
-989
-997
-995
-995
-994
-995
-994
-996
-991
-995
-991
-995
-991
-996
-996
-996
-981
-991
-991
-995
-995
-995
-995
-995
-991
-995
-991
-991
-995
-991
-995
-991
-995
-991
-995
-995
-995
-991
-991
-991
-991
-995
-995
-991
-995
-995
-991
-991
-991
-995
-995
-995
-991
-991
-995
-991
-991
-995
-995
-995
-995
-995
-995
-991
-991
-991
-991
-983
-995
-983
-994
-994
-996
-994
-981
-994
-991
-995
-995
-995
-991
-995
-996
-991
-981
-991
-991
-991
-997
-996
-995
-990
-991
-991
-991
-980
-991
-995
-988
-991
-991
-990
-995
-997
-990
-995
-996
-991
-991
-991
-991
-995
-991
-995
-995
-995
-995
-991
-995
-991
-995
-991
-995
-995
-995
-995
-997
-990
-990
-990
-990
-990
-990
-990
-990
-990
-990
-996
-996
-990
-996
-996
-996
-996
-996
-996
-990
-996
-996
-995
-996
-995
-996
-994
-991
-983
-991
-995
-990
-991
-995
-996
-995
-984
-994
-995
-991
-991
-973
-994
-995
-986
-986
-994
-995
-995
-994
-995
-995
-995
-995
-995
-995
-995
-988
-983
-995
-996
-995
-986
-994
-986
-995
-995
-995
-995
-986
-995
-995
-995
-995
-988
-995
-959
-995
-995
-995
-995
-995
-995
-995
-995
-995
-995
-960
-973
-989
-959
-970
-985
-986
-970
-959
-974
-996
-972
-959
-995
-995
-986
-986
-985
-970
-973
-996
-995
-996
-995
-995
-995
-995
-995
-995
-973
-986
-958
-945
-995
-996
-995
-996
-995
-996
-995
-996
-973
-996
-995
-997
-995
-997
-995
-995
-995
-995
-995
-995
-995
-995
-996
-973
-997
-995
-995
-995
-995
-995
-995
-995
-995
-995
-995
-995
-995
-995
-995
-995
-996
-995
-996
-995
-996
-995
-973
-970
-984
-983
-988
-983
-990
-984
-995
-996
-975
-988
-973
-943
-995
-971
-997
-995
-995
-995
-995
-995
-976
-974
-973
-997
-996
-976
-917
-997
-996
-917
-997
-996
-917
-997
-996
-973
-997
-996
-917
-997
-996
-945
-997
-994
-974
-996
-974
-994
-994
-994
-995
-973
-994
-995
-995
-995
-995
-995
-996
-995
-973
-995
-970
-989
-996
-994
-996
-983
-997
-996
-994
-996
-994
-996
-996
-997
-996
-917
-997
-976
-994
-976
-994
-997
-996
-995
-996
-995
-994
-997
-996
-972
-917
-976
-948
-970
-997
-996
-944
-997
-996
-917
-997
-996
-974
-973
-973
-973
-972
-973
-931
-944
-917
-972
-970
-944
-972
-972
-917
-917
-996
-917
-945
-945
-917
-995
-917
-917
-917
-995
-917
-917
-917
-919
-917
-917
-973
-971
-995
-995
-917
-917
-995
-917
-917
-917
-917
-917
-917
-917
-921
-917
-917
-945
-973
-917
-917
-931
-995
-889
-917
-995
-995
-959
-973
-917
-932
-971
-917
-994
-994
-917
-973
-995
-995
-995
-995
-995
-995
-995
-995
-917
-995
-995
-995
-995
-995
-995
-995
-995
-995
-995
-995
-995
-995
-995
-995
-995
-995
-995
-995
-995
-995
-995
-995
-995
-995
-995
-995
-995
-995
-995
-995
-995
-995
-995
-995
-995
-995
-995
-995
-995
-995
-995
-995
-995
-995
-970
-994
-970
-917
-995
-995
-995
-995
-995
-995
-995
-995
-995
-995
-995
-995
-995
-995
-995
-995
-995
-995
-995
-995
-995
-995
-995
-995
-995
-995
-995
-995
-995
-995
-995
-995
-995
-995
-995
-995
-995
-995
-995
-995
-995
-995
-995
-995
-995
-995
-995
-995
-995
-995
-995
-995
-995
-995
-995
-995
-995
-995
-995
-995
-995
-995
-995
-995
-995
-995
-995
-995
-995
-995
-995
-995
-995
-994
-917
-917
-995
-995
-995
-995
-995
