agent: texplore
env: asterix
Environment is episodic.
set statesPerDim to 0 for all dim
feature 0 has range 30
feature 1 has range 30
feature 2 has range 30
reward range: 1001
Parallel ETUCT tracking real state values
Planner using history size: 0
Start model learning thread
start parallel uct planning search thread
Created MultClass 0 with nModels: 5
Created C4.5 decision tree 0 with == and > splits
Created C4.5 decision tree 6 with == and > splits
Created C4.5 decision tree 12 with == and > splits
Created C4.5 decision tree 18 with == and > splits
Created C4.5 decision tree 24 with == and > splits
Created MultClass 3 with nModels: 5
Created C4.5 decision tree 3 with == and > splits
Created C4.5 decision tree 9 with == and > splits
Created C4.5 decision tree 15 with == and > splits
Created C4.5 decision tree 21 with == and > splits
Created C4.5 decision tree 27 with == and > splits
Created MultClass 4 with nModels: 5
Created C4.5 decision tree 4 with == and > splits
Created C4.5 decision tree 10 with == and > splits
Created C4.5 decision tree 16 with == and > splits
Created C4.5 decision tree 22 with == and > splits
Created C4.5 decision tree 28 with == and > splits
Created MultClass 1 with nModels: 5
Created C4.5 decision tree 1 with == and > splits
Created C4.5 decision tree 7 with == and > splits
Created C4.5 decision tree 13 with == and > splits
Created C4.5 decision tree 19 with == and > splits
Created C4.5 decision tree 25 with == and > splits
Created MultClass 2 with nModels: 5
Created C4.5 decision tree 2 with == and > splits
Created C4.5 decision tree 8 with == and > splits
Created C4.5 decision tree 14 with == and > splits
Created C4.5 decision tree 20 with == and > splits
Created C4.5 decision tree 26 with == and > splits
-995
-994
-993
-981
-994
-995
-996
-995
-994
-980
-997
-992
-996
-992
-996
-995
-989
-995
-995
-995
-979
-996
-996
-995
-993
-993
-993
-993
-994
-995
-995
-995
-994
-994
-986
-995
-995
-995
-995
-994
-995
-994
-989
-994
-994
-982
-994
-993
-996
-994
-995
-995
-994
-994
-992
-994
-996
-996
-993
-996
-993
-996
-993
-996
-996
-991
-980
-994
-994
-968
-996
-996
-994
-994
-996
-996
-996
-996
-994
-994
-990
-996
-997
-966
-980
-994
-994
-959
-994
-996
-985
-984
-996
-996
-995
-995
-994
-986
-984
-995
-994
-973
-978
-981
-967
-980
-994
-980
-994
-981
-994
-981
-996
-995
-975
-995
-996
-996
-996
-996
-996
-996
-996
-996
-996
-996
-996
-996
-996
-996
-996
-996
-996
-996
-996
-996
-996
-996
-996
-996
-996
-996
-996
-996
-996
-996
-996
-996
-995
-996
-996
-996
-996
-996
-996
-996
-996
-996
-996
-996
-996
-996
-996
-995
-995
-995
-996
-995
-995
-995
-995
-991
-983
-995
-996
-996
-995
-996
-996
-996
-996
-995
-995
-995
-995
-995
-995
-995
-995
-996
-996
-996
-996
-996
-995
-995
-995
-995
-995
-980
-995
-996
-983
-982
-989
-994
-982
-966
-994
-983
-994
-995
-995
-983
-977
-995
-980
-994
-994
-994
-995
-978
-996
-994
-982
-976
-994
-978
-994
-994
-995
-996
-990
-996
-995
-996
-995
-995
-994
-995
-995
-994
-995
-996
-995
-995
-995
-995
-995
-994
-995
-994
-995
-994
-994
-994
-994
-995
-994
-994
-994
-994
-994
-995
-994
-995
-994
-994
-980
-994
-982
-995
-994
-995
-995
-994
-982
-994
-980
-994
-994
-995
-979
-994
-978
-977
-994
-994
-994
-995
-994
-994
-994
-994
-994
-994
-994
-994
-983
-983
-995
-994
-994
-983
-981
-996
-994
-994
-982
-996
-994
-996
-981
-994
-995
-994
-977
-982
-982
-979
-980
-982
-994
-994
-982
-994
-994
-994
-994
-990
-981
-996
-994
-995
-996
-976
-994
-994
-994
-971
-995
-946
-982
-996
-994
-994
-994
-996
-994
-994
-995
-994
-972
-995
-981
-994
-994
-994
-981
-994
-995
-995
-994
-966
-994
-975
-994
-994
-966
-994
-983
-966
-995
-995
-968
-994
-981
-996
-994
-994
-994
-970
-994
-994
-994
-994
-994
-994
-996
-995
-995
-994
-986
-982
-994
-981
-976
-994
-975
-994
-994
-996
-994
-994
-994
-994
-969
-994
-996
-994
-996
-994
-994
-996
-994
-994
-994
-994
-994
-994
-994
-994
-979
-994
-994
-994
-994
-994
-994
-994
-994
-994
-994
-994
-982
-994
-980
-994
-994
-994
-976
-994
-994
-982
-996
-984
-982
-994
-994
-994
-982
-994
-995
-980
-980
-980
-981
-996
-994
-980
-967
-995
-994
-995
-994
-970
-997
-984
-981
-994
-994
-982
-996
-977
-982
-983
-994
-994
-976
-996
-994
-994
-994
-994
-954
-982
-982
-994
-981
-994
-960
-995
-981
-994
-992
-982
-994
-994
-995
-981
-994
-954
-983
-995
-995
-995
-995
-995
-983
-954
-981
-996
-994
-980
-994
-994
-996
-996
-980
-995
-994
-980
-994
-995
-983
-980
-983
-982
-995
-968
-995
-995
-956
-994
-995
-984
-967
-952
-993
-960
-996
-994
-948
-980
-966
-981
-994
-967
-995
-995
-995
-995
-995
-995
-995
-995
-995
-976
-984
-995
-994
-980
-966
-994
-996
-995
-994
-994
-995
-995
-994
-994
-994
-983
-980
-996
-994
-995
-995
-995
-995
-995
-995
-996
-996
-995
-967
-995
-994
-994
-994
-994
-994
-994
-994
-976
-976
-996
-994
-994
-995
-995
-995
-994
-994
-994
-982
-994
-995
-994
-995
-994
-994
-995
-995
-995
-995
-995
-983
-994
-994
-982
-947
-994
-995
-994
-995
-995
-995
-995
-995
-995
-995
-995
-995
-994
-994
-995
-994
-994
-994
-981
-971
-994
-994
-994
-994
-994
-981
-983
-983
-995
-994
-994
-994
-966
-994
-994
-948
-976
-994
-976
-994
-994
-985
-981
-994
-967
-994
-995
-995
-995
-995
-995
-995
-981
-983
-994
-976
-982
-994
-994
-996
-994
-976
-994
-994
-994
-994
-994
-994
-994
-994
-994
-994
-994
-994
-994
-994
-994
-994
-995
-995
-995
-995
-994
-995
-994
-994
-995
-994
-995
-995
-948
-980
-994
-994
-995
-995
-994
-981
-994
-995
-995
-995
-995
-995
-994
-995
-995
-995
-995
-995
-995
-995
-995
-994
-995
-995
-995
-981
-981
-977
-995
-980
-995
-995
-995
-995
-994
-994
-977
-994
-994
-979
-994
-995
-994
-980
-995
-994
-994
-995
-995
-995
-995
-995
-981
-995
-994
-995
-995
-994
-994
-995
-995
-995
-994
-994
-994
-994
-995
-995
-995
-995
-995
-995
-995
-995
-966
-968
-995
-995
-995
-994
-960
-995
-995
-969
-995
-995
-994
-994
-994
-981
-996
-994
-994
-994
-994
-994
-995
-995
-994
-994
-994
-994
-994
-994
-994
-994
-994
-994
-960
-994
-994
-955
-994
-994
-969
-982
-994
-994
-994
-994
-973
-975
-994
-994
-994
-994
-994
-994
-994
-994
-960
-994
-981
-981
-956
-997
-960
-994
-980
-994
-981
-988
-969
-983
-995
-994
-954
-981
-932
-941
-981
-996
-994
-994
-996
-995
-995
-995
-995
-903
-980
-982
-981
-980
-959
-960
-981
-981
-982
-994
-994
-994
-994
-982
-980
-994
-994
-994
-994
-994
-981
-994
-996
-995
-995
-944
-994
-974
-981
-954
-960
-994
-994
-994
-994
-994
-994
-994
-995
-994
-994
-994
-994
-994
-994
-994
-994
-994
-994
-994
-995
-995
-970
-984
-996
-995
-995
-994
-980
-959
-994
-982
-994
-955
-994
-995
-984
-982
-981
-981
-969
-994
-981
-891
-982
-995
-981
-994
-994
-994
-966
-994
-994
-980
-994
-994
-994
-982
-981
-981
-981
-960
-994
-982
-994
-994
-994
-994
-980
-981
-994
-981
-996
-994
-994
-980
-994
-994
-930
-994
-994
-994
-994
-994
-994
-994
-975
-994
-994
-994
-994
-994
-994
-994
-994
