agent: texplore
env: asterix
Environment is episodic.
set statesPerDim to 0 for all dim
feature 0 has range 30
feature 1 has range 30
feature 2 has range 30
reward range: 1001
Parallel ETUCT tracking real state values
Planner using history size: 0
Start model learning thread
start parallel uct planning search thread
Created MultClass 0 with nModels: 5
Created C4.5 decision tree 0 with == and > splits
Created C4.5 decision tree 6 with == and > splits
Created C4.5 decision tree 12 with == and > splits
Created C4.5 decision tree 18 with == and > splits
Created C4.5 decision tree 24 with == and > splits
Created MultClass 3 with nModels: 5
Created C4.5 decision tree 3 with == and > splits
Created C4.5 decision tree 9 with == and > splits
Created C4.5 decision tree 15 with == and > splits
Created C4.5 decision tree 21 with == and > splits
Created C4.5 decision tree 27 with == and > splits
Created MultClass 4 with nModels: 5
Created C4.5 decision tree 4 with == and > splits
Created C4.5 decision tree 10 with == and > splits
Created C4.5 decision tree 16 with == and > splits
Created C4.5 decision tree 22 with == and > splits
Created C4.5 decision tree 28 with == and > splits
Created MultClass 1 with nModels: 5
Created C4.5 decision tree 1 with == and > splits
Created C4.5 decision tree 7 with == and > splits
Created C4.5 decision tree 13 with == and > splits
Created C4.5 decision tree 19 with == and > splits
Created C4.5 decision tree 25 with == and > splits
Created MultClass 2 with nModels: 5
Created C4.5 decision tree 2 with == and > splits
Created C4.5 decision tree 8 with == and > splits
Created C4.5 decision tree 14 with == and > splits
Created C4.5 decision tree 20 with == and > splits
Created C4.5 decision tree 26 with == and > splits
-982
-995
-997
-995
-992
-995
-994
-994
-995
-994
-996
-980
-995
-996
-992
-993
-974
-995
-995
-968
-995
-994
-993
-993
-977
-996
-996
-995
-995
-994
-992
-995
-994
-994
-994
-994
-995
-996
-996
-995
-993
-989
-993
-993
-996
-996
-995
-995
-995
-995
-995
-995
-995
-995
-995
-995
-995
-995
-995
-995
-989
-988
-988
-991
-993
-994
-994
-994
-994
-994
-994
-994
-994
-994
-994
-994
-994
-994
-994
-994
-994
-994
-994
-994
-994
-994
-994
-994
-994
-994
-994
-995
-991
-996
-994
-995
-996
-989
-990
-988
-988
-959
-991
-985
-973
-991
-991
-991
-987
-990
-990
-990
-990
-994
-959
-991
-991
-995
-986
-996
-990
-994
-990
-989
-987
-987
-987
-989
-989
-989
-989
-989
-989
-987
-989
-995
-996
-996
-987
-989
-989
-989
-989
-989
-989
-989
-989
-989
-989
-994
-989
-989
-989
-989
-989
-989
-973
-995
-987
-987
-987
-991
-972
-995
-972
-995
-987
-987
-983
-973
-995
-972
-995
-972
-995
-987
-987
-987
-987
-973
-995
-987
-973
-987
-994
-995
-974
-972
-987
-994
-973
-987
-972
-973
-995
-987
-995
-987
-995
-987
-995
-987
-995
-987
-995
-987
-995
-987
-995
-987
-995
-987
-995
-987
-987
-995
-987
-987
-987
-995
-987
-995
-987
-995
-987
-987
-996
-987
-996
-987
-987
-987
-995
-987
-995
-987
-989
-987
-995
-973
-987
-990
-944
-986
-973
-987
-971
-987
-987
-987
-987
-889
-987
-987
-987
-995
-987
-994
-994
-993
-987
-994
-995
-987
-994
-994
-994
-986
-992
-994
-994
-994
-988
-995
-987
-994
-994
-994
-992
-995
-988
-995
-995
-988
-995
-995
-974
-994
-995
-992
-994
-994
-994
-995
-995
-992
-994
-994
-994
-994
-994
-994
-994
-994
-994
-994
-994
-994
-994
-994
-994
-994
-994
-994
-994
-992
-991
-994
-987
-988
-987
-995
-995
-995
-995
-995
-995
-995
-995
-995
-995
-995
-995
-995
-995
-995
-995
-995
-995
-995
-995
-995
-995
-995
-995
-995
-995
-995
-995
-995
-995
-995
-995
-995
-995
-995
-995
-995
-995
-995
-995
-995
-995
-995
-995
-995
-995
-995
-995
-995
-995
-995
-995
-995
-995
-995
-995
-995
-995
-995
-995
-995
-995
-995
-992
-995
-995
-995
-995
-995
-995
-973
-973
-987
-917
-992
-992
-988
-973
-904
-992
-988
-973
-988
-992
-988
-992
-988
-992
-988
-973
-973
-992
-988
-994
-973
-960
-992
-973
-987
-973
-973
-931
-945
-945
-959
-987
-973
-987
-973
-987
-987
-959
-973
-992
-992
-992
-974
-992
-973
-945
-973
-959
-987
-931
-987
-987
-987
-959
-987
-931
-987
-987
-987
-987
-987
-987
-987
-987
-847
-987
-959
-959
-987
-987
-987
-987
-973
-987
-987
-987
-959
-987
-987
-987
-973
-987
-987
-987
-987
-959
-987
-987
-987
-987
-987
-973
-987
-987
-987
-987
-987
-987
-987
-987
-987
-987
-987
-987
-987
-993
-987
-987
-987
-987
-987
-987
-987
-987
-987
-945
-959
-987
-987
-987
-987
-987
-987
-987
-987
-987
-987
-987
-987
-973
-973
-973
-959
-987
-987
-987
-987
-987
-987
-987
-987
-987
-987
-987
-987
-987
-973
-995
-973
-987
-987
-987
-987
-987
-987
-987
-987
-987
-987
-987
-987
-987
-945
-987
-987
-987
-931
-973
-987
-987
-987
-987
-987
-987
-987
-987
-987
-987
-987
-987
-987
-987
-987
-987
-987
-987
-987
-959
-989
-987
-995
-987
-987
-959
-987
-945
-995
-987
-987
-987
-987
-987
-987
-987
-987
-987
-987
-987
-987
-987
-987
-987
-987
-987
-987
-987
-987
-987
-987
-987
-987
-987
-987
-987
-987
-995
-987
-987
-987
-987
-987
-931
-987
-987
-987
-987
-987
-973
-995
-987
-971
-995
-987
-931
-945
-973
-991
-973
-973
-973
-973
-917
-995
-903
-987
-987
-973
-889
-987
-987
-973
-995
-973
-987
-973
-987
-945
-987
-973
-973
-987
-987
-987
-987
-987
-987
-987
-973
-987
-987
-987
-987
-987
-973
-987
-987
-987
-987
-987
-987
-959
-987
-987
-987
-987
-959
-987
-988
-971
-973
-995
-987
-987
-987
-987
-973
-991
-959
-987
-973
-995
-973
-959
-987
-917
-987
-987
-987
-973
-945
-931
-988
-959
-987
-959
-987
-987
-987
-987
-987
-987
-931
-987
-987
-987
-987
-987
-987
-987
-987
-987
-987
-987
-987
-987
-987
-987
-987
-971
-995
-945
-987
-987
-987
-987
-987
-987
-987
-987
-987
-987
-987
-987
-987
-987
-987
-987
-987
-987
-987
-987
-987
-987
-987
-987
-987
-987
-987
-987
-987
-996
-987
-987
-973
-987
-973
-995
-973
-995
-987
-945
-995
-915
-995
-987
-959
-987
-987
-987
-987
-987
-987
-987
-987
-987
-987
-987
-987
-973
-987
-987
-987
-945
-995
-985
-973
-992
-991
-991
-959
-991
-991
-991
-987
-992
-990
-945
-959
-833
-959
-973
-931
-931
-987
-987
-990
-987
-987
-987
-987
-987
-987
-987
-987
-987
-987
-987
-987
-987
-987
-987
-987
-987
-987
-959
-987
-987
-987
-987
-987
-987
-917
-992
-973
-959
-973
-973
-992
-931
-991
-991
-992
-805
-959
-991
-991
-995
-987
-991
-991
-992
-987
-931
-931
-987
-987
-987
-987
-931
-987
-959
-987
-987
-987
-987
-987
-987
-987
-987
-987
-987
-987
-987
-987
-987
-987
-959
-987
-987
-903
-875
-931
-987
-987
-987
-987
-959
-959
-987
-987
-987
-987
-987
-987
-987
-987
-987
-987
-987
-987
-987
-987
-987
-987
-987
-987
-987
-987
-987
-987
-987
-987
-987
-987
-987
-987
-875
-875
-931
-959
-987
-890
-973
-959
-959
-987
-989
-989
-931
-989
-989
-989
-989
-989
-989
-989
-989
-989
-989
-989
-989
-989
-989
-989
-989
-989
-989
-989
-989
-989
-989
-989
-989
-989
-989
-989
-989
-989
-989
-989
-989
-959
-987
-931
-959
-987
-987
-987
-987
-987
201
-959
-931
-987
-959
