agent: texplore
env: asterix
Environment is episodic.
set statesPerDim to 0 for all dim
feature 0 has range 30
feature 1 has range 30
feature 2 has range 30
reward range: 1001
Parallel ETUCT tracking real state values
Planner using history size: 0
start parallel uct planning search thread
Start model learning thread
Created MultClass 0 with nModels: 5
Created C4.5 decision tree 0 with == and > splits
Created C4.5 decision tree 6 with == and > splits
Created C4.5 decision tree 12 with == and > splits
Created C4.5 decision tree 18 with == and > splits
Created C4.5 decision tree 24 with == and > splits
Created MultClass 3 with nModels: 5
Created C4.5 decision tree 3 with == and > splits
Created C4.5 decision tree 9 with == and > splits
Created C4.5 decision tree 15 with == and > splits
Created C4.5 decision tree 21 with == and > splits
Created C4.5 decision tree 27 with == and > splits
Created MultClass 4 with nModels: 5
Created C4.5 decision tree 4 with == and > splits
Created C4.5 decision tree 10 with == and > splits
Created C4.5 decision tree 16 with == and > splits
Created C4.5 decision tree 22 with == and > splits
Created C4.5 decision tree 28 with == and > splits
Created MultClass 1 with nModels: 5
Created C4.5 decision tree 1 with == and > splits
Created C4.5 decision tree 7 with == and > splits
Created C4.5 decision tree 13 with == and > splits
Created C4.5 decision tree 19 with == and > splits
Created C4.5 decision tree 25 with == and > splits
Created MultClass 2 with nModels: 5
Created C4.5 decision tree 2 with == and > splits
Created C4.5 decision tree 8 with == and > splits
Created C4.5 decision tree 14 with == and > splits
Created C4.5 decision tree 20 with == and > splits
Created C4.5 decision tree 26 with == and > splits
-982
-995
-994
-992
-994
-994
-995
-993
-993
-994
-995
-996
-991
-996
-997
-995
-995
-995
-994
-996
-989
-995
-994
-994
-994
-994
-994
-983
-994
-981
-976
-996
-995
-995
-990
-992
-990
-995
-986
-989
-995
-991
-991
-993
-989
-995
-991
-991
-974
-996
-993
-991
-991
-994
-995
-991
-991
-995
-991
-991
-995
-995
-991
-993
-995
-991
-996
-995
-994
-996
-993
-993
-996
-996
-990
-991
-994
-990
-989
-991
-993
-991
-991
-991
-993
-993
-995
-991
-993
-993
-993
-991
-993
-996
-996
-991
-993
-991
-991
-991
-991
-991
-991
-993
-990
-990
-990
-991
-995
-990
-991
-991
-991
-993
-991
-991
-980
-996
-997
-987
-992
-996
-992
-992
-997
-973
-997
-992
-992
-983
-996
-997
-997
-996
-990
-960
-985
-996
-984
-981
-973
-995
-996
-980
-981
-996
-983
-996
-984
-983
-960
-992
-995
-992
-992
-990
-995
-992
-995
-991
-992
-995
-990
-992
-995
-992
-995
-992
-992
-992
-996
-990
-992
-996
-996
-996
-996
-983
-992
-992
-995
-995
-995
-992
-992
-992
-992
-992
-992
-992
-990
-992
-990
-990
-992
-992
-995
-992
-992
-992
-992
-992
-990
-992
-992
-992
-992
-992
-990
-992
-992
-992
-992
-992
-992
-992
-994
-990
-992
-992
-992
-996
-989
-992
-995
-992
-996
-995
-992
-992
-992
-992
-995
-992
-992
-992
-995
-992
-995
-979
-981
-990
-983
-990
-982
-990
-973
-973
-971
-996
-990
-973
-973
-973
-990
-990
-973
-996
-988
-990
-932
-995
-973
-973
-990
-973
-973
-973
-973
-996
-973
-985
-997
-985
-988
-995
-988
-990
-988
-981
-973
-946
-995
-996
-995
-996
-995
-995
-995
-995
-995
-995
-995
-995
-995
-995
-995
-995
-995
-995
-995
-995
-995
-995
-995
-995
-995
-995
-995
-995
-995
-995
-995
-995
-995
-995
-995
-995
-995
-995
-995
-995
-995
-994
-981
-981
-943
-981
-994
-983
-994
-995
-995
-995
-982
-995
-995
-995
-995
-995
-995
-982
-995
-995
-995
-995
-995
-995
-995
-995
-995
-995
-995
-995
-995
-995
-995
-995
-995
-995
-995
-996
-995
-995
-996
-976
-990
-994
-994
-994
-944
-990
-983
-988
-994
-994
-959
-981
-988
-972
-975
-972
-945
-977
-977
-981
-973
-983
-973
-973
-983
-983
-983
-983
-981
-983
-889
-977
-990
-990
-983
-988
-983
-975
-959
-983
-984
-959
-984
-983
-958
-983
-984
-931
-983
-931
-959
-990
-995
-995
-990
-995
-932
-983
-991
-988
-990
-991
-990
-983
-984
-984
-990
-975
-983
-985
201
-981
-975
-983
-958
-983
-983
-983
-984
-983
-988
-983
-984
-983
-985
-975
-984
-984
-975
-975
-975
-983
-931
-990
-990
-990
-995
-990
-958
-902
-959
-990
-990
-995
-988
-975
-981
-988
-980
-985
-980
-984
-981
-984
-983
-988
-985
-984
-990
-990
-984
-980
-980
-981
-988
-990
-990
-959
-988
-983
-988
-984
-985
-985
-989
-984
-985
-984
-981
-975
-984
-980
-984
-985
-988
-984
-981
-952
-983
-988
-990
-981
-981
-990
-983
-989
-990
-977
-977
-983
-983
-983
-983
-983
-984
-984
-990
-990
-990
-983
-990
-990
-990
-990
-990
-990
-983
-984
-984
-984
-984
-983
-982
-982
-977
-961
-990
-990
-990
-990
-990
-990
-990
-990
-990
-990
-990
-990
-990
-982
-977
-977
-983
-995
-983
-983
-983
-983
-983
-995
-983
-983
-990
-990
-983
-990
-983
-984
-992
-990
-995
-983
-983
-995
-975
-982
-995
-982
-983
-983
-983
-977
-983
-995
-977
-983
-995
-983
-995
-982
-995
-982
-983
-984
-984
-983
-983
-982
-983
-983
-984
-983
-983
-977
-983
-983
-995
-983
-995
-983
-983
-983
-983
-983
-983
-983
-983
-995
-977
-975
-977
-982
-995
-983
-995
-983
-983
-983
-995
-983
-995
-983
-990
-983
-983
-983
-995
-982
-995
-960
-990
-990
-932
-977
-977
-975
-975
-977
-947
-977
-960
-990
-989
-988
-990
-990
-960
-990
-990
-982
-977
-990
-995
-990
-990
201
201
-982
-995
-992
-988
-975
-876
-977
-988
-990
-988
-990
-975
-977
-977
-977
-977
-977
-977
-919
-977
-960
-995
-977
-977
-977
-977
-975
-977
-982
-977
-988
-977
-959
-960
-960
-988
-987
-990
-848
-876
-990
-988
-990
-988
-990
-988
-990
-988
-990
-988
-988
-990
-988
-990
-988
-990
-988
-988
-995
-988
-848
-990
201
201
-903
-995
201
-847
-990
-987
-990
-987
-990
-990
-990
-987
-959
-987
-987
-990
-995
-931
-987
-990
-990
-990
-990
-990
-990
-990
-990
-959
-987
-990
-987
-987
-987
-987
-990
-990
-987
-990
-990
-990
-990
-990
-990
-990
-995
-990
-990
-990
-990
-959
-990
-987
-931
-987
-990
-987
-990
-987
-990
-987
-990
-987
-990
-987
-990
-987
-990
-987
-990
-987
-990
-987
-959
-819
-987
-990
-987
-990
-987
-990
-959
-990
-847
-987
-987
-987
-987
-987
-990
-931
-987
-959
-987
-987
-987
-987
-987
-987
-987
-987
-987
-995
-959
-987
-987
-987
-987
-959
-987
-987
-959
-987
-987
-987
-987
-987
-987
-987
-987
-987
-987
-987
-987
-990
-987
-987
-987
-987
-987
-987
-987
-987
-987
-987
-987
-987
-987
-987
-987
-987
-987
-987
-987
-987
-987
-931
-929
-987
-931
-987
-931
-995
-987
-959
-990
-987
-987
-987
-959
-959
-992
-959
-990
-987
-990
-987
-990
-987
-987
-987
-987
-987
-987
-987
-987
-987
-990
-990
-987
-992
-990
-987
-990
-987
-990
-987
-987
-990
-987
-990
-987
-990
-987
-987
-987
-990
-987
-990
-987
-990
-987
-957
-987
-995
-987
-987
-995
-959
-987
-987
-987
-990
-987
-990
-931
-990
-987
-990
-987
-990
-987
-990
-987
-990
-987
-987
-987
-987
-987
-987
-990
-987
-987
-990
-990
-987
-987
-990
-987
-990
-987
-990
-987
-987
-987
-990
-987
-990
-987
-987
-959
-987
-990
