agent: texplore
env: asterix
Environment is episodic.
set statesPerDim to 0 for all dim
feature 0 has range 30
feature 1 has range 30
feature 2 has range 30
reward range: 1001
Parallel ETUCT tracking real state values
Planner using history size: 0
Start model learning thread
start parallel uct planning search thread
Created MultClass 0 with nModels: 5
Created C4.5 decision tree 0 with == and > splits
Created C4.5 decision tree 6 with == and > splits
Created C4.5 decision tree 12 with == and > splits
Created C4.5 decision tree 18 with == and > splits
Created C4.5 decision tree 24 with == and > splits
Created MultClass 3 with nModels: 5
Created C4.5 decision tree 3 with == and > splits
Created C4.5 decision tree 9 with == and > splits
Created C4.5 decision tree 15 with == and > splits
Created C4.5 decision tree 21 with == and > splits
Created C4.5 decision tree 27 with == and > splits
Created MultClass 4 with nModels: 5
Created C4.5 decision tree 4 with == and > splits
Created C4.5 decision tree 10 with == and > splits
Created C4.5 decision tree 16 with == and > splits
Created C4.5 decision tree 22 with == and > splits
Created C4.5 decision tree 28 with == and > splits
Created MultClass 1 with nModels: 5
Created C4.5 decision tree 1 with == and > splits
Created C4.5 decision tree 7 with == and > splits
Created C4.5 decision tree 13 with == and > splits
Created C4.5 decision tree 19 with == and > splits
Created C4.5 decision tree 25 with == and > splits
Created MultClass 2 with nModels: 5
Created C4.5 decision tree 2 with == and > splits
Created C4.5 decision tree 8 with == and > splits
Created C4.5 decision tree 14 with == and > splits
-994
Created C4.5 decision tree 20 with == and > splits
Created C4.5 decision tree 26 with == and > splits
-994
-995
-994
-996
-994
-995
-995
-995
-995
-995
-997
-996
-992
-994
-993
-995
-992
-996
-997
-992
-995
-996
-995
-996
-993
-995
-996
-996
-997
-996
-996
-996
-996
-997
-996
-997
-982
-995
-996
-997
-996
-997
-996
-993
-995
-993
-995
-994
-996
-992
-996
-992
-994
-996
-996
-993
-994
-995
-992
-993
-992
-994
-996
-994
-994
-994
-996
-995
-994
-995
-993
-994
-995
-993
-993
-993
-995
-997
-995
-995
-992
-994
-997
-994
-994
-994
-994
-995
-993
-993
-996
-992
-994
-994
-994
-995
-996
-990
-995
-991
-995
-991
-995
-995
-993
-995
-991
-995
-996
-996
-978
-995
-993
-992
-990
-995
-994
-995
-994
-995
-996
-995
-996
-996
-996
-995
-993
-993
-992
-995
-992
-981
-990
-990
-988
-996
-991
-996
-994
-993
-993
-995
-991
-995
-996
-990
-990
-989
-994
-994
-990
-994
-989
-993
-995
-990
-989
-990
-990
-996
-996
-989
-990
-990
-993
-993
-993
-990
-990
-993
-993
-989
-995
-990
-996
-995
-993
-993
-993
-990
-996
-995
-995
-997
-995
-995
-996
-996
-993
-994
-979
-993
-995
-993
-993
-993
-995
-990
-993
-995
-996
-996
-995
-995
-995
-995
-995
-995
-992
-993
-993
-990
-987
-993
-990
-992
-990
-977
-996
-990
-993
-992
-994
-995
-996
-994
-994
-978
-992
-992
-994
-995
-990
-994
-995
-990
-992
-990
-992
-990
-990
-990
-992
-990
-992
-996
-996
-990
-992
-990
-992
-988
-990
-990
-992
-990
-995
-988
-990
-990
-990
-995
-990
-992
-995
-990
-994
-990
-990
-995
-988
-994
-990
-995
-990
-995
-994
-995
-990
-992
-992
-994
-988
-990
-988
-988
-995
-996
-996
-987
-987
-996
-987
-987
-987
-995
-995
-995
-995
-987
-987
-987
-987
-987
-987
-996
-996
-996
-995
-995
-971
-995
-996
-987
-987
-987
-987
-994
-995
-995
-994
-987
-994
-995
-987
-995
-987
-987
-987
-987
-987
-995
-996
-994
-995
-995
-986
-994
-994
-994
-996
-996
-994
-994
-987
-987
-995
-996
-987
-987
-987
-987
-996
-996
-995
-995
-996
-995
-987
-987
-987
-987
-987
-987
-995
-995
-996
-995
-996
-995
-996
-987
-987
-987
-995
-995
-995
-996
-994
-987
-996
-995
-995
-995
-994
-994
-994
-996
-987
-996
-994
-985
-996
-994
-987
-987
-994
-994
-996
-994
-996
-994
-994
-996
-996
-996
-996
-994
-994
-987
-996
-996
-994
-994
-996
-996
-996
-996
-996
-996
-996
-996
-996
-996
-994
-996
-994
-994
-994
-996
-996
-996
-996
-996
-996
-996
-996
-996
-996
-996
-996
-996
-996
-996
-996
-996
-996
-996
-996
-996
-996
-996
-996
-996
-996
-996
-996
-996
-996
-996
-996
-996
-996
-996
-996
-996
-996
-996
-996
-996
-996
-996
-996
-996
-996
-996
-996
-996
-996
-996
-996
-996
-996
-996
-996
-996
-996
-996
-996
-996
-996
-996
-996
-989
-987
-996
-995
-994
-996
-994
-995
-996
-995
-994
-995
-996
-994
-993
-995
-995
-994
-996
-995
-994
-994
-995
-994
-995
-994
-994
-989
-989
-995
-995
-995
-995
-995
-994
-994
-994
-994
-994
-994
-994
-994
-994
-995
-995
-995
-987
-994
-995
-994
-995
-995
-995
-995
-995
-995
-987
-994
-994
-994
-989
-989
-994
-994
-995
-996
-996
-987
-989
-989
-989
-995
-994
-995
-995
-995
-995
-995
-995
-995
-995
-989
-994
-994
-994
-994
-994
-994
-995
-989
-988
-994
-995
-994
-994
-994
-989
-993
-996
-996
-989
-989
-994
-997
-995
-994
-997
-987
-988
-989
-994
-993
-995
-995
-989
-994
-995
-994
-995
-995
-989
-989
-989
-989
-989
-989
-994
-989
-997
-994
-995
-989
-997
-994
-994
-989
-994
-989
-994
-989
-994
-994
-989
-994
-989
-994
-994
-995
-995
-995
-946
-994
-994
-994
-994
-994
-994
-994
-995
-996
-995
-995
-973
-989
-996
-996
-989
-993
-994
-995
-989
-994
-993
-996
-996
-996
-994
-995
-994
-995
-996
-996
-996
-989
-994
-994
-995
-982
-974
-995
-987
-987
-993
-995
-995
-995
-995
-996
-996
-996
-996
-996
-996
-973
-994
-994
-994
-994
-994
-995
-987
-995
-996
-996
-996
-996
-996
-996
-995
-972
-995
-987
-987
-995
-987
-993
-987
-993
-987
-995
-994
-994
-994
-994
-994
-994
-994
-993
-987
-994
-994
-993
-995
-994
-993
-996
-987
-994
-994
-993
-995
-996
-987
-994
-993
-989
-994
-995
-993
-995
-994
-994
-995
-995
-973
-994
-995
-996
-996
-995
-994
-995
-995
-995
-995
-996
-996
-996
-995
-995
-995
-989
-994
-984
-994
-994
-995
-996
-996
-995
-994
-995
-995
-995
-995
-994
-994
-994
-974
-974
-994
-994
-995
-995
-995
-995
-995
-995
-974
-992
-994
-994
-994
-994
-984
-996
-996
-996
-996
-996
-995
-995
-994
-994
-994
-994
-975
-944
-995
-917
-973
-986
-994
-995
-995
-995
-994
-994
-995
-994
-994
-995
-995
-996
-984
-996
-996
-996
-996
-986
-995
-986
-994
-995
-996
-996
-996
-996
-996
-996
-996
-996
-996
-996
-996
-996
-996
-996
-996
-996
-996
-996
-996
-996
-996
-996
-996
-996
-996
-996
-996
-996
-996
-996
-996
-996
-974
-974
-994
-994
-996
-996
-996
-996
-997
-996
-997
-996
-996
-996
-996
-997
-987
-996
-996
-997
-987
-995
-996
-996
-996
-996
-996
-997
-994
-996
-997
-994
-995
-995
-995
-995
-995
-995
-995
-995
-995
-995
-995
-995
-995
-995
-995
-995
-995
-995
-995
-995
-995
-995
-995
-995
-995
-995
-995
-995
-995
-995
-995
-995
-995
-995
-996
-996
-997
-987
-994
-994
-994
-994
-994
-994
-994
-995
-995
-995
-996
-994
-984
-996
-996
-996
-995
-984
-996
-986
-996
-996
-987
-994
-995
-996
-996
-996
-996
-996
-995
-994
-995
-995
-995
-995
-983
-996
-995
-984
-995
-995
-996
-996
-996
-996
-996
-996
-996
-996
