agent: texplore
env: asterix
Environment is episodic.
set statesPerDim to 0 for all dim
feature 0 has range 30
feature 1 has range 30
feature 2 has range 30
reward range: 1001
Parallel ETUCT tracking real state values
Planner using history size: 0
Start model learning thread
start parallel uct planning search thread
Created MultClass 0 with nModels: 5
Created C4.5 decision tree 0 with == and > splits
Created C4.5 decision tree 6 with == and > splits
Created C4.5 decision tree 12 with == and > splits
Created C4.5 decision tree 18 with == and > splits
Created C4.5 decision tree 24 with == and > splits
Created MultClass 3 with nModels: 5
Created C4.5 decision tree 3 with == and > splits
Created C4.5 decision tree 9 with == and > splits
Created C4.5 decision tree 15 with == and > splits
Created C4.5 decision tree 21 with == and > splits
Created C4.5 decision tree 27 with == and > splits
Created MultClass 4 with nModels: 5
Created C4.5 decision tree 4 with == and > splits
Created C4.5 decision tree 10 with == and > splits
Created C4.5 decision tree 16 with == and > splits
Created C4.5 decision tree 22 with == and > splits
Created C4.5 decision tree 28 with == and > splits
Created MultClass 1 with nModels: 5
Created C4.5 decision tree 1 with == and > splits
Created C4.5 decision tree 7 with == and > splits
Created C4.5 decision tree 13 with == and > splits
Created C4.5 decision tree 19 with == and > splits
Created C4.5 decision tree 25 with == and > splits
Created MultClass 2 with nModels: 5
Created C4.5 decision tree 2 with == and > splits
Created C4.5 decision tree 8 with == and > splits
Created C4.5 decision tree 14 with == and > splits
Created C4.5 decision tree 20 with == and > splits
Created C4.5 decision tree 26 with == and > splits
-995
-995
-994
-996
-995
-996
-995
-993
-995
-995
-994
-996
-995
-996
-996
-995
-996
-994
-995
-995
-996
-994
-995
-995
-994
-995
-995
-987
-987
-986
-995
-994
-995
-994
-916
-995
-991
-991
-973
-995
-996
-995
-996
-989
-993
-989
-994
-994
-994
-994
-994
-981
-994
-985
-992
-991
-995
-993
-993
-993
-993
-993
-993
-993
-993
-995
-993
-993
-993
-993
-993
-993
-994
-995
-995
-995
-995
-993
-994
-993
-995
-991
-996
-996
-996
-996
-996
-996
-996
-996
-996
-996
-996
-996
-996
-996
-996
-996
-996
-996
-996
-996
-996
-996
-996
-996
-996
-996
-996
-996
-994
-995
-995
-994
-989
-995
-995
-995
-995
-995
-995
-995
-994
-995
-995
-989
-994
-995
-945
-994
-995
-994
-973
-995
-995
-995
-990
-990
-994
-995
-994
-996
-995
-995
-995
-995
-995
-995
-994
-995
-994
-995
-994
-995
-994
-995
-994
-995
-992
-995
-995
-973
-995
-995
-995
-995
-995
-990
-995
-990
-989
-996
-973
-995
-995
-995
-995
-995
-995
-995
-995
-995
-995
-995
-995
-995
-995
-995
-990
-995
-995
-995
-995
-988
-994
-995
-995
-995
-995
-995
-995
-994
-995
-994
-995
-995
-985
-994
-994
-980
-995
-994
-994
-995
-995
-995
-995
-994
-995
-995
-972
-994
-994
-995
-995
-994
-994
-995
-988
-994
-994
-994
-994
-995
-995
-995
-995
-995
-995
-995
-994
-994
-994
-995
-995
-994
-994
-994
-994
-994
-994
-994
-994
-995
-995
-994
-994
-995
-994
-959
-995
-996
-959
-994
-994
-973
-995
-995
-994
-987
-987
-903
-959
-988
-987
-973
-988
-988
-987
-995
-987
-995
-987
-995
-987
-992
-988
-945
-992
-985
-992
-987
-991
-945
-995
-995
-987
-988
-889
-987
-995
-987
-992
-988
-995
-959
-995
-995
-973
-959
-987
-990
-987
-987
-987
-995
-995
-987
-847
-987
-987
-987
-987
-987
-987
-996
-987
-994
-987
-994
-987
-987
-973
-987
-993
-987
-991
-875
-987
-987
-987
-994
-987
-987
-987
-987
-987
-987
-903
-917
-996
-995
-959
-994
-931
-987
-995
-959
-996
-995
-987
-996
-987
-995
-959
-995
-996
-995
-996
-995
-996
-995
-996
-995
-996
-995
-959
-987
-987
-987
-959
-931
-995
-959
-917
-995
-995
-995
-995
-959
-901
-987
-957
-887
-987
-931
-987
-987
-987
-985
-861
-987
-987
-987
-973
-929
-985
-960
-987
-957
-985
-873
201
-873
-994
-994
-994
-994
-994
-994
-994
-994
-994
-994
-994
-994
-994
-994
-994
-994
-994
-994
-994
-994
-994
-994
-994
-994
-994
-994
-994
-994
-994
-994
-994
-994
-994
-994
-994
-994
-994
-994
-994
-994
-994
-994
-994
-994
-994
-994
-994
-994
-994
-994
-994
-994
-994
-994
-994
-994
-994
-994
-994
-994
-994
-994
-994
-994
-994
-994
-994
-994
-994
-994
-994
-994
-994
-994
-993
-987
-994
-994
-994
-994
-994
-994
-994
-959
-987
-988
-987
-917
-985
-931
-987
-992
-875
-987
-959
-987
-987
-987
-987
-987
-987
-987
-987
-987
-987
-987
-987
-987
-987
-987
-987
-995
-987
-987
-987
-987
-987
-987
-957
-992
-987
-992
-987
-992
-959
-987
-985
-992
-992
-987
-987
-987
-992
-987
-987
-987
-987
-987
-987
-992
-987
-987
-985
-985
-985
-985
-901
-992
-992
-992
-987
-987
-987
-995
-987
-985
-931
-987
-987
-973
-973
-987
-959
-987
-987
-987
-987
-987
-987
-987
-987
-987
-973
-973
-973
-987
-903
-903
-959
-987
-987
-959
-987
-987
-995
-987
-987
-987
-987
-957
-987
-987
-987
-987
-985
-987
-987
-988
-959
-959
-903
201
201
-903
-945
-989
-959
-987
-987
-987
-987
-903
-987
-987
-987
-959
-987
-903
-931
-987
201
-931
-987
-989
-987
-973
-987
-973
-987
-987
-875
-805
-931
-987
-987
-973
-903
-959
-987
-987
-987
201
-903
-959
-987
-987
-987
-987
-847
-959
-987
-987
-931
-987
-987
-987
-931
-987
-987
-987
-959
-987
-995
-931
-987
-988
-988
-959
-847
-987
-987
-987
-987
-987
-987
-987
-987
-987
-959
-875
-959
-987
-987
-987
-987
-987
-931
-987
-987
-987
-987
-987
-987
-987
-987
-959
-987
-987
-987
-987
-987
-959
-959
-903
-959
-959
-987
-987
-987
-959
-987
-987
201
-959
-987
-987
-987
-959
-987
-847
-987
-987
-987
-987
-903
-987
-987
-987
-875
-987
-987
-987
-903
-875
-987
-987
-987
-959
201
-987
-987
-987
-987
-987
-987
-987
-987
-987
-987
-959
-987
-987
-987
-987
-931
-959
-987
-987
-987
-987
-987
-987
-987
-987
-903
-987
-987
-987
-987
-987
-987
-987
-987
-987
-987
-987
-931
-987
-987
-987
-987
-987
-987
-987
-987
-987
-987
-987
-987
-959
-875
-987
-959
-987
-987
-987
-987
-987
-987
-987
-987
-987
-987
-987
-987
-987
-987
-987
-987
-987
-987
-987
-987
-931
-959
-987
-987
-987
-987
-987
-987
-931
-987
-987
-987
-987
-959
-987
-987
-987
-987
-875
-987
-931
-959
-987
-959
-987
-987
-987
-987
-987
-987
-959
-987
-987
-931
-987
-959
-959
-987
-987
-959
-959
-987
-987
-987
-987
-987
-987
-987
-987
-987
-987
-987
-959
-987
-987
-987
-987
-987
-903
-987
-987
-959
-987
-987
-987
-987
-987
-959
-987
-959
-987
-987
-959
-987
-987
-987
-987
-987
-987
-987
-987
-987
-987
-987
-987
-987
-994
-987
-992
-986
-931
-959
-959
201
-987
-987
-987
-959
-987
-987
-959
-987
-987
-931
-987
-985
-985
-987
-959
-987
-959
-987
-987
-987
-875
-987
-987
-987
-987
-987
-987
-987
-959
-987
-987
-987
-987
-987
-959
-959
-987
-987
-987
-987
-987
-987
-987
-987
-987
-959
-987
-931
-987
-987
-959
-931
-987
-987
-903
-987
-987
-987
-987
-987
-988
-987
-931
-987
-987
-987
-959
-959
-987
-987
-987
-987
-987
-987
-987
-987
-959
-987
-931
