agent: texplore
env: asterix
Environment is episodic.
set statesPerDim to 0 for all dim
feature 0 has range 30
feature 1 has range 30
feature 2 has range 30
reward range: 1001
Parallel ETUCT tracking real state values
Planner using history size: 0
Start model learning thread
start parallel uct planning search thread
Created MultClass 0 with nModels: 5
Created C4.5 decision tree 0 with == and > splits
Created C4.5 decision tree 6 with == and > splits
Created C4.5 decision tree 12 with == and > splits
Created C4.5 decision tree 18 with == and > splits
Created C4.5 decision tree 24 with == and > splits
Created MultClass 3 with nModels: 5
Created C4.5 decision tree 3 with == and > splits
Created C4.5 decision tree 9 with == and > splits
Created C4.5 decision tree 15 with == and > splits
Created C4.5 decision tree 21 with == and > splits
Created C4.5 decision tree 27 with == and > splits
Created MultClass 4 with nModels: 5
Created C4.5 decision tree 4 with == and > splits
Created C4.5 decision tree 10 with == and > splits
Created C4.5 decision tree 16 with == and > splits
Created C4.5 decision tree 22 with == and > splits
Created C4.5 decision tree 28 with == and > splits
Created MultClass 1 with nModels: 5
Created C4.5 decision tree 1 with == and > splits
Created C4.5 decision tree 7 with == and > splits
Created C4.5 decision tree 13 with == and > splits
Created C4.5 decision tree 19 with == and > splits
Created C4.5 decision tree 25 with == and > splits
Created MultClass 2 with nModels: 5
Created C4.5 decision tree 2 with == and > splits
Created C4.5 decision tree 8 with == and > splits
Created C4.5 decision tree 14 with == and > splits
Created C4.5 decision tree 20 with == and > splits
Created C4.5 decision tree 26 with == and > splits
-979
-995
-992
-992
-994
-994
-994
-994
-994
-994
-994
-995
-990
-973
-995
-982
-995
-995
-994
-992
-993
-994
-995
-996
-996
-997
-997
-997
-997
-997
-978
-996
-997
-997
-997
-997
-997
-997
-997
-997
-997
-997
-997
-991
-992
-996
-997
-995
-994
-994
-992
-992
-992
-995
-995
-995
-995
-991
-994
-997
-995
-981
-995
-967
-995
-995
-995
-996
-977
-994
-995
-995
-994
-994
-994
-994
-981
-994
-994
-967
-994
-995
-994
-981
-994
-994
-996
-994
-996
-977
-996
-966
-975
-994
-995
-994
-994
-994
-994
-994
-994
-974
-995
-994
-995
-994
-995
-994
-953
-994
-996
-995
-994
-993
-992
-993
-995
-995
-992
-994
-996
-995
-995
-995
-992
-994
-996
-995
-995
-995
-994
-996
-993
-994
-997
-996
-995
-992
-993
-992
-995
-994
-996
-995
-993
-994
-996
-995
-995
-994
-996
-983
-980
-995
-994
-995
-995
-995
-995
-995
-995
-995
-995
-995
-995
-995
-995
-995
-959
-976
-989
-981
-995
-993
-982
-994
-994
-994
-989
-996
-996
-995
-981
-976
-969
-967
-982
-994
-982
-966
-962
-982
-995
-995
-996
-994
-995
-960
-994
-994
-995
-995
-995
-995
-996
-994
-995
-991
-995
-995
-995
-995
-995
-995
-995
-995
-995
-995
-995
-995
-995
-995
-995
-995
-995
-995
-995
-995
-995
-995
-995
-995
-995
-995
-995
-995
-995
-996
-994
-994
-995
-992
-995
-996
-994
-992
-994
-993
-975
-985
-981
-976
-995
-984
-985
-988
-981
-973
-981
-976
-995
-982
-982
-982
-982
-981
-960
-980
-968
-965
-995
-981
-964
-982
-950
-982
-981
-983
-984
-982
-968
-995
-976
-983
-971
-985
-985
-985
-996
-995
-976
-995
-976
-991
-976
-968
-995
-976
-995
-980
-980
-982
-996
-977
-969
-981
-996
-995
-976
-995
-976
-995
-976
-980
-996
-981
-963
-983
-996
-995
-996
-995
-962
-996
-978
-983
-983
-995
-963
-980
-996
-980
-981
-996
-995
-980
-970
-996
-981
-996
-927
-996
-980
-996
-981
-995
-996
-980
-982
-996
-976
-995
-980
-996
-955
-983
-994
-995
-976
-980
-980
-995
-980
-982
-981
-996
-994
-995
-995
-995
-996
-994
-995
-995
-980
-995
-995
-995
-995
-980
-982
-995
-996
-980
-990
-970
-996
-978
-995
-995
-995
-995
-995
-995
-996
-982
-983
-994
-995
-995
-995
-980
-982
-994
-995
-995
-995
-996
-988
-996
-994
-995
-995
-995
-995
-995
-995
-995
-980
-984
-994
-995
-960
-995
-996
-996
-996
-996
-996
-995
-990
-990
-990
-980
-996
-960
-995
-996
-985
-996
-960
-995
-996
-976
-996
-987
-996
-996
-995
-996
-995
-996
-985
-995
-996
-995
-995
-996
-995
-996
-995
-996
-996
-996
-996
-996
-995
-996
-996
-995
-995
-995
-996
-995
-996
-996
-996
-996
-996
-996
-996
-996
-996
-996
-996
-996
-996
-995
-995
-996
-996
-996
-996
-996
-995
-996
-996
-996
-996
-996
-996
-996
-996
-996
-996
-996
-996
-996
-995
-995
-995
-996
-995
-990
-996
-995
-996
-995
-976
-991
-991
-991
-991
-991
-991
-995
-995
-991
-996
-995
-996
-995
-990
-991
-995
-996
-995
-989
-989
-994
-986
-996
-990
-990
-996
-990
-995
-996
-990
-991
-991
-995
-995
-995
-995
-995
-994
-991
-981
-994
-995
-995
-994
-976
-995
-995
-982
-976
-996
-994
-969
-969
-995
-995
-995
-995
-995
-995
-995
-995
-995
-995
-984
-996
-994
-984
-995
-995
-995
-995
-995
-995
-995
-995
-995
-994
-995
-995
-994
-995
-995
-995
-995
-995
-995
-995
-995
-995
-995
-995
-995
-995
-995
-995
-995
-995
-995
-995
-994
-995
-995
-995
-995
-995
-995
-995
-995
-995
-995
-995
-995
-995
-995
-995
-995
-995
-995
-995
-995
-995
-995
-995
-995
-995
-995
-995
-994
-995
-981
-994
-956
-980
-988
-994
-995
-994
-995
-995
-995
-983
-983
-984
-994
-983
-960
-994
-995
-983
-983
-995
-995
-994
-972
-983
-995
-995
-982
-994
-995
-981
-966
-979
-940
-966
-994
-994
-994
-994
-994
-982
-980
-970
-955
-995
-994
-994
-995
-994
-995
-994
-971
-994
-995
-994
-994
-994
-994
-994
-994
-981
-994
-994
-994
-994
-995
-994
-981
-983
-981
-969
-994
-994
-995
-994
-995
-994
-994
-994
-994
-994
-995
-994
-994
-994
-994
-994
-994
-994
-994
-994
-994
-994
-994
-994
-994
-994
-967
-994
-994
-994
-994
-994
-994
-994
-994
-994
-994
-995
-994
-995
-994
-995
-994
-994
-995
-994
-994
-994
-994
-995
-994
-994
-994
-994
-994
-995
-981
-984
-994
-994
-994
-994
-994
-995
-984
-983
-984
-984
-975
-994
-995
-994
-994
-995
-994
-994
-994
-995
-981
-994
-994
-994
-994
-994
-994
-994
-994
-994
-994
-994
-994
-994
-994
-994
-994
-994
-994
-994
-994
-994
-994
-994
-994
-994
-994
-994
-995
-994
-995
-994
-994
-994
-995
-994
-994
-994
-994
-995
-994
-995
-994
-994
-982
-980
-994
-995
-995
-994
-995
-981
-980
-994
-995
-994
-994
-995
-994
-994
-995
-994
-995
-994
-994
-995
-983
-994
-995
-994
-994
-994
-994
-995
-994
-984
-994
-968
-975
-982
-980
-994
-983
-955
-974
-981
-995
-994
-995
-994
-995
-994
-949
-994
-995
-994
-982
-980
-994
-995
-994
-995
-994
-997
-994
-995
-995
-994
-997
-968
-983
-946
-994
-995
-950
-995
-994
-995
-994
-994
-995
-994
-994
-994
-995
-994
-995
-994
-995
-994
-995
-994
-995
-994
-995
-994
-995
-994
-995
-980
-994
-983
-994
-967
-994
-994
-994
-994
-983
-995
-994
-983
-984
-994
-995
-994
-994
-966
-994
-994
-994
-994
-994
-994
-994
-995
-981
-963
-995
-994
-982
-969
-963
-995
-994
-983
-995
-949
-994
-980
-994
-994
-994
-994
-981
-988
-983
-994
-994
-982
-966
-995
-994
-995
-994
-985
-967
-995
-994
-982
-966
-994
