agent: texplore
env: asterix
Environment is episodic.
set statesPerDim to 0 for all dim
feature 0 has range 30
feature 1 has range 30
feature 2 has range 30
reward range: 1001
Parallel ETUCT tracking real state values
Planner using history size: 0
Start model learning thread
start parallel uct planning search thread
Created MultClass 0 with nModels: 5
Created C4.5 decision tree 0 with == and > splits
Created C4.5 decision tree 6 with == and > splits
Created C4.5 decision tree 12 with == and > splits
Created C4.5 decision tree 18 with == and > splits
Created C4.5 decision tree 24 with == and > splits
Created MultClass 3 with nModels: 5
Created C4.5 decision tree 3 with == and > splits
Created C4.5 decision tree 9 with == and > splits
Created C4.5 decision tree 15 with == and > splits
Created C4.5 decision tree 21 with == and > splits
Created C4.5 decision tree 27 with == and > splits
Created MultClass 4 with nModels: 5
Created C4.5 decision tree 4 with == and > splits
Created C4.5 decision tree 10 with == and > splits
Created C4.5 decision tree 16 with == and > splits
Created C4.5 decision tree 22 with == and > splits
Created C4.5 decision tree 28 with == and > splits
Created MultClass 1 with nModels: 5
Created C4.5 decision tree 1 with == and > splits
Created C4.5 decision tree 7 with == and > splits
Created C4.5 decision tree 13 with == and > splits
Created C4.5 decision tree 19 with == and > splits
Created C4.5 decision tree 25 with == and > splits
Created MultClass 2 with nModels: 5
Created C4.5 decision tree 2 with == and > splits
Created C4.5 decision tree 8 with == and > splits
Created C4.5 decision tree 14 with == and > splits
Created C4.5 decision tree 20 with == and > splits
Created C4.5 decision tree 26 with == and > splits
-995
-994
-995
-994
-995
-995
-994
-959
-987
-995
-995
-973
-995
-995
-995
-995
-992
-995
-995
-991
-995
-995
-995
-995
-995
-995
-995
-995
-995
-995
-995
-995
-995
-995
-995
-995
-995
-995
-995
-996
-973
-994
-994
-994
-995
-994
-995
-991
-994
-994
-994
-994
-994
-994
-991
-972
-995
-971
-994
-972
-994
-990
-992
-995
-992
-994
-992
-994
-992
-995
-992
-995
-994
-994
-994
-995
-994
-995
-996
-996
-996
-996
-996
-996
-996
-996
-996
-996
-996
-996
-996
-996
-996
-996
-996
-996
-996
-996
-992
-994
-988
-992
-991
-968
-975
-991
-995
-994
-991
-995
-991
-988
-995
-988
-995
-991
-990
-991
-991
-991
-991
-991
-991
-991
-991
-991
-995
-991
-997
-993
-994
-994
-994
-994
-994
-994
-994
-994
-994
-994
-994
-994
-994
-994
-994
-994
-994
-994
-994
-994
-995
-994
-995
-994
-995
-994
-995
-994
-992
-994
-995
-992
-994
-982
-992
-994
-990
-990
-995
-990
-990
-995
-990
-994
-994
-992
-983
-990
-989
-994
-994
-995
-990
-990
-985
-994
-995
-983
-994
-995
-985
-990
-989
-983
-989
-994
-992
-990
-994
-983
-994
-995
-984
-994
-995
-994
-972
-995
-985
-973
-989
-989
-985
-973
-994
-995
-994
-988
-988
-994
-995
-994
-995
-976
-944
-994
-995
-994
-982
-995
-976
-981
-995
-989
-994
-995
-989
-995
-971
-989
-954
-982
-982
-982
-976
-994
-988
-994
-989
-995
-975
-989
-989
-989
201
-989
-994
-995
-989
-989
-995
-981
-994
-991
-994
-991
-994
-991
-994
-995
-994
-995
-994
-995
-992
-995
-992
-995
-992
-995
-994
-995
-994
-995
-992
-994
-995
-994
-995
-993
-995
-993
-995
-993
-995
-993
-995
-994
-995
-993
-995
-993
-995
-993
-995
-993
-995
-993
-995
-993
-995
-993
-995
-993
-995
-993
-995
-993
-995
-993
-994
-995
-994
-993
-995
-993
-995
-987
-981
-989
-995
-992
-992
-994
-988
-982
-989
-995
-980
-992
-992
-992
-992
-992
-992
-992
-992
-975
-976
-994
-994
-994
-989
-994
-987
-983
-982
-989
-989
-990
-984
-989
-973
-973
-989
-958
-994
-983
-994
-990
-995
-981
-990
-995
-994
-987
-995
-988
-987
-995
-973
-983
-973
-973
-973
-988
-988
-988
-988
-988
-994
-987
-995
-988
-988
-988
-983
-987
-995
-959
-995
-931
-995
-988
-988
-988
-994
-959
-996
-988
-994
-995
-994
-995
-988
-988
-994
-995
-994
-995
-994
-995
-994
-995
-994
-995
-994
-995
-994
-995
-994
-995
-994
-995
-987
-989
-987
-995
-989
-987
-995
-958
-996
-994
-987
-960
-993
-987
-995
-987
-993
-993
-993
-985
-987
-995
-987
-993
-985
-973
-985
-993
-986
-986
-973
-974
-994
-995
-995
-959
-945
-987
-989
-995
-987
-994
-995
-994
-995
-994
-995
-994
-995
-994
-995
-994
-995
-994
-995
-994
-995
-994
-995
-994
-995
-994
-995
-994
-995
-994
-995
-994
-995
-994
-995
-994
-987
-994
-987
-995
-987
-993
-987
-994
-995
-995
-995
-987
-995
-987
-995
-931
-995
-994
-987
-995
-987
-995
-987
-995
-987
-995
-987
-995
-987
-995
-987
-995
-987
-994
-987
-995
-987
-995
-995
-994
-995
-994
-987
-995
-987
-995
-987
-995
-994
-987
-995
-994
-995
-994
-973
-987
-995
-987
-995
-987
-995
-987
-995
-987
-995
-987
-995
-987
-994
-987
-996
-994
-987
-993
-987
-996
-994
-987
-996
-994
-987
-987
-994
-973
-987
-994
-973
-995
-995
-995
-959
-985
-985
-995
-995
-995
-995
-985
-995
-995
-995
-995
-995
-994
-994
-974
-996
-973
-995
-985
-994
-994
-993
-994
-985
-994
-931
-973
-974
-995
-959
-994
-985
-985
-985
-985
-994
-994
-994
-994
-994
-994
-985
-974
-995
-994
-995
-985
-985
-994
-995
-987
-994
-985
-985
-987
-931
-973
-959
-985
-973
-994
-985
-994
-917
-959
-994
-917
-987
-985
-985
-994
-997
-996
-996
-973
-995
-973
-987
-994
-973
-995
-995
-987
-995
-987
-995
-995
-995
-987
-994
-985
-995
-995
-973
-995
-995
-987
-987
-995
-995
-995
-973
-996
-995
-959
-995
-995
-995
-995
-995
-995
-985
-994
-985
-995
-985
-995
-995
-995
-995
-995
-995
-995
-995
-995
-995
-985
-994
-985
-985
-889
-995
-973
-987
-987
-995
-994
-996
-995
-995
-987
-987
-987
-995
-987
-987
-987
-987
-987
-987
-987
-987
-995
-995
-995
-995
-995
-995
-987
-987
-987
-985
-987
-987
-994
-987
-987
-973
-957
-994
-985
-985
-973
-987
-945
-987
-994
-973
-985
-987
-995
-987
-985
-985
-985
-987
-994
-995
-994
-995
-994
-995
-994
-995
-994
-996
-985
-995
-985
-987
-995
-995
-994
-973
-987
-987
-995
-987
-995
-994
-973
-973
-994
-985
-987
-987
-973
-987
-995
-987
-987
-973
-995
-973
-985
-985
-987
-996
-994
-995
-987
-995
-995
-995
-987
-973
-987
-990
-971
-994
-945
-985
-994
-987
-973
-987
-987
-995
-987
-987
-995
-987
-995
-987
-995
-987
-995
-987
-994
-995
-994
-996
-985
-987
-987
-994
-995
-995
-987
-985
-994
-995
-987
-989
-987
-994
-987
-994
-987
-987
-973
-994
-931
-987
-987
-987
-915
-987
-994
-995
-994
-995
-987
-987
-987
-987
-971
-995
-987
-945
-987
-985
-987
-973
-987
-987
-994
-973
-994
-996
-987
-973
-994
-995
-987
-973
-994
-985
-994
-943
-957
-973
-985
-995
-994
-987
-985
-994
-991
-987
-973
-994
-971
-985
-987
-987
-985
-988
-995
-985
-987
-973
-971
-957
-973
-985
-994
-995
-985
-994
-985
-985
-987
-985
-995
-971
-987
-995
-994
-995
-994
-995
-994
-995
-994
-995
-994
-987
-987
-994
-995
-994
-995
-987
-931
-994
-943
-994
-995
-994
-995
-995
-945
-987
-984
-995
-987
-987
-994
-987
-995
-994
-959
-995
-995
-985
-987
-995
-987
-994
-995
-987
-985
