agent: texplore
env: asterix
Environment is episodic.
set statesPerDim to 0 for all dim
feature 0 has range 30
feature 1 has range 30
feature 2 has range 30
reward range: 1001
Parallel ETUCT tracking real state values
Planner using history size: 0
Start model learning thread
start parallel uct planning search thread
Created MultClass 0 with nModels: 5
Created C4.5 decision tree 0 with == and > splits
Created C4.5 decision tree 6 with == and > splits
Created C4.5 decision tree 12 with == and > splits
Created C4.5 decision tree 18 with == and > splits
Created C4.5 decision tree 24 with == and > splits
Created MultClass 3 with nModels: 5
Created C4.5 decision tree 3 with == and > splits
Created C4.5 decision tree 9 with == and > splits
Created C4.5 decision tree 15 with == and > splits
Created C4.5 decision tree 21 with == and > splits
Created C4.5 decision tree 27 with == and > splits
Created MultClass 4 with nModels: 5
Created C4.5 decision tree 4 with == and > splits
Created C4.5 decision tree 10 with == and > splits
Created C4.5 decision tree 16 with == and > splits
Created C4.5 decision tree 22 with == and > splits
Created C4.5 decision tree 28 with == and > splits
Created MultClass 1 with nModels: 5
Created C4.5 decision tree 1 with == and > splits
Created C4.5 decision tree 7 with == and > splits
Created C4.5 decision tree 13 with == and > splits
Created C4.5 decision tree 19 with == and > splits
Created C4.5 decision tree 25 with == and > splits
Created MultClass 2 with nModels: 5
Created C4.5 decision tree 2 with == and > splits
Created C4.5 decision tree 8 with == and > splits
Created C4.5 decision tree 14 with == and > splits
Created C4.5 decision tree 20 with == and > splits
Created C4.5 decision tree 26 with == and > splits
-994
-994
-992
-994
-996
-994
-995
-992
-995
-994
-993
-996
-994
-995
-995
-992
-994
-995
-994
-995
-994
-994
-995
-996
-995
-994
-995
-994
-992
-996
-996
-992
-995
-996
-995
-995
-995
-995
-996
-916
-994
-994
-995
-973
-974
-995
-996
-972
-974
-974
-991
-991
-986
-985
-991
-991
-991
-991
-991
-994
-994
-994
-994
-994
-994
-994
-994
-994
-994
-994
-994
-994
-994
-994
-994
-994
-996
-994
-993
-991
-994
-991
-996
-994
-994
-990
-990
-981
-994
-993
-994
-994
-976
-946
-995
-996
-996
-993
-995
-991
-995
-991
-997
-994
-993
-993
-993
-991
-993
-991
-993
-991
-993
-993
-993
-993
-991
-994
-995
-995
-991
-996
-991
-994
-975
-995
-987
-989
-995
-974
-994
-995
-995
-989
-991
-987
-973
-989
-987
-989
-995
-988
-974
-994
-973
-995
-983
-994
-994
-994
-994
-994
-994
-989
-994
-994
-969
-995
-995
-995
-959
-971
-995
-959
-981
-995
-995
-974
-988
-995
-987
-959
-959
-987
-987
-973
-995
-945
-988
-995
-996
-996
-996
-996
-996
-996
-991
-996
-996
-996
-996
-996
-996
-996
-985
-945
-995
-996
-973
-973
-996
-973
-996
-996
-997
-988
-987
-988
-987
-987
-996
-996
-988
-987
-987
-987
-988
-988
-996
-988
-996
-988
-987
-997
-988
-988
-995
-973
-996
-989
-987
-987
-959
-990
-987
-987
-995
-997
-997
-997
-989
-990
-987
-993
-996
-996
-996
-991
-989
-996
-996
-996
-994
-995
-995
-975
-996
-996
-996
-996
-996
-996
-996
-996
-996
-996
-996
-996
-996
-996
-996
-996
-996
-996
-996
-996
-996
-996
-996
-996
-996
-996
-996
-996
-996
-993
-973
-988
-995
-995
-996
-973
-995
-995
-995
-995
-985
-995
-995
-995
-995
-995
-995
-995
-995
-973
-995
-973
-987
-987
-988
-995
-985
-995
-995
-973
-988
-988
-988
-987
-995
-996
-995
-987
-995
-973
-995
-987
-995
-987
-995
-987
-987
-996
-995
-996
-987
-995
-996
-987
-995
-996
-987
-995
-987
-987
-987
-995
-973
-995
-987
-973
-995
-945
-959
-996
-973
-995
-995
-973
-994
-994
-994
-987
-996
-987
-995
-987
-991
-990
-987
-996
-996
-993
-993
-990
-993
-995
-987
-988
-988
-987
-997
-973
-997
-973
-996
-995
-997
-973
-997
-987
-987
-988
-996
-996
-996
-995
-997
-945
-997
-973
-995
-996
-995
-996
-996
-959
-994
-987
-917
-987
-917
-917
-917
-959
-917
-986
-995
-986
-995
-986
-995
-986
-995
-986
-995
-986
-995
-986
-995
-986
-995
-986
-995
-986
-995
-986
-995
-986
-995
-986
-994
-987
-996
-987
-987
-986
-996
-992
-992
-973
-987
-973
-987
-973
-917
-917
-987
-987
-973
-917
-917
-945
-945
-987
-990
-987
-973
-917
-959
-931
-987
-987
-987
-917
-993
-959
-987
-973
-987
-987
-987
-959
-945
-973
-973
-945
-973
-973
-973
-973
-973
-992
-989
-987
-959
-971
-959
-973
-973
-973
-973
-995
-945
-959
-945
-917
-987
-959
-917
-917
-931
-917
-973
-996
-973
-991
-917
-917
-917
-994
-931
-931
-973
-917
-996
-994
-987
-987
-987
-987
-987
-917
-994
-995
-959
-987
-959
-986
-917
-996
-994
-917
-994
-994
-994
-994
-994
-994
-945
-945
-973
-973
-973
-917
-917
-917
-917
-959
-995
-995
-995
-959
-987
-959
-931
-987
-987
-973
-917
-917
-994
-994
-917
-917
-917
-917
-917
-917
-994
-931
-973
-959
-917
-994
-987
-971
-917
-995
-995
-971
-994
-995
-995
-945
-973
-995
-995
-995
-971
-995
-995
-995
-995
-995
-995
-995
-995
-973
-973
-973
-973
-945
-996
-994
-994
-994
-995
-945
-931
-917
-917
-996
-994
-994
-994
-994
-994
-994
-994
-917
-994
-917
-917
-996
-994
-994
-931
-931
-917
-994
-994
-917
-996
-994
-994
-994
-994
-994
-995
-973
-996
-994
-994
-994
-994
-994
-994
-994
-994
-994
-994
-994
-987
-917
-996
-994
-994
-994
-994
-994
-994
-994
-994
-994
-994
-994
-994
-994
-994
-917
-987
-959
-987
-987
-917
-917
-996
-994
-994
-994
-994
-994
-994
-994
-994
-973
-996
-994
-994
-991
-990
-917
-917
-996
-994
-994
-994
-994
-994
-994
-917
-996
-987
-987
-987
-917
-996
-994
-994
-994
-994
-994
-931
-917
-996
-994
-931
-973
-996
-994
-994
-994
-994
-994
-994
-994
-994
-994
-994
-994
-994
-994
-994
-994
-994
-994
-994
-994
-994
-994
-994
-994
-917
-996
-994
-994
-994
-994
-994
-985
-917
-996
-994
-994
-994
-994
-994
-994
-994
-994
-994
-994
-994
-994
-994
-994
-994
-994
-994
-994
-994
-994
-994
-994
-994
-994
-994
-994
-994
-994
-994
-994
-994
-994
-994
-994
-994
-994
-994
-994
-994
-994
-945
-973
-996
-994
-945
-973
-996
-994
-959
-917
-996
-994
-994
-994
-994
-994
-994
-994
-994
-994
-994
-994
-994
-994
-994
-994
-994
-917
-996
-994
-994
-994
-994
-994
-994
-994
-994
-994
-994
-994
-994
-994
-994
-994
-994
-994
-994
-994
-994
-994
-994
-994
-994
-994
-994
-994
-994
-994
-994
-994
-994
-994
-994
-994
-994
-994
-994
-994
-994
-994
-994
-917
-996
-994
-994
-994
-994
-917
-996
-994
-994
-994
-994
-994
-994
-994
-994
-994
-994
-994
-994
-994
-994
-994
-994
-994
-994
-994
-994
-994
-994
-994
-994
-994
-994
-994
-984
-917
-996
-994
-994
-994
-994
-994
-994
-994
-994
-994
-994
-994
-994
-994
-994
-994
-994
-994
-994
-994
-994
-994
-994
-994
-994
-994
-994
-994
-994
-994
-994
-994
-994
-994
-994
-995
-945
-996
-994
-994
-994
-994
-917
-996
-994
-994
-994
-994
-994
-994
-994
-994
-994
-994
-994
-994
-994
-994
-994
-994
-994
-994
-994
-994
-994
-994
-994
-994
-994
-987
-994
-945
-994
-994
-994
-994
-973
-994
-994
-994
-994
-994
-994
-994
-994
-994
-994
-994
