agent: texplore
env: asterix
Environment is episodic.
set statesPerDim to 0 for all dim
feature 0 has range 30
feature 1 has range 30
feature 2 has range 30
reward range: 1001
Parallel ETUCT tracking real state values
Planner using history size: 0
Start model learning thread
start parallel uct planning search thread
Created MultClass 0 with nModels: 5
Created C4.5 decision tree 0 with == and > splits
Created C4.5 decision tree 6 with == and > splits
Created C4.5 decision tree 12 with == and > splits
Created C4.5 decision tree 18 with == and > splits
Created C4.5 decision tree 24 with == and > splits
Created MultClass 3 with nModels: 5
Created C4.5 decision tree 3 with == and > splits
Created C4.5 decision tree 9 with == and > splits
Created C4.5 decision tree 15 with == and > splits
Created C4.5 decision tree 21 with == and > splits
Created C4.5 decision tree 27 with == and > splits
Created MultClass 4 with nModels: 5
Created C4.5 decision tree 4 with == and > splits
Created C4.5 decision tree 10 with == and > splits
Created C4.5 decision tree 16 with == and > splits
Created C4.5 decision tree 22 with == and > splits
Created C4.5 decision tree 28 with == and > splits
Created MultClass 1 with nModels: 5
Created C4.5 decision tree 1 with == and > splits
Created C4.5 decision tree 7 with == and > splits
Created C4.5 decision tree 13 with == and > splits
Created C4.5 decision tree 19 with == and > splits
Created C4.5 decision tree 25 with == and > splits
Created MultClass 2 with nModels: 5
Created C4.5 decision tree 2 with == and > splits
Created C4.5 decision tree 8 with == and > splits
Created C4.5 decision tree 14 with == and > splits
Created C4.5 decision tree 20 with == and > splits
Created C4.5 decision tree 26 with == and > splits
-994
-994
-994
-996
-994
-995
-994
-993
-992
-995
-995
-995
-994
-994
-994
-994
-993
-996
-995
-994
-994
-995
-995
-995
-995
-994
-996
-984
-994
-993
-994
-995
-996
-993
-996
-994
-992
-995
-992
-993
-992
-995
-972
-994
-995
-994
-990
-996
-989
-989
-988
-959
-996
-996
-985
-995
-997
-997
-997
-997
-997
-982
-991
-983
-995
-960
-997
-995
-994
-996
-995
-995
-995
-983
-996
-994
-995
-995
-995
-994
-995
-994
-994
-995
-995
-995
-991
-995
-996
-982
-992
-994
-990
-995
-991
-967
-994
-992
-981
-995
-981
-994
-994
-995
-994
-990
-990
-994
-995
-974
-994
-995
-987
-994
-987
-987
-994
-991
-994
-995
-994
-995
-994
-995
-994
-995
-988
-995
-974
-994
-995
-987
-995
-994
-995
-995
-986
-987
-995
-973
-994
-995
-994
-994
-995
-994
-994
-993
-995
-983
-995
-994
-994
-994
-993
-994
-995
-994
-995
-994
-995
-994
-995
-994
-995
-994
-995
-994
-994
-995
-994
-994
-995
-994
-995
-994
-995
-994
-995
-994
-995
-994
-995
-994
-995
-994
-995
-994
-995
-994
-995
-994
-995
-994
-995
-994
-995
-994
-995
-994
-995
-994
-995
-994
-995
-994
-995
-994
-995
-994
-995
-994
-995
-994
-995
-994
-995
-994
-995
-995
-994
-994
-994
-995
-994
-981
-968
-994
-994
-993
-996
-992
-994
-994
-987
-989
-995
-989
-983
-995
-994
-995
-983
-995
-994
-994
-989
-995
-994
-989
-995
-989
-995
-994
-994
-994
-994
-989
-995
-989
-995
-989
-989
-995
-989
-995
-989
-995
-994
-989
-995
-989
-995
-989
-995
-989
-995
-989
-995
-989
-995
-989
-995
-989
-995
-989
-995
-989
-995
-989
-995
-989
-995
-989
-995
-989
-995
-989
-995
-995
-989
-984
-989
-994
-981
-996
-983
-994
-995
-994
-995
-995
-995
-994
-995
-994
-994
-994
-994
-995
-993
-992
-996
-995
-994
-994
-994
-993
-994
-993
-994
-993
-982
-996
-996
-996
-996
-996
-996
-995
-995
-984
-980
-984
-995
-995
-995
-995
-994
-994
-984
-996
-995
-995
-994
-995
-995
-995
-995
-995
-995
-995
-995
-995
-995
-995
-995
-995
-984
-995
-984
-996
-995
-995
-995
-995
-995
-995
-995
-995
-995
-995
-996
-995
-995
-984
-991
-994
-995
-994
-995
-994
-984
-984
-995
-995
-994
-995
-995
-995
-995
-983
-983
-994
-995
-977
-995
-995
-984
-995
-994
-995
-981
-994
-995
-994
-996
-995
-975
-977
-977
-995
-977
-994
-994
-994
-995
-983
-995
-994
-996
-996
-996
-995
-977
-996
-991
-995
-996
-991
-995
-995
-994
-994
-995
-995
-995
-995
-995
-995
-996
-991
-995
-995
-994
-994
-994
-995
-995
-994
-994
-995
-991
-995
-994
-994
-994
-994
-995
-994
-995
-995
-993
-994
-996
-994
-994
-994
-994
-983
-983
-996
-983
-977
-994
-995
-977
-994
-994
-994
-994
-996
-994
-981
-977
-977
-994
-995
-994
-996
-988
-995
-994
-995
-994
-994
-976
-994
-994
-994
-994
-995
-995
-983
-949
-995
-996
-980
-994
-994
-981
-996
-980
-994
-995
-994
-994
-994
-995
-994
-995
-994
-966
-994
-994
-994
-994
-994
-980
-995
-966
-994
-995
-994
-994
-949
-994
-994
-968
-994
-994
-994
-981
-996
-994
-981
-994
-995
-981
-995
-981
-995
-996
-994
-980
-976
-995
-994
-976
-994
-994
-980
-996
-983
-983
-983
-974
-995
-994
-995
-994
-994
-994
-994
-994
-994
-994
-976
-994
-973
-975
-995
-981
-996
-996
-983
-983
-985
-994
-994
-994
-994
-994
-994
-994
-994
-981
-995
-994
-994
-994
-994
-994
-995
-994
-994
-994
-994
-994
-994
-984
-995
-981
-983
-975
-985
-995
-995
-994
-996
-995
-995
-994
-983
-994
-984
-983
-990
-994
-983
-980
-996
-979
-995
-994
-984
-984
-981
-983
-966
-995
-995
-994
-981
-983
-981
-981
-982
-985
-994
-994
-994
-994
-994
-983
-983
-984
-974
-994
-994
-994
-994
-994
-995
-995
-959
-995
-995
-974
-994
-982
-975
-976
-997
-997
-984
-995
-983
-996
-984
-983
-983
-996
-995
-983
-984
-983
-984
-995
-996
-983
-983
-983
-983
-968
-967
-995
-988
-981
-995
-994
-994
-994
-994
-995
-994
-995
-995
-995
-995
-994
-980
-955
-995
-989
-981
-997
-996
-996
-980
-995
-995
-995
-995
-995
-995
-981
-980
-994
-994
-995
-995
-995
-995
-995
-995
-994
-996
-996
-994
-994
-994
-994
-994
-994
-994
-994
-980
-996
-980
-995
-995
-995
-980
-995
-995
-995
-995
-994
-994
-994
-989
-989
-989
-995
-995
-995
-995
-995
-995
-989
-989
-989
-989
-989
-989
-989
-989
-995
-995
-994
-994
-980
-996
-980
-996
-995
-989
-995
-981
-996
-968
-996
-980
-995
-995
-968
-996
-981
-995
-995
-995
-980
-995
-989
-994
-995
-980
-989
-995
-981
-980
-980
-995
-995
-995
-995
-995
-995
-995
-995
-995
-995
-996
-989
-989
-996
-996
-996
-996
-996
-989
-989
-989
-981
-981
-996
-980
-994
-995
-995
-995
-995
-995
-952
-995
-995
-995
-994
-995
-994
-995
-996
-967
-995
-995
-994
-994
-980
-994
-994
-994
-994
-994
-994
-994
-994
-980
-966
-980
-995
-995
-981
-989
-995
-995
-995
-995
-967
-995
-981
-981
-996
-981
-995
-995
-995
-976
-995
-970
-995
-968
-994
-983
-983
-983
-983
-985
-981
-983
-983
-983
-983
-981
-983
-983
-983
-983
-983
-983
-996
-996
-969
-996
-996
-996
-996
-996
-983
-985
-983
-986
-996
-996
-976
-985
-981
-996
-983
-983
-981
-981
-983
-996
-981
-995
-995
-994
-996
-974
-969
-995
-995
-995
-995
-976
-995
-976
-995
-976
-980
-976
-974
-995
-994
-974
-995
-981
-974
-995
-970
-995
-980
-968
-995
-970
-995
-981
-983
-983
-983
-976
-995
-976
-995
-976
-995
-981
-983
-983
-976
-981
-996
-976
-994
-996
-976
-995
-973
-974
