agent: texplore
env: asterix
Environment is episodic.
set statesPerDim to 0 for all dim
feature 0 has range 30
feature 1 has range 30
feature 2 has range 30
reward range: 1001
Parallel ETUCT tracking real state values
Planner using history size: 0
Start model learning thread
start parallel uct planning search thread
Created MultClass 0 with nModels: 5
Created C4.5 decision tree 0 with == and > splits
Created C4.5 decision tree 6 with == and > splits
Created C4.5 decision tree 12 with == and > splits
Created C4.5 decision tree 18 with == and > splits
Created C4.5 decision tree 24 with == and > splits
Created MultClass 3 with nModels: 5
Created C4.5 decision tree 3 with == and > splits
Created C4.5 decision tree 9 with == and > splits
Created C4.5 decision tree 15 with == and > splits
Created C4.5 decision tree 21 with == and > splits
Created C4.5 decision tree 27 with == and > splits
Created MultClass 4 with nModels: 5
Created C4.5 decision tree 4 with == and > splits
Created C4.5 decision tree 10 with == and > splits
Created C4.5 decision tree 16 with == and > splits
Created C4.5 decision tree 22 with == and > splits
Created C4.5 decision tree 28 with == and > splits
Created MultClass 1 with nModels: 5
Created C4.5 decision tree 1 with == and > splits
Created C4.5 decision tree 7 with == and > splits
Created C4.5 decision tree 13 with == and > splits
Created C4.5 decision tree 19 with == and > splits
Created C4.5 decision tree 25 with == and > splits
Created MultClass 2 with nModels: 5
Created C4.5 decision tree 2 with == and > splits
Created C4.5 decision tree 8 with == and > splits
Created C4.5 decision tree 14 with == and > splits
Created C4.5 decision tree 20 with == and > splits
Created C4.5 decision tree 26 with == and > splits
-994
-994
-995
-995
-985
-990
-995
-997
-995
-994
-991
-995
-994
-994
-994
-994
-994
-990
-994
-995
-981
-994
-995
-994
-994
-995
-987
-989
-959
-995
-997
-995
-995
-996
-994
-995
-994
-994
-994
-982
-995
-995
-994
-994
-996
-995
-994
-994
-992
-994
-995
-996
-996
-996
-994
-980
-981
-987
-989
-973
-988
-993
-988
-988
-987
-959
-973
-992
-988
-992
-973
-984
-989
-992
-988
-985
-992
-984
-982
-982
-991
-996
-982
-992
-996
-983
-992
-982
-989
-989
-996
-990
-982
-996
-988
-988
-991
-996
-986
-987
-992
-987
-987
-987
-987
-987
-996
-987
-987
-996
-996
-987
-987
-987
-987
-987
-987
-984
-987
-985
-996
-996
-996
-996
-987
-973
-985
-996
-987
-995
-993
-985
-985
-985
-993
-984
-987
-985
-990
-993
-987
-987
-985
-985
-973
-987
-973
-973
-995
-959
-991
-990
-991
-995
-990
-945
-973
-995
-959
-991
-984
-973
-975
-990
-991
-991
-990
-991
-973
-995
-990
-995
-991
-995
-991
-991
-991
-981
-991
-995
-983
-990
-991
-990
-981
-991
-973
-991
-991
-973
-991
-991
-991
-991
-991
-991
-991
-991
-991
-990
-917
-992
-990
-991
-959
-990
-972
-991
-987
-995
-945
-991
-973
-973
-987
-988
-987
-988
-972
-987
-988
-987
-973
-995
-995
-991
-991
-991
-994
-959
-995
-973
-995
-993
-973
-995
-959
-995
-988
-987
-945
-995
-973
-995
-987
-995
-988
-988
-988
-988
-988
-988
-988
-988
-988
-988
-988
-988
-988
-988
-988
-988
-988
-988
-988
-987
-995
-988
-987
-996
-988
-988
-987
-988
-993
-986
-973
-995
-983
-973
-987
-988
-987
-995
-987
-995
-987
-995
-983
-984
-973
-995
-973
-995
-973
-917
-995
-931
-988
-987
-988
-973
-987
-983
-973
-995
-987
-995
-987
-995
-973
-973
-988
-973
-959
-987
-995
-973
-973
-995
-945
-995
-973
-973
-945
-973
-987
-993
-987
-973
-973
-973
-987
-987
-987
-959
-959
-989
-987
-973
-959
-987
-987
-973
-945
-973
-973
-973
-973
-973
-971
-973
-917
-973
-995
-917
-945
-973
-973
-987
-973
-959
-945
-973
-996
-931
-931
-945
-945
-903
-987
-987
-931
-987
-875
-987
-875
201
-819
-833
201
201
-931
-987
-987
-987
-987
-987
-931
-973
-959
-903
201
-931
-987
-987
-987
-889
-819
201
201
201
-973
-847
-959
-987
201
201
201
201
-959
-987
-987
-931
-987
-959
-987
-987
-987
-987
-987
-987
-987
-903
201
-959
-987
-959
201
201
201
-987
-987
-987
201
201
-959
-987
201
-987
-959
-959
-987
-987
-987
-987
-987
201
-959
-987
-987
-875
-987
-987
-987
201
201
-931
-987
-819
-987
-987
-987
-903
-931
-987
-987
-918
-931
-987
201
201
-819
-959
201
201
-903
-987
-819
201
-903
201
201
201
-861
-945
-973
201
201
-819
-987
-819
-987
-959
-987
-903
-987
-959
-987
-959
201
201
201
201
201
201
-861
-987
201
201
-987
201
201
201
201
-973
201
201
201
201
201
-861
-973
201
201
-805
-847
-973
201
201
-987
-861
201
-973
-987
-945
-931
-945
-917
-833
-973
-945
201
-889
-861
-917
201
-917
-973
-917
201
-973
-973
-973
-889
-973
-973
-973
-973
-833
-945
-973
-861
-973
-973
-973
-973
-973
-945
-945
-973
-945
-973
-973
-861
-973
201
-917
-973
-945
-973
-973
-973
-889
-973
-945
-973
-973
-973
-945
-875
-973
-973
-973
-973
-805
-945
-973
-973
-889
-973
-945
-973
-945
-973
-973
-917
-945
-889
-973
-889
-973
-973
-889
-973
-987
-805
201
-917
-861
-959
-903
-945
-945
-918
-862
-974
-974
-974
-974
-974
-974
-974
-974
-974
-945
-946
-945
201
-974
-996
201
201
201
201
201
-973
-889
201
201
-973
-945
-973
201
201
201
201
201
201
-889
-945
-917
-973
201
201
201
-805
-973
-973
-973
-973
-973
-973
-973
-996
-945
201
201
201
201
-945
-945
201
201
-805
201
201
201
201
201
201
-917
-959
201
201
201
-847
-805
201
201
201
201
-805
201
-889
-819
-983
-833
201
201
201
-945
-861
-973
-833
-861
-973
201
-973
201
201
201
201
201
201
201
-987
201
201
201
201
-917
-973
201
-805
-847
201
-861
201
-917
201
201
201
-917
-805
-945
-917
201
-959
-987
201
-847
-987
201
-833
201
201
-917
201
201
201
-945
201
201
201
-987
201
201
201
201
201
201
201
201
201
201
-833
-903
201
-861
-973
-973
-973
201
-917
201
201
201
201
201
201
201
201
-805
201
201
201
-945
201
201
-973
-973
201
201
201
-889
-987
201
-805
-889
201
201
201
-903
-889
201
-805
-861
-973
-973
201
201
201
201
201
201
201
-945
201
201
201
-861
-833
201
201
-903
-973
-959
-973
201
201
201
201
201
201
-861
-861
201
201
201
201
201
201
-945
-945
201
201
201
201
201
-917
-973
-973
-833
-973
-973
-973
201
-889
201
201
-917
-917
201
201
201
201
201
201
201
201
201
201
201
201
201
201
201
201
201
201
201
201
201
201
201
201
-805
201
-889
201
201
201
201
-861
201
-945
201
201
201
201
-987
-991
-847
201
201
201
201
201
201
201
-987
201
201
201
201
201
201
201
-973
-805
201
201
201
201
201
-805
-987
201
201
201
201
201
201
201
201
-875
-861
201
201
201
201
201
201
-861
201
-973
201
201
201
201
-805
201
201
201
201
201
201
201
201
-903
-917
201
201
201
201
-889
-889
201
201
201
201
201
201
-805
-861
-833
201
201
201
201
201
201
201
201
201
201
201
201
-889
