agent: texplore
env: asterix
Environment is episodic.
set statesPerDim to 0 for all dim
feature 0 has range 30
feature 1 has range 30
feature 2 has range 30
reward range: 1001
Parallel ETUCT tracking real state values
Planner using history size: 0
Start model learning thread
start parallel uct planning search thread
Created MultClass 0 with nModels: 5
Created C4.5 decision tree 0 with == and > splits
Created C4.5 decision tree 6 with == and > splits
Created C4.5 decision tree 12 with == and > splits
Created C4.5 decision tree 18 with == and > splits
Created C4.5 decision tree 24 with == and > splits
Created MultClass 3 with nModels: 5
Created C4.5 decision tree 3 with == and > splits
Created C4.5 decision tree 9 with == and > splits
Created C4.5 decision tree 15 with == and > splits
Created C4.5 decision tree 21 with == and > splits
Created C4.5 decision tree 27 with == and > splits
Created MultClass 4 with nModels: 5
Created C4.5 decision tree 4 with == and > splits
Created C4.5 decision tree 10 with == and > splits
Created C4.5 decision tree 16 with == and > splits
Created C4.5 decision tree 22 with == and > splits
Created C4.5 decision tree 28 with == and > splits
Created MultClass 1 with nModels: 5
Created C4.5 decision tree 1 with == and > splits
Created C4.5 decision tree 7 with == and > splits
Created C4.5 decision tree 13 with == and > splits
Created C4.5 decision tree 19 with == and > splits
Created C4.5 decision tree 25 with == and > splits
Created MultClass 2 with nModels: 5
Created C4.5 decision tree 2 with == and > splits
Created C4.5 decision tree 8 with == and > splits
Created C4.5 decision tree 14 with == and > splits
Created C4.5 decision tree 20 with == and > splits
Created C4.5 decision tree 26 with == and > splits
-994
-996
-994
-994
-996
-994
-996
-997
-992
-996
-994
-994
-989
-995
-996
-988
-995
-991
-992
-994
-994
-993
-994
-991
-992
-995
-995
-995
-993
-995
-995
-994
-974
-994
-994
-994
-994
-990
-995
-993
-994
-985
-995
-992
-993
-992
-993
-989
-990
-989
-996
-995
-981
-993
-993
-993
-996
-995
-993
-995
-993
-993
-995
-995
-993
-995
-989
-996
-996
-995
-995
-995
-995
-995
-992
-988
-992
-990
-995
-995
-995
-995
-995
-995
-995
-995
-995
-995
-995
-995
-995
-995
-995
-995
-995
-995
-995
-994
-995
-990
-995
-994
-994
-990
-995
-996
-990
-988
-994
-988
-990
-990
-994
-995
-990
-995
-994
-994
-995
-995
-995
-994
-990
-994
-995
-995
-990
-987
-996
-996
-994
-995
-995
-987
-990
-995
-973
-996
-994
-995
-985
-984
-990
-996
-996
-994
-994
-994
-994
-990
-995
-994
-995
-995
-994
-987
-995
-995
-986
-995
-995
-994
-994
-993
-995
-994
-993
-996
-994
-994
-973
-995
-995
-993
-994
-994
-994
-994
-993
-994
-993
-929
-994
-973
-986
-994
-993
-985
-995
-994
-987
-995
-994
-985
-994
-995
-994
-986
-986
-994
-992
-995
-992
-995
-994
-973
-994
-992
-996
-994
-995
-992
-995
-973
-994
-992
-995
-994
-992
-995
-994
-973
-994
-992
-996
-995
-994
-973
-994
-973
-994
-973
-994
-973
-994
-973
-994
-944
-994
-973
-995
-992
-995
-994
-995
-996
-995
-996
-992
-995
-996
-995
-996
-994
-995
-945
-994
-996
-994
-995
-987
-994
-995
-987
-995
-996
-995
-996
-995
-996
-995
-996
-995
-996
-995
-996
-995
-996
-995
-996
-994
-995
-987
-995
-994
-987
-995
-987
-995
-996
-995
-996
-995
-996
-994
-973
-916
-995
-996
-973
-973
-987
-994
-995
-987
-994
-995
-987
-994
-995
-973
-995
-987
-994
-995
-973
-995
-988
-994
-995
-984
-995
-988
-995
-983
-995
-983
-995
-983
-995
-988
-994
-995
-988
-994
-995
-983
-995
-983
-995
-988
-994
-995
-983
-995
-986
-995
-983
-995
-988
-995
-988
-995
-988
-995
-988
-995
-988
-994
-994
-994
-995
-995
-995
-995
-995
-995
-995
-995
-995
-983
-994
-994
-994
-994
-994
-994
-995
-995
-995
-995
-995
-995
-995
-995
-995
-995
-995
-995
-995
-995
-995
-995
-995
-995
-995
-995
-995
-995
-995
-995
-995
-995
-995
-995
-995
-995
-995
-995
-995
-995
-995
-995
-995
-995
-995
-995
-995
-995
-995
-995
-967
-995
-995
-995
-995
-995
-995
-995
-995
-995
-995
-995
-995
-995
-995
-995
-995
-995
-995
-995
-995
-995
-991
-994
-995
-945
-996
-996
-996
-996
-996
-996
-994
-995
-995
-995
-996
-995
-995
-996
-983
-995
-995
-995
-994
-994
-994
-994
-993
-994
-994
-994
-994
-994
-994
-994
-994
-994
-994
-994
-994
-995
-995
-995
-945
-996
-996
-996
-996
-996
-996
-996
-996
-996
-996
-996
-996
-996
-996
-996
-996
-996
-996
-996
-994
-994
-995
-995
-995
-991
-996
-996
-996
-996
-996
-996
-996
-996
-996
-996
-996
-996
-996
-996
-996
-996
-994
-994
-994
-994
-994
-994
-994
-995
-995
-991
-996
-996
-996
-996
-996
-996
-996
-994
-995
-991
-994
-995
-991
-994
-995
-995
-991
-994
-995
-995
-995
-995
-995
-995
-995
-995
-995
-995
-995
-995
-995
-991
-996
-994
-995
-991
-995
-991
-994
-994
-994
-995
-995
-991
-994
-995
-991
-995
-994
-995
-995
-994
-993
-995
-982
-980
-994
-996
-996
-996
-996
-996
-993
-994
-993
-995
-994
-993
-995
-995
-994
-993
-994
-984
-993
-995
-995
-996
-996
-993
-994
-993
-995
-994
-993
-993
-993
-995
-994
-996
-993
-995
-995
-994
-996
-996
-996
-996
-996
-996
-996
-996
-996
-996
-993
-991
-993
-995
-994
-996
-993
-991
-996
-993
-993
-993
-995
-995
-995
-995
-995
-994
-993
-995
-994
-993
-995
-994
-993
-995
-994
-993
-995
-994
-993
-995
-994
-993
-995
-994
-993
-995
-994
-993
-995
-994
-993
-995
-994
-993
-995
-994
-993
-995
-994
-993
-995
-994
-977
-994
-996
-996
-996
-996
-996
-993
-994
-993
-993
-995
-994
-993
-994
-994
-993
-995
-994
-993
-993
-991
-993
-994
-981
-995
-974
-995
-981
-994
-995
-994
-995
-994
-995
-994
-994
-931
-995
-995
-995
-995
-995
-995
-995
-994
-987
-995
-995
-995
-995
-995
-995
-995
-995
-995
-995
-995
-995
-994
-994
-995
-994
-995
-994
-995
-994
-995
-995
-995
-995
-994
-995
-994
-995
-994
-995
-994
-994
-994
-994
-994
-995
-973
-995
-995
-995
-995
-995
-995
-995
-995
-995
-994
-995
-994
-995
-994
-995
-994
-995
-995
-994
-995
-995
-995
-995
-995
-994
-995
-995
-994
-995
-995
-995
-995
-990
-987
-995
-994
-994
-995
-993
-995
-995
-994
-995
-994
-994
-997
-989
-995
-995
-995
-995
-974
-995
-995
-995
-995
-995
-995
-995
-994
-995
-995
-994
-995
-994
-995
-995
-995
-995
-994
-994
-994
-994
-994
-995
-994
-995
-994
-995
-995
-994
-995
-995
-994
-994
-994
-994
-995
-994
-995
-995
-995
-995
-995
-995
-995
-995
-995
-995
-995
-995
-994
-994
-997
-989
-959
-995
-995
-995
-995
-995
-995
-994
-994
-994
-995
-995
-995
-995
-995
-995
-995
-995
-995
-995
-995
-994
-994
-994
-995
-994
-995
-995
-995
-995
-995
-995
-994
-994
-994
-995
-995
-995
-995
-994
-994
-994
-997
-945
-995
-995
-995
-994
-995
-997
-994
-994
-995
-975
-977
-989
-959
-995
-995
-989
-995
-995
-995
-995
-984
-984
-995
-994
-996
-994
-995
-995
-995
-995
-995
-995
-994
-995
-977
-995
-995
-995
-995
-995
-994
-995
-995
-996
-995
-995
-995
-996
-987
-995
-994
-987
-995
-994
-995
-997
-995
-995
-995
-995
-995
-995
-995
-995
-995
-995
-995
-973
-973
-973
-973
-973
