agent: texplore
env: asterix
Environment is episodic.
set statesPerDim to 0 for all dim
feature 0 has range 30
feature 1 has range 30
feature 2 has range 30
reward range: 1001
Parallel ETUCT tracking real state values
Planner using history size: 0
Start model learning thread
start parallel uct planning search thread
Created MultClass 0 with nModels: 5
Created C4.5 decision tree 0 with == and > splits
Created C4.5 decision tree 6 with == and > splits
Created C4.5 decision tree 12 with == and > splits
Created C4.5 decision tree 18 with == and > splits
Created C4.5 decision tree 24 with == and > splits
Created MultClass 3 with nModels: 5
Created C4.5 decision tree 3 with == and > splits
Created C4.5 decision tree 9 with == and > splits
Created C4.5 decision tree 15 with == and > splits
Created C4.5 decision tree 21 with == and > splits
Created C4.5 decision tree 27 with == and > splits
Created MultClass 4 with nModels: 5
Created C4.5 decision tree 4 with == and > splits
Created C4.5 decision tree 10 with == and > splits
Created C4.5 decision tree 16 with == and > splits
Created C4.5 decision tree 22 with == and > splits
Created C4.5 decision tree 28 with == and > splits
Created MultClass 1 with nModels: 5
Created C4.5 decision tree 1 with == and > splits
Created C4.5 decision tree 7 with == and > splits
Created C4.5 decision tree 13 with == and > splits
Created C4.5 decision tree 19 with == and > splits
Created C4.5 decision tree 25 with == and > splits
Created MultClass 2 with nModels: 5
Created C4.5 decision tree 2 with == and > splits
Created C4.5 decision tree 8 with == and > splits
Created C4.5 decision tree 14 with == and > splits
Created C4.5 decision tree 20 with == and > splits
Created C4.5 decision tree 26 with == and > splits
-982
-995
-995
-991
-996
-997
-994
-994
-995
-990
-980
-994
-994
-995
-996
-996
-995
-995
-996
-996
-997
-995
-996
-996
-996
-996
-996
-996
-996
-992
-981
-995
-994
-995
-996
-994
-995
-995
-996
-994
-995
-996
-995
-994
-985
-994
-994
-995
-973
-994
-990
-994
-994
-994
-994
-994
-993
-995
-993
-995
-993
-973
-959
-959
-994
-994
-994
-994
-994
-995
-994
-994
-994
-996
-994
-982
-994
-972
-994
-994
-958
-994
-995
-994
-994
-995
-994
-994
-994
-994
-994
-994
-994
-994
-992
-995
-994
-994
-994
-994
-994
-994
-994
-994
-994
-994
-994
-994
-994
-994
-994
-994
-994
-994
-994
-994
-994
-994
-994
-994
-994
-994
-994
-994
-994
-994
-994
-994
-994
-975
-994
-994
-992
-994
-995
-994
-992
-994
-995
-995
-994
-995
-980
-981
-994
-977
-983
-982
-994
-981
-994
-981
-994
-994
-981
-994
-981
-995
-995
-994
-994
-994
-994
-994
-995
-994
-994
-994
-977
-995
-994
-973
-994
-994
-994
-973
-917
-976
-994
-994
-994
-974
-995
-973
-983
-994
-995
-995
-995
-995
-995
-994
-992
-973
-994
-996
-994
-996
-995
-995
-995
-995
-995
-995
-995
-995
-995
-995
-995
-995
-995
-995
-973
-994
-995
-994
-995
-994
-995
-994
-987
-943
-996
-996
-997
-997
-997
-997
-997
-996
-996
-997
-997
-997
-996
-997
-996
-996
-997
-996
-996
-997
-997
-997
-997
-997
-997
-997
-997
-997
-997
-996
-996
-996
-997
-997
-997
-997
-997
-997
-997
-997
-986
-997
-997
-997
-997
-997
-997
-997
-997
-997
-997
-997
-997
-997
-997
-997
-997
-997
-997
-997
-997
-997
-997
-997
-997
-997
-997
-997
-997
-997
-997
-997
-997
-988
-995
-995
-996
-995
-996
-994
-996
-994
-995
-995
-995
-994
-996
-995
-994
-995
-994
-990
-994
-987
-994
-995
-994
-995
-995
-994
-996
-994
-995
-994
-995
-995
-994
-996
-995
-995
-996
-996
-996
-996
-996
-995
-995
-995
-995
-994
-996
-994
-995
-995
-994
-995
-994
-995
-994
-994
-996
-995
-995
-996
-995
-995
-995
-995
-987
-996
-996
-989
-996
-988
-994
-996
-995
-995
-995
-995
-996
-989
-990
-995
-996
-996
-995
-996
-995
-995
-989
-987
-989
-995
-995
-973
-988
-989
-995
-995
-995
-995
-995
-989
-986
-995
-990
-990
-995
-994
-988
-988
-987
-995
-988
-988
-988
-987
-931
-987
-987
-987
-973
-945
-996
-973
-944
-995
-996
-987
-996
-996
-996
-987
-994
-996
-987
-986
-996
-902
-996
-994
-996
-995
-994
-996
-995
-994
-996
-994
-996
-995
-996
-973
-995
-994
-996
-986
-995
-994
-995
-994
-995
-994
-995
-994
-995
-994
-996
-995
-995
-994
-996
-995
-995
-996
-987
-995
-995
-994
-996
-973
-996
-995
-995
-996
-995
-996
-996
-989
-973
-996
-995
-973
-996
-973
-959
-987
-994
-996
-989
-989
-987
-945
-987
-987
-959
-987
-988
-987
-988
-987
-987
-994
-996
-973
-973
-987
-988
-973
-995
-994
-987
-988
-988
-987
-959
-988
-988
-990
-973
-996
-973
-987
-987
-987
-987
-988
-988
-988
-945
-973
-988
-995
-988
-995
-994
-974
-988
-988
-990
-995
-995
-995
-995
-995
-988
-995
-995
-995
-973
-996
-995
-995
-959
-994
-996
-995
-991
-945
-945
-987
-990
-945
-987
-945
-945
-973
-971
-945
-990
-994
-987
-995
-994
-987
-994
-959
-995
-959
-995
-959
-995
-959
-995
-990
-959
-995
-990
-959
-995
-990
-973
-994
-959
-995
-959
-995
-990
-994
-959
-983
-959
-995
-995
-973
-971
-994
-995
-994
-993
-987
-995
-990
-990
-990
-994
-995
-994
-995
-994
-973
-994
-987
-995
-984
-989
-987
-971
-990
-973
-994
-959
-995
-990
-959
-995
-994
-995
-990
-990
-990
-994
-945
-990
-994
-995
-995
-990
-994
-994
-995
-971
-994
-970
-995
-973
-994
-971
-994
-973
-994
-959
-990
-990
-994
-989
-987
-994
-989
-990
-990
-959
-994
-959
-994
-994
-994
-994
-994
-989
-989
-990
-990
-959
-994
-995
-994
-987
-990
-990
-990
-990
-990
-990
-990
-990
-994
-994
-995
-994
-995
-994
-995
-994
-973
-994
-987
-973
-994
-987
-984
-987
-959
-994
-994
-987
-995
-995
-995
-973
-983
-994
-994
-994
-994
-994
-994
-994
-987
-994
-987
-993
-987
-990
-994
-994
-994
-959
-994
-985
-995
-994
-994
-994
-994
-994
-994
-994
-994
-994
-994
-994
-994
-994
-994
-994
-994
-994
-984
-994
-994
-990
-994
-990
-994
-994
-994
-994
-994
-994
-994
-994
-994
-994
-959
-994
-994
-990
-995
-995
-995
-995
-995
-995
-995
-995
-995
-995
-995
-994
-994
-994
-994
-994
-994
-994
-994
-994
-994
-994
-994
-994
-994
-994
-994
-994
-994
-994
-994
-994
-973
-990
-995
-973
-995
-994
-973
-996
-995
-995
-990
-995
-987
-995
-995
-959
-973
-995
-995
-994
-987
-985
-971
-994
-987
-995
-943
-993
-994
-994
-994
-987
-988
-995
-990
-995
-995
-987
-996
-995
-995
-995
-994
-987
-995
-990
-990
-987
-990
-990
-987
-990
-990
-990
-990
-987
-959
-990
-987
-990
-973
-996
-995
-994
-994
-994
-994
-990
-995
-995
-995
-990
-995
-995
-995
-995
-995
-995
-995
-990
-995
-987
-996
-994
-987
-995
-990
-990
-994
-995
-996
-990
-995
-990
-990
-973
-995
-995
-990
-995
-995
-985
-990
-995
-995
-995
-990
-985
-995
-945
-996
-995
-995
-995
-995
-995
-995
-995
-995
-995
-994
-994
-984
-996
-995
-995
-995
-995
-995
-994
-990
-995
-995
-995
-995
-994
-994
-994
-994
-994
-994
-994
-945
-996
-995
-995
-995
-995
-995
-995
-995
-995
-995
-995
-995
-995
-995
-995
-995
-995
-995
-995
-995
-984
-973
-994
-987
-987
-995
-995
-970
-995
-994
-973
-995
-995
-990
-973
-987
-995
-995
-995
-995
-995
-995
-995
-995
