agent: texplore
env: asterix
Environment is episodic.
set statesPerDim to 0 for all dim
feature 0 has range 30
feature 1 has range 30
feature 2 has range 30
reward range: 1001
Parallel ETUCT tracking real state values
Planner using history size: 0
Start model learning thread
start parallel uct planning search thread
Created MultClass 0 with nModels: 5
Created C4.5 decision tree 0 with == and > splits
Created C4.5 decision tree 6 with == and > splits
Created C4.5 decision tree 12 with == and > splits
Created C4.5 decision tree 18 with == and > splits
Created C4.5 decision tree 24 with == and > splits
Created MultClass 3 with nModels: 5
Created C4.5 decision tree 3 with == and > splits
Created C4.5 decision tree 9 with == and > splits
Created C4.5 decision tree 15 with == and > splits
Created C4.5 decision tree 21 with == and > splits
Created C4.5 decision tree 27 with == and > splits
Created MultClass 4 with nModels: 5
Created C4.5 decision tree 4 with == and > splits
Created C4.5 decision tree 10 with == and > splits
Created C4.5 decision tree 16 with == and > splits
Created C4.5 decision tree 22 with == and > splits
Created C4.5 decision tree 28 with == and > splits
Created MultClass 1 with nModels: 5
Created C4.5 decision tree 1 with == and > splits
Created C4.5 decision tree 7 with == and > splits
Created C4.5 decision tree 13 with == and > splits
Created C4.5 decision tree 19 with == and > splits
Created C4.5 decision tree 25 with == and > splits
Created MultClass 2 with nModels: 5
Created C4.5 decision tree 2 with == and > splits
Created C4.5 decision tree 8 with == and > splits
Created C4.5 decision tree 14 with == and > splits
Created C4.5 decision tree 20 with == and > splits
Created C4.5 decision tree 26 with == and > splits
-980
-996
-995
-993
-996
-995
-995
-992
-995
-995
-995
-993
-994
-995
-994
-993
-994
-994
-992
-995
-991
-961
-994
-993
-980
-990
-995
-990
-994
-994
-993
-996
-993
-995
-990
-993
-995
-993
-995
-995
-995
-993
-995
-994
-994
-995
-994
-994
-994
-994
-994
-995
-994
-975
-994
-995
-982
-993
-995
-995
-996
-996
-996
-996
-996
-996
-996
-996
-996
-996
-996
-996
-996
-996
-996
-996
-996
-996
-996
-996
-996
-996
-996
-996
-996
-996
-996
-996
-996
-996
-996
-996
-996
-996
-996
-996
-996
-996
-996
-996
-996
-996
-996
-996
-996
-996
-996
-996
-984
-996
-972
-993
-995
-995
-994
-996
-995
-989
-995
-996
-990
-983
-995
-996
-978
-995
-982
-991
-990
-990
-981
-995
-995
-989
-995
-990
-978
-989
-989
-990
-991
-991
-931
-983
-988
-990
-990
-990
-990
-990
-995
-988
-995
-987
-987
-994
-973
-996
-983
-990
-972
-973
-996
-972
-991
-990
-991
-996
-991
-996
-991
-986
-973
-996
-991
-987
-988
-996
-990
-994
-996
-990
-994
-996
-994
-996
-994
-996
-995
-996
-994
-996
-992
-996
-995
-994
-996
-994
-996
-990
-990
-990
-995
-994
-972
-994
-996
-994
-996
-994
-996
-995
-995
-994
-996
-994
-996
-994
-996
-995
-995
-994
-996
-995
-994
-996
-994
-996
-994
-996
-995
-994
-996
-994
-996
-994
-996
-994
-996
-994
-996
-994
-996
-994
-996
-992
-996
-992
-992
-989
-990
-973
-996
-988
-972
-988
-983
-983
-985
-992
-988
-992
-996
-988
-960
-960
-960
-960
-960
-973
-983
-997
-997
-988
-983
-988
-988
-959
-996
-990
-996
-989
-988
-973
-996
-988
-996
-988
-996
-988
-996
-988
-996
-988
-988
-996
-996
-996
-996
-996
-996
-990
-983
-989
-984
-996
-988
-996
-990
-996
-990
-996
-988
-996
-988
-996
-988
-988
-994
-988
-996
-988
-994
-996
-996
-996
-987
-996
-988
-988
-988
-988
-988
-988
-988
-988
-988
-985
-996
-996
-996
-996
-996
-996
-996
-996
-996
-996
-996
-996
-996
-996
-996
-996
-996
-996
-996
-996
-996
-996
-996
-996
-996
-996
-996
-996
-996
-996
-996
-996
-996
-996
-996
-996
-996
-996
-996
-996
-996
-996
-996
-996
-996
-996
-996
-996
-996
-996
-996
-996
-996
-996
-996
-996
-996
-996
-996
-996
-996
-996
-996
-996
-996
-996
-996
-996
-996
-996
-996
-996
-996
-996
-996
-996
-996
-996
-996
-996
-996
-996
-994
-996
-996
-996
-994
-997
-997
-996
-994
-997
-973
-983
-959
-973
-996
-973
-996
-990
-986
-959
-975
-985
-973
-996
-973
-996
-973
-996
-973
-996
-960
-973
-996
-960
-994
-996
-974
-996
-973
-994
-994
-996
-973
-959
-994
-996
-996
-994
-997
-994
-996
-994
-996
-994
-997
-931
-994
-996
-996
-996
-994
-996
-994
-996
-994
-996
-996
-994
-959
-994
-996
-994
-873
-959
-994
-996
-994
-996
-959
-995
-973
-995
-996
-994
-996
-976
-994
-994
-996
-994
-996
-994
-996
-994
-996
-994
-996
-994
-996
-994
-996
-994
-996
-994
-996
-994
-996
-994
-996
-994
-996
-994
-996
-994
-996
-994
-996
-994
-996
-994
-996
-994
-996
-931
-994
-996
-994
-996
-994
-996
-994
-996
-994
-996
-994
-996
-994
-996
-994
-996
-994
-996
-994
-996
-994
-996
-994
-996
-994
-996
-994
-996
-994
-996
-996
-994
-994
-994
-997
-994
-997
-997
-996
-994
-997
-994
-996
-995
-994
-997
-995
-994
-996
-994
-994
-994
-994
-994
-994
-994
-994
-994
-994
-994
-994
-994
-994
-994
-994
-994
-994
-994
-994
-994
-994
-994
-994
-994
-994
-994
-994
-997
-994
-994
-994
-994
-994
-994
-994
-997
-996
-994
-994
-994
-994
-994
-994
-994
-994
-994
-994
-994
-994
-994
-994
-994
-994
-994
-994
-997
-996
-996
-994
-994
-994
-994
-994
-994
-994
-994
-994
-994
-994
-994
-997
-996
-994
-994
-994
-994
-996
-983
-994
-994
-994
-997
-994
-997
-996
-996
-996
-996
-995
-994
-996
-995
-995
-996
-994
-959
-996
-994
-996
-983
-997
-996
-994
-973
-994
-997
-996
-996
-996
-996
-996
-994
-996
-994
-996
-996
-996
-994
-984
-959
-994
-996
-996
-996
-994
-996
-994
-996
-994
-997
-996
-996
-994
-996
-994
-996
-994
-996
-994
-996
-994
-996
-994
-996
-994
-996
-994
-996
-994
-997
-996
-996
-996
-996
-996
-996
-994
-996
-996
-996
-996
-996
-996
-994
-996
-994
-997
-996
-994
-997
-996
-996
-996
-996
-996
-996
-996
-994
-996
-983
-994
-997
-994
-996
-994
-996
-996
-994
-996
-995
-995
-996
-994
-994
-994
-996
-994
-996
-994
-996
-994
-994
-994
-994
-996
-994
-996
-996
-996
-996
-996
-994
-996
-994
-996
-996
-996
-994
-996
-996
-996
-996
-996
-996
-996
-996
-994
-994
-996
-994
-994
-994
-996
-994
-996
-994
-996
-994
-994
-994
-994
-994
-996
-994
-994
-996
-994
-996
-994
-996
-994
-997
-997
-997
-997
-997
-997
-997
-997
-997
-997
-997
-997
-997
-996
-994
-996
-994
-996
-994
-996
-994
-996
-994
-996
-994
-996
-994
-996
-996
-994
-997
-996
-994
-996
-996
-996
-996
-996
-996
-996
-996
-996
-996
-996
-996
-994
-996
-994
-996
-994
-996
-994
-996
-994
-986
-995
-995
-994
-994
-994
-997
-994
-973
-994
-997
-997
-985
-994
-983
-994
-994
-994
-958
-994
-996
-997
-996
-997
-997
-997
-997
-973
-996
-983
-997
-997
-994
-994
-994
-996
-931
-973
-996
-996
-994
-996
-996
-996
-996
-996
-996
-996
-996
-996
-996
-983
-973
-996
-959
-971
-994
-959
-994
-973
-996
-973
-996
-931
-994
-996
-994
-996
-959
-995
-994
-994
-994
-995
-995
-994
-995
-994
-994
-995
-975
-995
-959
-996
-973
-994
-973
-994
-973
-994
-931
-973
-959
-995
-973
-994
-973
-996
-973
-994
-959
