agent: texplore
env: asterix
Environment is episodic.
set statesPerDim to 0 for all dim
feature 0 has range 30
feature 1 has range 30
feature 2 has range 30
reward range: 1001
Parallel ETUCT tracking real state values
Planner using history size: 0
Start model learning thread
start parallel uct planning search thread
Created MultClass 0 with nModels: 5
Created C4.5 decision tree 0 with == and > splits
Created C4.5 decision tree 6 with == and > splits
Created C4.5 decision tree 12 with == and > splits
Created C4.5 decision tree 18 with == and > splits
Created C4.5 decision tree 24 with == and > splits
Created MultClass 3 with nModels: 5
Created C4.5 decision tree 3 with == and > splits
Created C4.5 decision tree 9 with == and > splits
Created C4.5 decision tree 15 with == and > splits
Created C4.5 decision tree 21 with == and > splits
Created C4.5 decision tree 27 with == and > splits
Created MultClass 4 with nModels: 5
Created C4.5 decision tree 4 with == and > splits
Created C4.5 decision tree 10 with == and > splits
Created C4.5 decision tree 16 with == and > splits
Created C4.5 decision tree 22 with == and > splits
Created C4.5 decision tree 28 with == and > splits
Created MultClass 1 with nModels: 5
Created C4.5 decision tree 1 with == and > splits
Created C4.5 decision tree 7 with == and > splits
Created C4.5 decision tree 13 with == and > splits
Created C4.5 decision tree 19 with == and > splits
Created C4.5 decision tree 25 with == and > splits
Created MultClass 2 with nModels: 5
Created C4.5 decision tree 2 with == and > splits
Created C4.5 decision tree 8 with == and > splits
Created C4.5 decision tree 14 with == and > splits
Created C4.5 decision tree 20 with == and > splits
Created C4.5 decision tree 26 with == and > splits
-991
-994
-991
-991
-993
-994
-993
-994
-995
-991
-997
-993
-996
-996
-994
-995
-980
-994
-995
-994
-996
-994
-994
-994
-994
-994
-994
-995
-995
-994
-994
-994
-995
-994
-995
-994
-994
-994
-992
-990
-995
-995
-994
-992
-995
-991
-996
-996
-992
-992
-992
-995
-996
-995
-992
-995
-991
-995
-992
-992
-995
-988
-986
-988
-991
-995
-995
-991
-993
-988
-991
-989
-995
-995
-989
-991
-991
-989
-988
-996
-988
-995
-987
-987
-987
-987
-995
-996
-995
-987
-987
-987
-996
-995
-995
-987
-987
-987
-996
-995
-959
-987
-997
-987
-987
-987
-972
-987
-989
-987
-995
-989
-989
-987
-987
-987
-987
-987
-987
-987
-987
-996
-996
-996
-987
-987
-995
-995
-987
-987
-987
-995
-995
-971
-989
-995
-995
-995
-995
-995
-995
-995
-995
-995
-995
-995
-995
-995
-995
-995
-995
-995
-973
-995
-973
-995
-959
-986
-973
-995
-995
-995
-995
-995
-987
-986
-995
-995
-995
-995
-995
-995
-995
-995
-995
-995
-995
-995
-995
-995
-995
-995
-995
-995
-995
-995
-995
-995
-995
-995
-995
-995
-995
-995
-995
-995
-995
-995
-995
-995
-995
-995
-995
-995
-986
-987
-994
-986
-995
-995
-996
-995
-996
-987
-995
-995
-995
-995
-990
-995
-994
-986
-987
-995
-995
-986
-995
-987
-994
-996
-959
-989
-994
-995
-994
-995
-994
-987
-989
-989
-917
-996
-973
-989
-972
-989
-995
-995
-995
-995
-989
-995
-995
-989
-995
-995
-989
-993
-995
-989
-995
-995
-995
-995
-995
-995
-990
-995
-990
-995
-995
-995
-995
-996
-995
-973
-995
-995
-995
-995
-995
-995
-995
-995
-995
-995
-995
-995
-995
-995
-995
-995
-995
-995
-995
-995
-995
-995
-995
-995
-995
-995
-995
-995
-995
-995
-995
-995
-995
-995
-995
-995
-995
-995
-995
-995
-995
-995
-995
-995
-995
-994
-945
-995
-995
-995
-970
-994
-990
-995
-970
-995
-987
-994
-990
-994
-970
-994
-996
-995
-995
-995
-995
-995
-995
-995
-995
-995
-995
-973
-995
-995
-995
-995
-995
-995
-995
-995
-995
-995
-995
-995
-995
-995
-995
-995
-995
-995
-995
-995
-995
-995
-995
-995
-995
-995
-995
-995
-995
-995
-995
-995
-995
-995
-987
-995
-995
-994
-997
-973
-959
-945
-945
-996
-995
-997
-997
-987
-996
-996
-996
-995
-996
-995
-996
-995
-996
-995
-996
-995
-997
-997
-997
-997
-997
-997
-997
-997
-997
-997
-997
-997
-945
-987
-996
-996
-996
-996
-996
-987
-987
-987
-987
-987
-987
-987
-987
-987
-987
-987
-987
-994
-987
-995
-987
-994
-987
-994
-987
-995
-993
-994
-987
-995
-996
-993
-995
-993
-995
-996
-993
-994
-994
-994
-994
-995
-994
-995
-994
-995
-996
-995
-993
-990
-996
-990
-996
-987
-994
-995
-996
-993
-994
-994
-994
-994
-994
-994
-994
-995
-995
-994
-995
-993
-995
-996
-995
-996
-995
-996
-995
-996
-995
-996
-995
-996
-995
-996
-995
-996
-995
-993
-994
-995
-993
-994
-994
-994
-994
-994
-994
-994
-994
-994
-994
-994
-994
-994
-996
-993
-995
-995
-995
-996
-995
-995
-993
-995
-996
-995
-996
-995
-993
-994
-995
-993
-994
-995
-996
-995
-996
-995
-996
-995
-996
-993
-995
-993
-994
-995
-996
-995
-996
-995
-996
-995
-993
-995
-996
-995
-996
-995
-996
-995
-996
-995
-996
-995
-996
-995
-993
-974
-995
-996
-995
-993
-995
-996
-995
-996
-995
-996
-995
-993
-995
-974
-974
-995
-993
-994
-994
-994
-994
-995
-996
-993
-995
-996
-995
-996
-995
-996
-995
-996
-995
-996
-995
-996
-995
-996
-995
-996
-995
-996
-995
-996
-995
-996
-995
-996
-995
-996
-995
-993
-995
-997
-994
-994
-995
-996
-996
-993
-994
-946
-995
-993
-993
-987
-990
-987
-995
-996
-995
-996
-994
-995
-996
-995
-984
-995
-996
-995
-984
-993
-995
-974
-995
-984
-994
-994
-994
-994
-994
-994
-994
-994
-994
-994
-994
-994
-995
-976
-985
-995
-977
-983
-994
-994
-994
-994
-994
-994
-994
-994
-994
-994
-994
-994
-994
-994
-994
-994
-994
-994
-994
-994
-994
-994
-994
-994
-994
-994
-994
-994
-994
-994
-994
-994
-994
-994
-994
-994
-994
-994
-994
-994
-994
-994
-994
-994
-994
-994
-994
-994
-996
-976
-995
-976
-995
-995
-995
-995
-974
-995
-995
-974
-990
-995
-975
-995
-994
-974
-990
-995
-997
-996
-996
-974
-994
-986
-994
-983
-973
-973
-996
-996
-995
-997
-996
-995
-995
-982
-973
-996
-995
-996
-996
-974
-996
-996
-995
-996
-995
-974
-995
-981
-995
-996
-995
-996
-995
-996
-995
-996
-995
-996
-995
-996
-995
-996
-995
-996
-995
-995
-996
-995
-996
-995
-996
-970
-970
-994
-970
-994
-917
-996
-974
-932
-995
-995
-995
-945
-995
-995
-973
-994
-960
-995
-995
-995
-995
-995
-995
-995
-995
-995
-995
-995
-995
-995
-995
-995
-995
-995
-995
-995
-995
-995
-995
-995
-995
-995
-995
-995
-995
-995
-995
-995
-995
-995
-995
-995
-995
-995
-995
-995
-995
-995
-995
-995
-995
-995
-995
-995
-995
-995
-995
-995
-995
-995
-995
-995
-995
-995
-995
-995
-995
-995
-995
-995
-995
-995
-995
-995
-995
-995
-995
-995
-995
-995
-995
-995
-995
-995
-995
-995
-995
-995
-995
-995
-995
-995
-995
-995
-995
-995
-995
-995
-995
-995
-995
-995
-995
-995
-995
-995
-995
-995
-995
-995
-995
-995
-995
-997
-995
-995
-995
-995
-995
-995
-995
-995
-995
-973
-995
-973
-968
-960
-975
-973
-995
-996
-995
-996
-973
-973
-973
-995
-945
-945
-917
-995
-917
-917
-995
-960
-945
-995
-960
-976
-995
-945
-995
-996
-996
-996
-980
-945
-980
-976
-980
-975
-980
-983
-983
-983
-980
-983
-983
-983
-975
-976
-983
-983
-983
-983
-983
-983
-983
-983
