agent: texplore
env: asterix
Environment is episodic.
set statesPerDim to 0 for all dim
feature 0 has range 30
feature 1 has range 30
feature 2 has range 30
reward range: 1001
Parallel ETUCT tracking real state values
Planner using history size: 0
Start model learning thread
start parallel uct planning search thread
Created MultClass 0 with nModels: 5
Created C4.5 decision tree 0 with == and > splits
Created C4.5 decision tree 6 with == and > splits
Created C4.5 decision tree 12 with == and > splits
Created C4.5 decision tree 18 with == and > splits
Created C4.5 decision tree 24 with == and > splits
Created MultClass 3 with nModels: 5
Created C4.5 decision tree 3 with == and > splits
Created C4.5 decision tree 9 with == and > splits
Created C4.5 decision tree 15 with == and > splits
Created C4.5 decision tree 21 with == and > splits
Created C4.5 decision tree 27 with == and > splits
Created MultClass 4 with nModels: 5
Created C4.5 decision tree 4 with == and > splits
Created C4.5 decision tree 10 with == and > splits
Created C4.5 decision tree 16 with == and > splits
Created C4.5 decision tree 22 with == and > splits
Created C4.5 decision tree 28 with == and > splits
Created MultClass 1 with nModels: 5
Created C4.5 decision tree 1 with == and > splits
Created C4.5 decision tree 7 with == and > splits
Created C4.5 decision tree 13 with == and > splits
Created C4.5 decision tree 19 with == and > splits
Created C4.5 decision tree 25 with == and > splits
Created MultClass 2 with nModels: 5
Created C4.5 decision tree 2 with == and > splits
Created C4.5 decision tree 8 with == and > splits
Created C4.5 decision tree 14 with == and > splits
Created C4.5 decision tree 20 with == and > splits
Created C4.5 decision tree 26 with == and > splits
-989
-995
-994
-992
-996
-995
-983
-988
-996
-996
-997
-996
-996
-997
-987
-993
-994
-981
-990
-992
-982
-985
-991
-994
-995
-994
-994
-994
-994
-994
-994
-995
-994
-994
-994
-994
-994
-995
-994
-994
-994
-995
-995
-994
-994
-994
-994
-994
-995
-994
-995
-995
-995
-996
-996
-993
-993
-992
-995
-991
-995
-994
-995
-996
-991
-995
-996
-995
-995
-996
-994
-996
-995
-994
-994
-994
-996
-993
-993
-993
-994
-994
-994
-996
-995
-993
-993
-995
-993
-995
-994
-994
-995
-995
-992
-994
-994
-994
-996
-993
-994
-993
-979
-992
-996
-994
-994
-994
-994
-994
-994
-996
-993
-994
-994
-972
-995
-994
-996
-995
-995
-994
-995
-996
-995
-996
-995
-974
-984
-994
-996
-996
-973
-994
-959
-959
-984
-995
-959
-986
-994
-973
-996
-994
-959
-977
-980
-982
-981
-975
-980
-994
-982
-994
-995
-976
-994
-976
-994
-981
-982
-981
-995
-995
-995
-983
-995
-995
-981
-995
-982
-994
-981
-995
-995
-982
-982
-968
-990
-981
-981
-983
-982
-994
-995
-980
-980
-990
-995
-990
-980
-976
-995
-995
-995
-994
-996
-995
-981
-982
-994
-961
-981
-995
-995
-995
-995
-980
-995
-974
-995
-995
-995
-995
-991
-994
-995
-995
-980
-995
-995
-961
-990
-991
-990
-990
-990
-976
-991
-994
-991
-995
-960
-994
-995
-959
-973
-981
-995
-975
-983
-959
-995
-980
-959
-973
-959
-995
-995
-995
-986
-973
-995
-995
-961
-959
-960
-994
-995
-995
-960
-985
-959
-990
-992
-986
-986
-988
-992
-992
-992
-992
-992
-992
-992
-992
-973
-984
-992
-985
-973
-973
-973
-992
-992
-992
-992
-973
-973
-973
-995
-988
-994
-995
-995
-988
-959
-992
-995
-988
-995
-995
-995
-995
-995
-960
-959
-984
-959
-960
-995
-959
-959
-959
-959
-959
-995
-995
-995
-995
-995
-995
-995
-959
-959
-959
-960
-994
-995
-995
-995
-995
-995
-995
-995
-995
-995
-995
-995
-960
-995
-995
-995
-995
-985
-990
-995
-995
-995
-995
-995
-995
-995
-995
-985
-990
-995
-995
-995
-995
-995
-995
-995
-995
-995
-995
-995
-995
-995
-995
-995
-995
-995
-995
-995
-995
-995
-995
-995
-995
-995
-995
-995
-995
-984
-984
-995
-995
-995
-995
-995
-995
-995
-995
-995
-995
-995
-995
-983
-995
-995
-995
-995
-985
-995
-995
-960
-994
-995
-995
-959
-987
-988
-959
-995
-995
-987
-990
-995
-995
-995
-959
-988
-988
-995
-995
-995
-987
-989
-989
-989
-988
-995
-995
-988
-985
-995
-959
-995
-995
-995
-995
-959
-989
-989
-959
-960
-994
-995
-995
-995
-995
-995
-995
-959
-959
-996
-995
-995
-995
-995
-988
-995
-988
-959
-988
-959
-988
-990
-985
-987
-995
-989
-985
-960
-959
-990
-989
-987
-988
-960
-959
-959
-959
-959
-959
-959
-959
-959
-995
-996
-990
-995
-959
-989
-959
-959
-960
-985
-960
-959
-959
-995
-995
-995
-995
-959
-987
-987
-959
-959
-985
-959
-959
-959
-959
-959
-959
-995
-995
-996
-959
-959
-995
-959
-959
-959
-959
-960
-985
-959
-959
-959
-959
-959
-959
-959
-959
-959
-987
-987
-959
-959
-959
-959
-995
-959
-959
-996
-995
-959
-959
-995
-986
-959
-959
-959
-959
-959
-959
-959
-959
-959
-959
-959
-959
-973
-959
-985
-996
-959
-959
-959
-959
-988
-960
-959
-995
-988
-988
-959
-959
-959
-959
-986
-959
-959
-959
-959
-959
-959
-959
-959
-959
-959
-995
-959
-959
-959
-987
-987
-959
-959
-959
-959
-959
-959
-986
-959
-959
-959
-959
-959
-959
-959
-959
-959
-959
-959
-959
-996
-995
-959
-959
-959
-959
-959
-959
-959
-959
-959
-995
-995
-995
-996
-995
-959
-959
-959
-960
-959
-959
-987
-959
-959
-959
-959
-959
-959
-959
-959
-959
-996
-959
-959
-959
-959
-987
-959
-987
-959
-987
-987
-987
-987
-987
-987
-987
-987
-987
-987
-987
-987
-987
-987
-959
-987
-987
-987
-987
-988
-995
-987
-987
-996
-990
-985
-959
-987
-987
-959
-959
-959
-959
-959
-959
-959
-959
-959
-959
-959
-959
-959
-959
-945
-959
-987
-973
-973
-987
-959
-987
-959
-973
-973
-973
-959
-805
-973
-959
-903
-988
-990
-990
-990
-990
-990
-990
-990
-990
-931
-959
-990
-990
-990
-990
-990
-990
-990
-990
-990
-990
-990
-990
-990
-990
-990
-990
-990
-990
-990
-990
-995
-990
-990
-995
-995
-988
-995
-995
-988
-990
-973
-973
-973
-973
-973
-987
-973
-987
-973
-973
-987
-987
-973
-973
-973
-995
-987
-987
-987
-987
-987
-987
-987
-987
-973
-973
-973
-973
-973
-988
-995
-973
-973
-973
-988
-995
-973
-973
-973
-973
-973
-973
-988
-973
-973
-973
-973
-973
-996
-995
-973
-991
-990
-973
-996
-973
-972
-995
-988
-973
-971
-959
-995
-995
-995
-995
-995
-995
-995
-995
-995
-995
-995
-995
-995
-995
-995
-995
-995
-995
-995
-995
-995
-995
-995
-995
-995
-995
-959
-973
-959
-995
-995
-995
-995
-995
-995
-973
-959
-959
-995
-995
-995
-995
-973
-991
-995
-995
-995
-995
-995
-971
-991
-995
-995
-995
-995
-995
-995
-995
-995
-995
-995
-995
-995
-995
-995
-995
-995
-995
-995
-995
-995
-995
-995
-995
-995
-995
-995
-995
-995
-995
-995
-995
-995
-995
-995
-995
-995
-995
-995
-995
-995
-995
-995
-995
-995
-995
-995
-995
-995
-995
-995
-995
-995
-995
-995
-995
-995
-995
-990
-995
-995
-995
-995
-995
-995
-995
-995
-995
-990
-991
-995
-995
-995
-995
-995
-995
-995
-995
-995
-995
-995
-995
-995
-995
-995
-995
-995
-995
-995
-995
-995
-995
-995
-995
-995
-995
-995
-995
-995
-995
-995
-995
-995
-995
-995
-995
-995
-995
-995
-995
-995
-995
-995
-995
-995
-995
-995
-995
-995
-995
-995
-995
-995
-995
-995
-995
