agent: texplore
env: asterix
Environment is episodic.
set statesPerDim to 0 for all dim
feature 0 has range 30
feature 1 has range 30
feature 2 has range 30
reward range: 1001
Parallel ETUCT tracking real state values
Planner using history size: 0
Start model learning thread
start parallel uct planning search thread
Created MultClass 0 with nModels: 5
Created C4.5 decision tree 0 with == and > splits
Created C4.5 decision tree 6 with == and > splits
Created C4.5 decision tree 12 with == and > splits
Created C4.5 decision tree 18 with == and > splits
Created C4.5 decision tree 24 with == and > splits
Created MultClass 3 with nModels: 5
Created C4.5 decision tree 3 with == and > splits
Created C4.5 decision tree 9 with == and > splits
Created C4.5 decision tree 15 with == and > splits
Created C4.5 decision tree 21 with == and > splits
Created C4.5 decision tree 27 with == and > splits
Created MultClass 4 with nModels: 5
Created C4.5 decision tree 4 with == and > splits
Created C4.5 decision tree 10 with == and > splits
Created C4.5 decision tree 16 with == and > splits
Created C4.5 decision tree 22 with == and > splits
Created C4.5 decision tree 28 with == and > splits
Created MultClass 1 with nModels: 5
Created C4.5 decision tree 1 with == and > splits
Created C4.5 decision tree 7 with == and > splits
Created C4.5 decision tree 13 with == and > splits
Created C4.5 decision tree 19 with == and > splits
Created C4.5 decision tree 25 with == and > splits
Created MultClass 2 with nModels: 5
Created C4.5 decision tree 2 with == and > splits
Created C4.5 decision tree 8 with == and > splits
Created C4.5 decision tree 14 with == and > splits
Created C4.5 decision tree 20 with == and > splits
Created C4.5 decision tree 26 with == and > splits
-995
-995
-981
-995
-992
-996
-994
-995
-994
-994
-994
-996
-995
-995
-995
-994
-993
-994
-995
-997
-993
-995
-994
-995
-966
-994
-994
-995
-995
-993
-997
-993
-994
-995
-994
-993
-994
-994
-980
-994
-981
-995
-992
-982
-967
-995
-995
-994
-994
-981
-995
-994
-994
-994
-994
-994
-982
-995
-994
-992
-995
-992
-995
-994
-994
-994
-994
-994
-994
-994
-992
-995
-973
-995
-992
-995
-985
-996
-994
-994
-994
-995
-995
-994
-994
-973
-994
-995
-995
-994
-994
-994
-994
-994
-994
-994
-994
-994
-994
-994
-994
-994
-994
-994
-994
-994
-994
-994
-994
-994
-994
-994
-994
-994
-994
-994
-995
-994
-994
-994
-994
-994
-994
-995
-995
-996
-994
-994
-994
-984
-996
-987
-996
-995
-996
-994
-984
-987
-995
-984
-996
-995
-995
-995
-995
-995
-995
-972
-995
-995
-995
-995
-995
-995
-995
-995
-995
-995
-995
-995
-982
-972
-985
-995
-994
-985
-994
-995
-995
-970
-973
-959
-982
-961
-983
-982
-972
-983
-984
-971
-994
-981
-982
-996
-995
-995
-995
-996
-995
-995
-995
-995
-995
-995
-995
-981
-995
-995
-996
-995
-995
-995
-995
-995
-995
-995
-995
-995
-995
-995
-990
-994
-994
-994
-994
-994
-995
-996
-996
-996
-996
-996
-996
-996
-956
-981
-994
-983
-994
-994
-994
-995
-995
-994
-982
-980
-990
-990
-982
-968
-969
-984
-983
-984
-967
-962
-962
-962
-962
-974
-946
-991
-994
-995
-996
-995
-984
-995
-996
-992
-995
-995
-996
-995
-996
-996
-996
-997
-991
-995
-995
-996
-996
-996
-996
-995
-996
-995
-995
-997
-996
-995
-996
-996
-996
-995
-996
-995
-996
-995
-996
-995
-996
-995
-996
-995
-996
-995
-996
-995
-996
-995
-996
-995
-996
-995
-996
-995
-996
-995
-996
-995
-996
-995
-996
-995
-996
-995
-996
-995
-995
-996
-995
-995
-996
-994
-995
-995
-996
-995
-996
-996
-995
-996
-975
-995
-977
-983
-977
-991
-996
-991
-990
-983
-977
-991
-977
-991
-996
-991
-983
-959
-995
-995
-996
-975
-991
-996
-991
-996
-991
-991
-991
-997
-991
-959
-991
-995
-996
-996
-983
-994
-994
-971
-996
-983
-980
-996
-975
-995
-983
-996
-975
-959
-995
-996
-945
-996
-945
-996
-995
-996
-995
-996
-994
-982
-996
-973
-996
-984
-996
-984
-994
-996
-994
-996
-983
-973
-975
-994
-994
-995
-976
-977
-982
-976
-983
-984
-984
-984
-958
-947
-972
-994
-971
-972
-930
-996
-983
-983
-971
-972
-982
-983
-994
-995
-983
-996
-996
-984
-996
-983
-983
-983
-996
-994
-990
-990
-992
-988
-987
-995
-995
-988
-959
-983
-984
-995
-990
-996
-995
-989
-996
-995
-988
-988
-988
-990
-988
-988
-990
-990
-990
-990
-988
-994
-990
-990
-995
-990
-990
-990
-988
-995
-994
-988
-994
-994
-990
-994
-988
-994
-995
-990
-990
-988
-988
-995
-988
-996
-988
-994
-988
-988
-991
-991
-988
-995
-992
-988
-994
-988
-994
-994
-994
-994
-990
-990
-991
-987
-994
-988
-995
-988
-994
-988
-988
-994
-988
-988
-994
-994
-994
-994
-988
-988
-988
-994
-994
-994
-994
-994
-994
-994
-994
-994
-988
-994
-988
-995
-990
-988
-994
-993
-988
-994
-988
-994
-990
-994
-995
-995
-994
-975
-994
-988
-988
-994
-988
-987
-994
-988
-988
-988
-994
-994
-988
-987
-994
-987
-995
-994
-994
-987
-994
-987
-995
-994
-994
-994
-994
-994
-994
-994
-994
-994
-994
-994
-994
-994
-994
-994
-994
-994
-994
-994
-994
-994
-994
-994
-994
-988
-988
-987
-996
-996
-995
-994
-995
-994
-994
-988
-988
-994
-996
-988
-987
-987
-987
-994
-994
-959
-959
-994
-987
-994
-987
-994
-987
-994
-994
-987
-995
-987
-987
-987
-987
-987
-987
-987
-987
-994
-987
-994
-987
-994
-987
-994
-987
-994
-987
-987
-994
-987
-994
-987
-994
-987
-994
-987
-994
-987
-994
-987
-994
-987
-994
-987
-994
-987
-996
-994
-987
-994
-987
-996
-994
-995
-987
-995
-994
-987
-987
-994
-987
-995
-996
-995
-987
-987
-987
-987
-987
-987
-987
-987
-987
-987
-994
-987
-987
-987
-994
-987
-994
-987
-994
-987
-987
-987
-987
-995
-994
-987
-994
-994
-994
-994
-994
-987
-994
-987
-994
-987
-994
-987
-994
-987
-994
-987
-994
-987
-994
-987
-994
-987
-994
-987
-994
-987
-994
-987
-994
-987
-994
-987
-994
-987
-994
-987
-994
-987
-994
-987
-994
-987
-994
-994
-987
-996
-993
-987
-996
-995
-987
-995
-994
-987
-987
-994
-987
-993
-987
-994
-994
-992
-993
-987
-994
-987
-994
-993
-993
-993
-993
-993
-987
-995
-988
-987
-994
-992
-989
-993
-993
-993
-987
-987
-993
-987
-993
-993
-987
-993
-993
-993
-993
-993
-993
-993
-994
-994
-993
-994
-994
-994
-993
-993
-994
-994
-994
-993
-993
-993
-987
-994
-993
-993
-987
-994
-993
-987
-987
-987
-987
-993
-993
-993
-993
-993
-993
-993
-993
-993
-994
-993
-994
-995
-984
-993
-987
-987
-987
-994
-987
-987
-987
-987
-987
-987
-987
-994
-988
-989
-987
-987
-994
-987
-987
-987
-987
-987
-987
-987
-987
-987
-987
-987
-987
-987
-987
-987
-987
-987
-987
-987
-987
-987
-987
-987
-987
-987
-987
-987
-987
-994
-995
-995
-994
-994
-987
-987
-987
-987
-994
-994
-987
-987
-987
-987
-987
-987
-987
-987
-987
-987
-987
-987
-987
-995
-987
-987
-994
-994
-994
-994
-995
-995
-987
-994
-987
-987
-994
-994
-994
-995
-994
-994
-992
-987
-987
-973
-987
-994
-987
-987
-994
-987
-987
-987
-987
-994
-987
-987
-994
-987
-988
-987
-994
-994
-994
-994
-994
-987
-987
-987
-987
-987
-987
-987
-994
-987
-994
-987
-994
-987
-994
-987
-994
-987
-994
-987
-995
-987
-994
-987
-994
-995
-994
-994
